index,0,1,2
26457,0.07322562067269668,0.12962312550314462,0.7971512538241589
26458,0.25216492231776966,0.19007322190430678,0.5577618557779236
26459,0.043858982865069444,0.04948835628987377,0.9066526608450568
26460,0.10353971021163039,0.11336099274463703,0.7830992970437326
26461,0.08357008188751719,0.2364417291464386,0.6799881889660443
26462,0.053629306066468437,0.10229069976151979,0.8440799941720117
26463,0.308367830676833,0.6735059520763697,0.01812621724679751
26464,0.08170009314845225,0.13921734819030498,0.7790825586612428
26465,0.023047728912035107,0.053335271557518556,0.9236169995304463
26466,0.03248889477600316,0.45009594985702966,0.5174151553669669
26467,0.2113936265207854,0.13701306711200553,0.6515933063672091
26468,0.042850044411893946,0.05934326112343797,0.8978066944646681
26469,0.5917072358013051,0.09300996086646914,0.31528280333222575
26470,0.09756176505681591,0.11797920790819494,0.784459027034989
26471,0.07159931911428448,0.06624458951873376,0.8621560913669818
26472,0.19331919767315456,0.19161121485367383,0.6150695874731715
26473,0.08291159836385062,0.06704431783329187,0.8500440838028576
26474,0.21002239809574805,0.7736653209602226,0.01631228094402945
26475,0.2909736234318043,0.25041486294022997,0.45861151362796576
26476,0.04521843494884726,0.09710350367541576,0.8576780613757369
26477,0.11796525750419352,0.18269834199604582,0.6993364004997606
26478,0.03314288544058545,0.065002551567562,0.9018545629918524
26479,0.06597864618028734,0.11643279021777887,0.8175885636019338
26480,0.056739042950141455,0.07885107941215601,0.8644098776377026
26481,0.0924641811328961,0.2763306967459422,0.6312051221211616
26482,0.09543043107799142,0.06119825135069231,0.8433713175713163
26483,0.03614960900125626,0.09827843097109973,0.865571960027644
26484,0.13002901749717682,0.06909928922666485,0.8008716932761583
26485,0.043917534013831895,0.047455282731352105,0.9086271832548158
26486,0.08424327950856615,0.1454460014871797,0.7703107190042541
26487,0.059628267864740826,0.06567008360262207,0.8747016485326372
26488,0.28199755910195584,0.6526651756659884,0.06533726523205581
26489,0.04507931635798552,0.20476898774304572,0.7501516958989688
26490,0.09080706084947408,0.19544517512317175,0.7137477640273541
26491,0.036599670670360226,0.07618058627003077,0.8872197430596089
26492,0.0701423090984463,0.19616916321725208,0.7336885276843016
26493,0.2861710071308335,0.7101897039888984,0.0036392888802681805
26494,0.12339247115236375,0.20817207931353546,0.6684354495341008
26495,0.019142113082882155,0.027353810173007354,0.9535040767441104
26496,0.07880696709402553,0.2327223944413672,0.6884706384646072
26497,0.04190091314921579,0.8521781361283217,0.10592095072246253
26498,0.20577771630198868,0.4783489080405403,0.31587337565747103
26499,0.05818030735328939,0.11827772377059122,0.8235419688761194
26500,0.05942489514906051,0.42136195948354227,0.5192131453673973
26501,0.10096399599983828,0.24089343329401305,0.6581425707061486
26502,0.03216261378076315,0.04725838603991647,0.9205790001793203
26503,0.11251109329147878,0.5644490024544758,0.3230399042540453
26504,0.10550392005296404,0.1514501368031539,0.7430459431438821
26505,0.04781902415846189,0.05716457580905381,0.8950164000324842
26506,0.07162764970913078,0.9049584196784973,0.02341393061237201
26507,0.14532985491877903,0.8419193299060144,0.012750815175206721
26508,0.10945176064044643,0.38635588090394557,0.504192358455608
26509,0.12381929952057819,0.13174202602329277,0.7444386744561289
26510,0.0576573598022343,0.223625576791968,0.7187170634057977
26511,0.050475280317312854,0.08149336888941855,0.8680313507932685
26512,0.13595151528385485,0.15557417459730863,0.7084743101188365
26513,0.05512998907650673,0.19003832476576213,0.754831686157731
26514,0.0561796290078842,0.06453576747119388,0.879284603520922
26515,0.39820079700401356,0.05957056134702721,0.5422286416489593
26516,0.0470262729595412,0.308479910344884,0.6444938166955748
26517,0.2654618800102603,0.7221905054836911,0.012347614506048592
26518,0.05193227301251272,0.0913518495668888,0.8567158774205984
26519,0.46450025034791426,0.13283962121611811,0.4026601284359677
26520,0.03743641744175168,0.8466158348146604,0.11594774774358795
26521,0.05630482857365538,0.20531052663087782,0.7383846447954668
26522,0.10549368191063013,0.12963814671306745,0.7648681713763025
26523,0.09315880918194891,0.2482777403452758,0.6585634504727752
26524,0.024490546723909528,0.1162011226988896,0.859308330577201
26525,0.30110800246944935,0.21716028989107375,0.481731707639477
26526,0.06494445475430315,0.08819869221450681,0.84685685303119
26527,0.09758656810735772,0.19273298249056173,0.7096804494020804
26528,0.1629290600182414,0.8174656599675405,0.019605280014218154
26529,0.3614002749549942,0.06020487886274531,0.5783948461822604
26530,0.07376061929156194,0.05884053519190019,0.8673988455165379
26531,0.04661780093152171,0.12520788080495823,0.8281743182635197
26532,0.1450713295489445,0.1100667842274284,0.7448618862236271
26533,0.04764753000295422,0.07603211843368708,0.8763203515633586
26534,0.07077398147527655,0.14896589873742339,0.7802601197873001
26535,0.048228860042545,0.11388383786798788,0.837887302089467
26536,0.08351202586392907,0.28784126385263636,0.6286467102834347
26537,0.0501981858088982,0.04934257365694841,0.9004592405341535
26538,0.0440005868087591,0.4496652080236137,0.5063342051676272
26539,0.034207367534673176,0.11625781881043767,0.849534813654889
26540,0.08926205178720364,0.6639078224770141,0.24683012573578234
26541,0.08808515998051132,0.12569536895273045,0.7862194710667582
26542,0.056934810803861646,0.19178160411014422,0.7512835850859941
26543,0.047763624004748435,0.07472510111279598,0.8775112748824556
26544,0.10481156380373315,0.15245472812688562,0.7427337080693813
26545,0.11858896556151276,0.241364373934058,0.6400466605044292
26546,0.06086631643258413,0.11918541039272844,0.8199482731746874
26547,0.041869711402981784,0.06000806342179865,0.8981222251752196
26548,0.04590824947422507,0.036023540175685285,0.9180682103500896
26549,0.14658395861948062,0.8454408537617981,0.007975187618721237
26550,0.07754621492787779,0.2178622558882569,0.7045915291838654
26551,0.05224964342636159,0.2175425324732587,0.7302078241003797
26552,0.03836099212823122,0.2519639852988374,0.7096750225729314
26553,0.031479630911056856,0.0726722960478028,0.8958480730411403
26554,0.11252035763692077,0.393552673470811,0.4939269688922682
26555,0.05691230728935965,0.08130827679512248,0.8617794159155178
26556,0.06487913323919821,0.15210522302189136,0.7830156437389105
26557,0.0472517982320419,0.09535347634321249,0.8573947254247455
26558,0.3984724104944966,0.12504132064850115,0.4764862688570022
26559,0.26901180492082627,0.1695499239760939,0.5614382711030799
26560,0.07108736277133156,0.2503559764678632,0.6785566607608052
26561,0.03776949209883708,0.1877891031362068,0.774441404764956
26562,0.05931671023595956,0.06297954118106076,0.8777037485829796
26563,0.04861067431613884,0.13137271098447553,0.8200166146993855
26564,0.038866204356141895,0.1332174533526781,0.8279163422911799
26565,0.09935706152630426,0.38436852305734015,0.5162744154163555
26566,0.185246128760265,0.1271429395174554,0.6876109317222796
26567,0.05130448625474471,0.1782991414064562,0.7703963723387991
26568,0.41998512807458566,0.5494710341948911,0.030543837730523198
26569,0.042685610810450476,0.08227594998842516,0.8750384392011243
26570,0.09649254188108979,0.31203806261609396,0.5914693955028163
26571,0.034616152503308247,0.07791641191878439,0.8874674355779074
26572,0.049469698978638045,0.18533162237283596,0.765198678648526
26573,0.05514250559021714,0.22045012350496962,0.7244073709048133
26574,0.14506385094793914,0.09862110304017702,0.7563150460118839
26575,0.05882293879521799,0.1133061069341893,0.8278709542705928
26576,0.15492202582162956,0.08143416065673209,0.7636438135216382
26577,0.08261086796709359,0.10799586529605898,0.8093932667368474
26578,0.18428764408622098,0.25621504868224104,0.559497307231538
26579,0.13345349537841897,0.8585338742244062,0.008012630397174753
26580,0.0704433277101029,0.09769364492159684,0.8318630273683003
26581,0.07080876098338833,0.15470629368087316,0.7744849453357384
26582,0.012043482082238315,0.03146586138979526,0.9564906565279664
26583,0.06114748726447183,0.09087454488070161,0.8479779678548266
26584,0.1004738758532161,0.1521559577192033,0.7473701664275806
26585,0.12960608210734265,0.4014021497900082,0.4689917681026492
26586,0.33456544074506406,0.378872144066914,0.286562415188022
26587,0.2143655095933281,0.30811365219223935,0.4775208382144325
26588,0.07529859633385107,0.21803061283363293,0.7066707908325162
26589,0.11817585360028582,0.11131958349255004,0.7705045629071642
26590,0.060665039004454274,0.595921199717707,0.34341376127783896
26591,0.2838144235786188,0.6970567968742588,0.019128779547122405
26592,0.4411368761746454,0.059961115646572194,0.49890200817878244
26593,0.07414314376008468,0.17344695279794378,0.7524099034419715
26594,0.1642030187297732,0.07400294227433374,0.7617940389958932
26595,0.028557148040887183,0.06284083244261188,0.908602019516501
26596,0.07250405216686805,0.12931826052192189,0.7981776873112101
26597,0.22776926816426235,0.38638580906545267,0.3858449227702849
26598,0.12111137349897506,0.21198380992859825,0.6669048165724267
26599,0.03485949110409357,0.05474595871663043,0.9103945501792761
26600,0.05271915527941359,0.09027818952278656,0.8570026551977997
26601,0.0867630733028575,0.1860268082890784,0.7272101184080642
26602,0.09727835183648896,0.15507341602657768,0.7476482321369335
26603,0.07168428306932001,0.09003654115109144,0.8382791757795887
26604,0.06127326122265569,0.08541261684074829,0.8533141219365961
26605,0.09228222845046115,0.19069310712798263,0.7170246644215563
26606,0.1730950693877085,0.36931693565090673,0.45758799496138475
26607,0.08264000517464816,0.887243296926805,0.030116697898546606
26608,0.019562055397906068,0.11301306322381412,0.8674248813782799
26609,0.06205420094309272,0.09762044677244824,0.8403253522844593
26610,0.35903320528649346,0.5833424922108629,0.05762430250264378
26611,0.10266124901625791,0.2007414797948517,0.6965972711888903
26612,0.07971272035628582,0.29820046465677974,0.6220868149869344
26613,0.11621744441170422,0.1419283126468517,0.7418542429414442
26614,0.059658592284817284,0.07150790864658348,0.8688334990685992
26615,0.07537267932185526,0.11205756026375967,0.8125697604143851
26616,0.048319611734310104,0.08259650542980845,0.8690838828358814
26617,0.12840772762270336,0.14049463425074837,0.7310976381265483
26618,0.120318592936202,0.21779037872623527,0.6618910283375626
26619,0.14033167069982042,0.1530228998978101,0.7066454294023695
26620,0.47393301830899964,0.5037187650178822,0.02234821667311825
26621,0.03426219712401656,0.06245405090846662,0.9032837519675169
26622,0.14952328045982674,0.5034064941162645,0.3470702254239089
26623,0.044804146029166825,0.5214210278775404,0.4337748260932927
26624,0.08625723044777785,0.17895818002348665,0.7347845895287355
26625,0.30482209373093005,0.2016813268111085,0.4934965794579614
26626,0.19551703363264528,0.09214915701072178,0.7123338093566329
26627,0.05462444520033496,0.08944287086621112,0.8559326839334539
26628,0.04157774019776562,0.14221344741806025,0.8162088123841741
26629,0.031743446253750765,0.03688295604731881,0.9313735976989302
26630,0.06780964528545787,0.14155836736523,0.7906319873493121
26631,0.04046874167112631,0.048156424885759275,0.9113748334431144
26632,0.2633062787224723,0.10832788797694953,0.628365833300578
26633,0.038442151160026757,0.1926075791440882,0.7689502696958851
26634,0.06472864942959455,0.058870813855009474,0.876400536715396
26635,0.07516871865994372,0.2903749161756183,0.6344563651644379
26636,0.03965797018125825,0.19876478622627317,0.7615772435924685
26637,0.01383203606687943,0.03950847486350261,0.9466594890696179
26638,0.05463383547612217,0.6827079088805604,0.26265825564331724
26639,0.31377594319503316,0.27263136928055076,0.413592687524416
26640,0.053078534502072255,0.11003632769375775,0.8368851378041698
26641,0.14511845362549028,0.6336925409363131,0.2211890054381966
26642,0.028949578391052288,0.06872588162594806,0.9023245399829997
26643,0.056358196337026316,0.08532904627053406,0.8583127573924396
26644,0.027150955004670282,0.08799792330661155,0.8848511216887182
26645,0.07304334333527676,0.11246309986322707,0.8144935568014962
26646,0.4911936902749785,0.18019837785444925,0.3286079318705722
26647,0.07543235132582739,0.11437929597913683,0.8101883526950359
26648,0.09331588495758318,0.5371399141346129,0.3695442009078039
26649,0.04586214022297965,0.12473351786871316,0.8294043419083071
26650,0.5966854757606624,0.3146946943812603,0.08861982985807727
26651,0.2702848029967176,0.6540687656363883,0.07564643136689421
26652,0.23469505567037716,0.14084063457227622,0.6244643097573467
26653,0.26048008365925496,0.11476731360169233,0.6247526027390528
26654,0.09599406529130798,0.43431763525378536,0.4696882994549067
26655,0.06707054998952168,0.23710242680764246,0.695827023202836
26656,0.08300482670607663,0.15881043394004737,0.7581847393538759
26657,0.08316342922727328,0.2752833060258081,0.6415532647469187
26658,0.05906516373526111,0.2508141326204088,0.6901207036443302
26659,0.13336072213182978,0.43863929710823274,0.42799998075993734
26660,0.06202621028773372,0.1344038747984069,0.8035699149138593
26661,0.13855087332924254,0.09149608502009356,0.7699530416506639
26662,0.029701180322443923,0.18470519819641038,0.7855936214811456
26663,0.09761972819588459,0.10978481968883232,0.792595452115283
26664,0.07386167665232224,0.15734151005651992,0.7687968132911577
26665,0.17305531475176453,0.21147267887451246,0.6154720063737229
26666,0.06995525571430915,0.7192122828988818,0.21083246138680897
26667,0.042551652555312174,0.04840851907547694,0.9090398283692109
26668,0.10596037662833573,0.559403190373185,0.3346364329984793
26669,0.11737615491287169,0.35756839955073594,0.5250554455363924
26670,0.41708213717335507,0.2460861105924239,0.33683175223422085
26671,0.15456418627485183,0.10093086207243035,0.7445049516527177
26672,0.05584728009992109,0.05488633536274895,0.88926638453733
26673,0.15927960079352924,0.18279640897037508,0.6579239902360958
26674,0.4192748120496484,0.11027638397359633,0.47044880397675537
26675,0.04489544521608982,0.08438672070257723,0.8707178340813329
26676,0.05210569232992562,0.10822135825452395,0.8396729494155505
26677,0.018690829760271425,0.05703676695888233,0.9242724032808464
26678,0.08014035376056743,0.2215428414378364,0.6983168048015961
26679,0.15378607145014586,0.125136083933691,0.7210778446161631
26680,0.020481348980379777,0.03834833902846536,0.9411703119911549
26681,0.02837816275524548,0.05076005029909275,0.9208617869456619
26682,0.1320391304904106,0.2450984826928622,0.6228623868167272
26683,0.0747318500151697,0.475625829494724,0.4496423204901064
26684,0.06096479964454457,0.12876962082881763,0.8102655795266379
26685,0.20933254443280458,0.12296438837848551,0.66770306718871
26686,0.03792878755115626,0.16099642509005851,0.8010747873587851
26687,0.11057498483531758,0.09206650620611782,0.7973585089585646
26688,0.2718759317537578,0.5518541210520591,0.17626994719418307
26689,0.05214415152848243,0.09083668164944518,0.8570191668220725
26690,0.037937833001162095,0.10530502611851579,0.8567571408803222
26691,0.051825034180161704,0.07004516621023574,0.8781297996096026
26692,0.024913174122359955,0.3014017459597346,0.6736850799179055
26693,0.21972568227968828,0.10894243894315302,0.6713318787771586
26694,0.6059272502047247,0.36465774284256197,0.02941500695271335
26695,0.05850191245481215,0.09038882429205936,0.8511092632531286
26696,0.08021529256321194,0.07895387656416929,0.840830830872619
26697,0.03111102378893391,0.048449749131156246,0.9204392270799099
26698,0.05910311261851137,0.07009041219449287,0.8708064751869958
26699,0.1020321600004218,0.32290844592365137,0.5750593940759268
26700,0.06897935521006207,0.4058346459343854,0.5251859988555526
26701,0.116031199935643,0.4188155899998745,0.46515321006448257
26702,0.08095981615306526,0.3888529637417589,0.5301872201051758
26703,0.060555915306438036,0.12674706068842403,0.8126970240051379
26704,0.04955942963893878,0.07256973315717669,0.8778708372038845
26705,0.041832060165620126,0.053597942164591246,0.9045699976697886
26706,0.06293208972154386,0.10230263712412573,0.8347652731543304
26707,0.4363603072030558,0.0884827715987714,0.4751569211981728
26708,0.13426888039074814,0.19469408375324523,0.6710370358560067
26709,0.032503391047478035,0.03770466309105309,0.929791945861469
26710,0.10429987725703138,0.14537919622307643,0.7503209265198922
26711,0.28544338660350554,0.10351752771071698,0.6110390856857774
26712,0.07612843982981544,0.1190483006345018,0.8048232595356829
26713,0.10024155616069545,0.6017020712197536,0.2980563726195509
26714,0.048851700989004376,0.11151712470141033,0.8396311743095852
26715,0.057996107677742235,0.287007979693744,0.6549959126285138
26716,0.12987233529550182,0.6336894236766965,0.23643824102780175
26717,0.05210469839101062,0.260196711397149,0.6876985902118404
26718,0.12122754972021078,0.21676484195774604,0.6620076083220431
26719,0.07924250981504681,0.22679291366627055,0.6939645765186825
26720,0.05773751904058855,0.14057165011268055,0.8016908308467311
26721,0.07593931007846134,0.3397863971554573,0.5842742927660814
26722,0.14222885205994776,0.11758835062975442,0.7401827973102978
26723,0.06576886591409127,0.10526712874152437,0.8289640053443844
26724,0.08368298499298128,0.5104479926237105,0.4058690223833083
26725,0.017534247981669693,0.16058306616070303,0.8218826858576272
26726,0.12424894735342427,0.4881975606165903,0.3875534920299853
26727,0.027151708457328578,0.04319624064276222,0.9296520508999092
26728,0.06346912621286943,0.06480403502307615,0.8717268387640545
26729,0.12348589452024984,0.24080386735733603,0.6357102381224141
26730,0.1564239566106622,0.455819062609308,0.38775698078002985
26731,0.07818826585120575,0.1258145968165605,0.7959971373322338
26732,0.25900026904491585,0.7206883472883031,0.02031138366678097
26733,0.05310571680228901,0.06485357511501123,0.8820407080826996
26734,0.04896706519331328,0.15711570429921,0.7939172305074766
26735,0.08624612945851479,0.1536593400223079,0.7600945305191771
26736,0.0944963305618138,0.13369290939026945,0.7718107600479168
26737,0.07996642635554009,0.23622662016380677,0.6838069534806532
26738,0.04640556533310142,0.0904625658701338,0.8631318687967648
26739,0.507057719977897,0.08201654770525622,0.41092573231684676
26740,0.04503255462062052,0.06896738969565532,0.8860000556837241
26741,0.1583190751005332,0.8034756280400006,0.03820529685946627
26742,0.03565750500143801,0.16304830893757535,0.8012941860609867
26743,0.13279143814205155,0.18496791095331264,0.6822406509046358
26744,0.13884397356559983,0.34725843364699566,0.5138975927874047
26745,0.050055116224088675,0.09532224708363644,0.8546226366922749
26746,0.2162628901221474,0.20093899716530036,0.5827981127125522
26747,0.038441584582218344,0.23754068635592543,0.7240177290618562
26748,0.17183714214779222,0.4850263481945902,0.3431365096576176
26749,0.11194501135381603,0.21307176673608866,0.6749832219100953
26750,0.06442288925940608,0.09933067009816586,0.836246440642428
26751,0.038163136609933056,0.11411726947627499,0.8477195939137919
26752,0.06285033618977467,0.5931464318454583,0.34400323196476706
26753,0.08161254126230925,0.08806653196010823,0.8303209267775825
26754,0.07293301059047029,0.04218460179588391,0.8848823876136458
26755,0.033934327467520696,0.07410436284901194,0.8919613096834674
26756,0.08466671651618816,0.07260333764062753,0.8427299458431844
26757,0.14481023299272866,0.12737388155097618,0.7278158854562954
26758,0.0725577916261695,0.2500486065973116,0.6773936017765188
26759,0.07682900178787672,0.28859875787017014,0.634572240341953
26760,0.15614059667846023,0.32418393725862465,0.5196754660629151
26761,0.058037312647578755,0.11486999606999199,0.8270926912824293
26762,0.08009452975020946,0.11032576727451504,0.8095797029752755
26763,0.03610220366454823,0.09116269381604324,0.8727351025194084
26764,0.08522293778447017,0.1685854797566876,0.7461915824588421
26765,0.11816107717813074,0.11257030513310422,0.769268617688765
26766,0.07535052997116017,0.36796294251549555,0.5566865275133442
26767,0.09853082687063698,0.23651922382337395,0.664949949305989
26768,0.032899716208340875,0.9556562476428468,0.011444036148812417
26769,0.14358406615674296,0.29343916012784055,0.5629767737154165
26770,0.0673338628736106,0.2830946985804776,0.6495714385459118
26771,0.12015524070845907,0.8300986355100993,0.04974612378144166
26772,0.6936462205651127,0.061969294772028866,0.24438448466285845
26773,0.07674812111716509,0.06257599172216491,0.8606758871606699
26774,0.06217945993945926,0.1424210429532982,0.7953994971072427
26775,0.051076048670028955,0.25120850163449465,0.6977154496954764
26776,0.06695782116459426,0.1264362619880792,0.8066059168473266
26777,0.041744629062213275,0.06818002296524067,0.890075347972546
26778,0.054542862528043974,0.08219171517471581,0.8632654222972403
26779,0.0404429107080456,0.08664109076550891,0.8729159985264455
26780,0.04506680107972374,0.0964470429677724,0.8584861559525038
26781,0.06582375935576727,0.11437309745618862,0.8198031431880443
26782,0.038207703805011005,0.05951685227841102,0.902275443916578
26783,0.1866410077464111,0.27103445278155247,0.5423245394720365
26784,0.11460206129037566,0.5924970317509147,0.2929009069587096
26785,0.06462825449060343,0.1515273145103683,0.7838444309990283
26786,0.5814409942733949,0.07308433515331025,0.3454746705732949
26787,0.023184648416038383,0.028642172879476954,0.9481731787044846
26788,0.14447558776810726,0.19950219789814394,0.6560222143337487
26789,0.20244042024629239,0.3015493817823251,0.4960101979713825
26790,0.03766244696986327,0.09550067063509565,0.8668368823950411
26791,0.05051436835203107,0.0656511565106865,0.8838344751372823
26792,0.12011473253374745,0.10907265446936691,0.7708126129968856
26793,0.05403745748753025,0.15520105961707192,0.7907614828953978
26794,0.04399809247756609,0.12370944845789937,0.8322924590645345
26795,0.0845621139711133,0.2559448166953594,0.6594930693335274
26796,0.043782950139192194,0.9535310729554833,0.002685976905324461
26797,0.05794269467109406,0.41724960241538406,0.524807702913522
26798,0.38762411553132375,0.13764148344114668,0.4747344010275296
26799,0.13348643553884892,0.16411158018593372,0.7024019842752174
26800,0.026817957754382445,0.9627205104915038,0.010461531754113683
26801,0.1148855948915292,0.49528454505684644,0.3898298600516243
26802,0.13001281239766274,0.10940953550873563,0.7605776520936017
26803,0.06126015564058082,0.13115558458090543,0.8075842597785138
26804,0.05421155125426893,0.13717397212317864,0.8086144766225524
26805,0.02584290501990838,0.06613383906088834,0.9080232559192032
26806,0.06543734437327071,0.13459386197776066,0.7999687936489686
26807,0.0733173206367602,0.10876305673971225,0.8179196226235276
26808,0.061216026758433205,0.18744474252062515,0.7513392307209417
26809,0.08148526028461678,0.18218356798179725,0.736331171733586
26810,0.033288415617143165,0.21975651768177998,0.7469550667010768
26811,0.026983387592776662,0.043698885077279065,0.9293177273299441
26812,0.09233849584691217,0.10099632428885691,0.8066651798642308
26813,0.074911470865063,0.48609496733675267,0.43899356179818433
26814,0.10759586775682473,0.14424736863948495,0.7481567636036903
26815,0.08430477827760458,0.13309453381262995,0.7826006879097654
26816,0.06945800299734538,0.3426455803621346,0.5878964166405201
26817,0.07794369915105816,0.038734302772351695,0.8833219980765903
26818,0.12370372367974136,0.07718658771120462,0.7991096886090542
26819,0.10114432156532216,0.22696142631001384,0.6718942521246639
26820,0.10933479172534995,0.8798786864277476,0.010786521846902616
26821,0.05332855532855397,0.9407172225461484,0.005954222125297728
26822,0.11492725391272228,0.26289536462595686,0.622177381461321
26823,0.02207254318690434,0.054347711065858645,0.923579745747237
26824,0.08551948561791013,0.05703677888202286,0.8574437355000669
26825,0.030673336371036197,0.07442828938261566,0.8948983742463481
26826,0.05550161029931871,0.07190337552867956,0.8725950141720017
26827,0.07526403604345731,0.10417614508251215,0.8205598188740305
26828,0.03517328070219426,0.09052636075620098,0.8743003585416046
26829,0.03746220654938589,0.14591876825757347,0.8166190251930407
26830,0.04022806203596347,0.07989599964252213,0.8798759383215145
26831,0.03708492356792551,0.08215269556671369,0.8807623808653608
26832,0.02206322097489137,0.03129560674063358,0.9466411722844751
26833,0.06720193650206926,0.09613760471572602,0.8366604587822049
26834,0.04709799036597307,0.11056770921866248,0.8423343004153646
26835,0.645206149274839,0.09705595054443579,0.25773790018072534
26836,0.16205271846081815,0.47740382905555695,0.3605434524836249
26837,0.0801253594367051,0.032273123016554196,0.8876015175467408
26838,0.1313571690652554,0.34766543891220736,0.5209773920225372
26839,0.716462700635882,0.05979278741160713,0.2237445119525109
26840,0.09696378192676645,0.39766678927631155,0.505369428796922
26841,0.027699781423607277,0.049964866953659204,0.9223353516227335
26842,0.03817571844455363,0.13610650435520658,0.8257177772002399
26843,0.13302886795571014,0.09204946679055544,0.7749216652537344
26844,0.18407213880355608,0.478885833520468,0.337042027675976
26845,0.6247072262647635,0.03677298390846254,0.33851978982677394
26846,0.06082039281577798,0.11414261249668935,0.8250369946875326
26847,0.07280040227365414,0.2478652454599817,0.6793343522663643
26848,0.08432884134498043,0.060381631844158144,0.8552895268108615
26849,0.2080559341722238,0.09492718368978036,0.697016882137996
26850,0.07582706625118416,0.3561858103018396,0.5679871234469762
26851,0.1386672741825287,0.18592381244227155,0.6754089133751998
26852,0.13949069162483996,0.6308990590845471,0.22961024929061288
26853,0.0595232371499117,0.06386343000058134,0.8766133328495069
26854,0.05159023758804545,0.9424896169862252,0.0059201454257292495
26855,0.08676995593402813,0.29309304081087073,0.6201370032551011
26856,0.11591498885952146,0.08416917512248534,0.7999158360179931
26857,0.12075541032826265,0.2750900936142597,0.6041544960574776
26858,0.06164840714582407,0.7417441739200075,0.19660741893416833
26859,0.06777131142830681,0.5825606215498457,0.3496680670218475
26860,0.06437523890165527,0.547673966511982,0.3879507945863629
26861,0.15097150832283843,0.21832554696665799,0.6307029447105035
26862,0.08719134990584233,0.32856576896453005,0.5842428811296276
26863,0.03578723187119949,0.09046401603964328,0.8737487520891573
26864,0.039244651575399116,0.3617404920164275,0.5990148564081734
26865,0.08036294627563564,0.0970509991627982,0.8225860545615662
26866,0.02196043409045489,0.09533014321837613,0.8827094226911689
26867,0.036460489299605645,0.050266865157310915,0.9132726455430834
26868,0.03457133767559201,0.11848353247180775,0.8469451298526004
26869,0.019519181676692924,0.019516676715831054,0.9609641416074761
26870,0.029354539335822525,0.8557184809513568,0.11492697971282073
26871,0.0998735261553423,0.09370989851430218,0.8064165753303557
26872,0.065953356688508,0.15432802448667468,0.7797186188248174
26873,0.07532767866138255,0.18247458569634845,0.742197735642269
26874,0.09165912287053735,0.33221140738103216,0.5761294697484306
26875,0.06843296232518344,0.25355553914154205,0.6780114985332745
26876,0.0602045464607962,0.08852399791410659,0.8512714556250972
26877,0.0789647991953177,0.11303587215190554,0.8079993286527767
26878,0.11907855785510561,0.16951561468960974,0.7114058274552847
26879,0.09518708888092708,0.21797433532540703,0.6868385757936659
26880,0.28966833599912484,0.07889096411742254,0.6314406998834526
26881,0.03513161633437733,0.12207173908991237,0.8427966445757104
26882,0.3218040368106975,0.10023391308303285,0.5779620501062698
26883,0.05607152694278098,0.07266032956699549,0.8712681434902234
26884,0.07498387298428065,0.30337786846656334,0.6216382585491559
26885,0.22731300585004643,0.1748386403876391,0.5978483537623145
26886,0.07130023204252875,0.0889334878026309,0.8397662801548402
26887,0.02536856983069286,0.10505221923148478,0.8695792109378223
26888,0.13550534316031904,0.20149112723032125,0.6630035296093597
26889,0.04272467679522842,0.10053116159597458,0.856744161608797
26890,0.04025645630571678,0.14516843437269153,0.8145751093215917
26891,0.06721650243486638,0.4952081838575162,0.4375753137076173
26892,0.10415546877129907,0.21770555513360226,0.6781389760950987
26893,0.05028892620807723,0.06566122927779307,0.8840498445141297
26894,0.06554905495537802,0.07599266284342444,0.8584582822011976
26895,0.13403965984009228,0.3493737542693342,0.5165865858905736
26896,0.0684581768869365,0.20660507257907137,0.7249367505339922
26897,0.07767080161366413,0.19622812066509887,0.726101077721237
26898,0.03986564590180291,0.04889551203884839,0.9112388420593488
26899,0.08652279096397807,0.1469924347439884,0.7664847742920334
26900,0.07008544354361028,0.22723734333293752,0.7026772131234522
26901,0.05032539636454365,0.2373516836592605,0.7123229199761959
26902,0.03297814992773416,0.041436037073021244,0.9255858129992447
26903,0.08144194385402723,0.24513771868948964,0.6734203374564832
26904,0.5418729922304507,0.4445465583277128,0.013580449441836654
26905,0.07297597406411054,0.07792595607814969,0.8490980698577397
26906,0.02000453233411454,0.02961964912499968,0.9503758185408858
26907,0.17005379101103454,0.11177766299556548,0.7181685459933999
26908,0.09157264353774346,0.1405966846221726,0.767830671840084
26909,0.03571050516053948,0.6724851671077121,0.2918043277317484
26910,0.09047928223088862,0.3043084540644052,0.605212263704706
26911,0.08354873816278086,0.1306873918825049,0.7857638699547141
26912,0.036243997805535416,0.07205425471206986,0.8917017474823945
26913,0.244494743344266,0.1395147387170839,0.6159905179386501
26914,0.08786756089355574,0.17316119037203437,0.7389712487344099
26915,0.15457600053821927,0.11067025268540014,0.7347537467763806
26916,0.09980065057777669,0.8933286083420547,0.006870741080168667
26917,0.0423967742885517,0.0965989005158805,0.8610043251955678
26918,0.09376702981317662,0.16712777166314843,0.7391051985236748
26919,0.4244515828676993,0.13296566086618058,0.4425827562661202
26920,0.06954210526778774,0.3196057223554437,0.6108521723767685
26921,0.023007611683854488,0.7441108774619932,0.2328815108541524
26922,0.057488089952671184,0.3982124845572681,0.5442994254900606
26923,0.052973725650355206,0.09453751908934865,0.8524887552602962
26924,0.08334991249109946,0.08474968343985655,0.8319004040690441
26925,0.07463687568448034,0.05420070367131685,0.8711624206442029
26926,0.13462803392908454,0.3334918342126281,0.5318801318582874
26927,0.049374560729328394,0.08118265940207216,0.8694427798685994
26928,0.05559885654283834,0.9352054153065047,0.009195728150656805
26929,0.04404681032961611,0.12011549501175701,0.8358376946586268
26930,0.05341043059348231,0.602037962007752,0.3445516073987656
26931,0.23583660461003672,0.7477496481389205,0.016413747251042915
26932,0.06304164671707317,0.7077316450748118,0.2292267082081151
26933,0.35105479128717954,0.17779930250990864,0.47114590620291197
26934,0.07392493503327514,0.09700816997571866,0.8290668949910062
26935,0.07172493939588769,0.13284990265338917,0.7954251579507231
26936,0.0633025272594601,0.07186563877936837,0.8648318339611717
26937,0.07771372227698724,0.2797518998706859,0.6425343778523269
26938,0.1727127918430468,0.803362814106431,0.023924394050522168
26939,0.5517686296956087,0.43407827556387696,0.014153094740514396
26940,0.06673890192062075,0.10476861637034819,0.828492481709031
26941,0.07545885703772236,0.159368278194078,0.7651728647681996
26942,0.1734365272121433,0.16746631221087696,0.6590971605769798
26943,0.055832705079875394,0.36098947054006053,0.5831778243800642
26944,0.07219563285922494,0.06785343856279953,0.8599509285779754
26945,0.15660624564430953,0.43681404765272736,0.40657970670296306
26946,0.06416681332258022,0.08042899926208956,0.8554041874153303
26947,0.06229657558182483,0.37724270872089627,0.5604607156972788
26948,0.08943340597291739,0.2850688792812402,0.6254977147458424
26949,0.43268354269951126,0.11693240003842792,0.4503840572620608
26950,0.1917132866878234,0.22888682698889817,0.5793998863232783
26951,0.3193578723806912,0.35168614852780195,0.32895597909150687
26952,0.09899407332159486,0.2510854596668458,0.6499204670115595
26953,0.09385523070608648,0.0277315822661032,0.8784131870278102
26954,0.017643175405630235,0.058458145642515454,0.9238986789518543
26955,0.052570953617662,0.4459779400572659,0.5014511063250722
26956,0.1804311930703625,0.2262069384163438,0.5933618685132936
26957,0.5586678961640078,0.13289599595694038,0.30843610787905174
26958,0.2439859126050946,0.1505450631345565,0.605469024260349
26959,0.04345195630831947,0.2060099799962661,0.7505380636954145
26960,0.07475846846877672,0.13933299678526093,0.7859085347459623
26961,0.05286057019730092,0.07380527364987287,0.8733341561528262
26962,0.04196575656006315,0.7240383550373517,0.2339958884025852
26963,0.21972568227968828,0.10894243894315302,0.6713318787771586
26964,0.1470103564051366,0.10358394254091245,0.7494057010539511
26965,0.07997355960944393,0.4784582109891777,0.44156822940137846
26966,0.0684581768869365,0.20660507257907137,0.7249367505339922
26967,0.04788422215823799,0.07907338518344179,0.8730423926583201
26968,0.10153657216009586,0.08631137328616478,0.8121520545537392
26969,0.02774071142735075,0.07948087590340343,0.8927784126692458
26970,0.07530980228031173,0.07893956490943126,0.845750632810257
26971,0.08726616107493285,0.22722605470769597,0.6855077842173712
26972,0.13305454659071253,0.2760881936582459,0.5908572597510416
26973,0.05459098820144337,0.1523852392026225,0.7930237725959342
26974,0.05765692414963262,0.049441556485004264,0.892901519365363
26975,0.05489115718488624,0.06358404669890397,0.8815247961162099
26976,0.1404542926519546,0.8238319988613446,0.035713708486700635
26977,0.08902134844155742,0.24636261339094892,0.6646160381674936
26978,0.03997900358514118,0.14434765543261063,0.8156733409822482
26979,0.052757402657942105,0.3181640459472627,0.6290785513947951
26980,0.04379466967137751,0.06252995784810775,0.8936753724805148
26981,0.1051343593643969,0.22729425248545443,0.6675713881501486
26982,0.04676824354758788,0.10431542162490842,0.8489163348275035
26983,0.0884201486154597,0.21189329050835357,0.6996865608761867
26984,0.06536652500237332,0.11785912586265117,0.8167743491349756
26985,0.13989916915192466,0.22147308896091422,0.6386277418871612
26986,0.05615840374215031,0.05234308790447346,0.8914985083533763
26987,0.1248715362445715,0.39909198843026755,0.47603647532516097
26988,0.1356986624701665,0.4435922214491365,0.4207091160806971
26989,0.061552437803955806,0.2892075029253954,0.6492400592706488
26990,0.06063835028918918,0.10803610879113422,0.8313255409196767
26991,0.0475301529793967,0.10148776420175216,0.8509820828188511
26992,0.0998160693851325,0.332667308969051,0.5675166216458164
26993,0.07594509932588776,0.13573746171201453,0.7883174389620976
26994,0.10709926400772285,0.13943074859750365,0.7534699873947736
26995,0.06991834631403941,0.3169077915928968,0.6131738620930638
26996,0.04092722036121881,0.11364566128770581,0.8454271183510754
26997,0.2561714640435894,0.40393726518570966,0.33989127077070086
26998,0.2944653681325948,0.09082364256056442,0.6147109893068406
26999,0.30150908426272827,0.11180077732985903,0.5866901384074127
27000,0.055995866087844355,0.516643845829103,0.4273602880830527
27001,0.0423319458697535,0.36004755389731785,0.5976205002329287
27002,0.06164194327001388,0.2706052250646877,0.6677528316652985
27003,0.10588787498437163,0.11783130931159536,0.776280815704033
27004,0.05937944368626316,0.11965296339221983,0.8209675929215169
27005,0.06364181780751418,0.40299140611861456,0.5333667760738713
27006,0.07579355134549907,0.10816194776007233,0.8160445008944285
27007,0.07063642976292066,0.7950882834480777,0.13427528678900177
27008,0.06292216469221987,0.1808920169434485,0.7561858183643316
27009,0.04463171937347694,0.2150770915647663,0.7402911890617568
27010,0.03298469241053805,0.0911762957470491,0.8758390118424129
27011,0.15964198809038252,0.529479403164035,0.31087860874558254
27012,0.05845172359427415,0.08791671649580353,0.8536315599099223
27013,0.3024427684611773,0.11820283690858818,0.5793543946302345
27014,0.09158123164044536,0.5051003446129819,0.40331842374657273
27015,0.12212769602950095,0.31162560000646766,0.5662467039640314
27016,0.04121693231877265,0.06677355438995895,0.8920095132912684
27017,0.08105488579495156,0.15287724202739475,0.7660678721776537
27018,0.0659614242228277,0.12709786216927027,0.8069407136079021
27019,0.10484748554096662,0.1483176012182987,0.7468349132407347
27020,0.06405727934221205,0.4218449500329373,0.5140977706248505
27021,0.07162055472454482,0.37528993271034145,0.5530895125651137
27022,0.07008140372786852,0.2469509736848298,0.6829676225873017
27023,0.11479902190897957,0.5171519952438893,0.3680489828471311
27024,0.06258433499417047,0.18100624929230927,0.7564094157135203
27025,0.20300872199340134,0.09651483857119036,0.7004764394354083
27026,0.036694734159413905,0.10295290756530164,0.8603523582752844
27027,0.10347364137967485,0.0535636869791184,0.8429626716412066
27028,0.25767366679777887,0.1165085656450447,0.6258177675571764
27029,0.04813405051662644,0.1001566211124351,0.8517093283709384
27030,0.1553335783127703,0.5043126150344829,0.3403538066527469
27031,0.6459428453924111,0.1526768787598559,0.201380275847733
27032,0.28782592674883817,0.10168905270131608,0.6104850205498458
27033,0.056097648959264196,0.05846006931370851,0.8854422817270272
27034,0.054578699403565335,0.08749916597835,0.8579221346180849
27035,0.6332699646831902,0.09728406488116874,0.26944597043564106
27036,0.04897616473678429,0.040412854068570966,0.9106109811946448
27037,0.17857184154477387,0.1663006387016922,0.6551275197535338
27038,0.06589013302936791,0.06339256252791621,0.8707173044427159
27039,0.2019696029838215,0.13178601252746458,0.6662443844887139
27040,0.07676322514857248,0.09035767180260874,0.8328791030488188
27041,0.021249107800815088,0.022537591766985634,0.9562133004321992
27042,0.27087583201073734,0.710509383615172,0.0186147843740908
27043,0.08580023685582017,0.09434145755952304,0.8198583055846567
27044,0.052799831487195054,0.1251258274350012,0.8220743410778039
27045,0.07997471635801608,0.10906542505916887,0.810959858582815
27046,0.019345478596064027,0.03986486652664988,0.9407896548772859
27047,0.08563912547993809,0.49608143249746134,0.4182794420226006
27048,0.1892651246563021,0.8039071944990671,0.0068276808446308115
27049,0.08510826970160694,0.406150336945212,0.5087413933531809
27050,0.03149512118693183,0.0701942913073229,0.8983105875057452
27051,0.1038833794988299,0.3146045794785229,0.5815120410226472
27052,0.027551188989846636,0.08154054077170221,0.8909082702384513
27053,0.04793546195512999,0.21218005112584926,0.7398844869190208
27054,0.0910680030502533,0.10239176047952829,0.8065402364702184
27055,0.1672499851083935,0.814673406623868,0.018076608267738378
27056,0.2552833278851238,0.7320807897095007,0.012635882405375422
27057,0.03837604927329557,0.20909918831940652,0.7525247624072979
27058,0.15649100100536537,0.1185250775288555,0.7249839214657792
27059,0.05266402234947446,0.07807261861428148,0.869263359036244
27060,0.057854380563743986,0.13289423817028537,0.8092513812659706
27061,0.41518091513566097,0.138592773855802,0.4462263110085371
27062,0.11573025847954362,0.09084414271990311,0.7934255988005532
27063,0.06312911854532306,0.08169350990139215,0.8551773715532849
27064,0.02747233812903413,0.02346825527530393,0.9490594065956618
27065,0.04657500501801177,0.36883559184501896,0.5845894031369693
27066,0.03812677260606064,0.058184878960625665,0.9036883484333136
27067,0.04133399922924595,0.10772865411530952,0.8509373466554447
27068,0.3852126654091372,0.12145967858246264,0.4933276560084002
27069,0.027123601497346776,0.045945759965459125,0.9269306385371943
27070,0.0387645880836518,0.04316195253190049,0.9180734593844478
27071,0.04765272405570841,0.06554187300492552,0.886805402939366
27072,0.08826409124698925,0.33880961203955523,0.5729262967134555
27073,0.10150705848328641,0.17265331672102735,0.7258396247956863
27074,0.0980287025712049,0.3110922507064326,0.5908790467223626
