index,0,1,2
26457,0.0598085392530763,0.12274596136898519,0.8174454993779385
26458,0.26909771598410015,0.2557309163496649,0.4751713676662351
26459,0.042311463247658346,0.06581734981613571,0.8918711869362059
26460,0.06931597156249779,0.09263893845396651,0.8380450899835358
26461,0.04788164826144743,0.18063776191765574,0.771480589820897
26462,0.03985470686616453,0.13093539066051113,0.8292099024733242
26463,0.3213498574826509,0.6582390082579727,0.02041113425937634
26464,0.08398032449130702,0.14164932397876448,0.7743703515299283
26465,0.04706011483389763,0.09344878458613043,0.8594911005799719
26466,0.02829543010198523,0.3861745344197956,0.5855300354782192
26467,0.20192118765065464,0.15260748830571896,0.6454713240436265
26468,0.07750627704699306,0.09405350569109097,0.8284402172619162
26469,0.8649827890182034,0.06588668412699536,0.0691305268548012
26470,0.13727298210364428,0.15835054135976318,0.7043764765365925
26471,0.07169816720362109,0.08097344138679555,0.8473283914095834
26472,0.17433726501474883,0.2022111097086765,0.6234516252765747
26473,0.0884542855801413,0.08360875213100888,0.8279369622888497
26474,0.2057354609945171,0.7747526889086029,0.019511850096880067
26475,0.2997681145055012,0.2517364066854949,0.448495478809004
26476,0.001425520216856376,0.009484289960871554,0.989090189822272
26477,0.15072321368067243,0.16113450724809106,0.6881422790712366
26478,0.002238406568719878,0.005986787327114917,0.9917748061041654
26479,0.06719784117849911,0.1357619317259372,0.7970402270955637
26480,0.08203809912600588,0.08876080531818561,0.8292010955558083
26481,0.040735678976779974,0.28307871796963013,0.67618560305359
26482,0.15097914127997883,0.12545881941573872,0.7235620393042825
26483,0.03324395874162478,0.1469842353155339,0.8197718059428413
26484,0.12484316137645016,0.07704610188383118,0.7981107367397187
26485,0.062391531676055656,0.0638418510127378,0.8737666173112064
26486,0.08937775426504133,0.15100358249766696,0.7596186632372917
26487,0.039019817803234144,0.08585787430619167,0.8751223078905742
26488,0.1566779822738927,0.8081046021808349,0.035217415545272454
26489,0.05329971206878735,0.1710303480611045,0.775669939870108
26490,0.08710114474141298,0.19387536014674617,0.7190234951118408
26491,0.052101751249360354,0.08535462884665168,0.8625436199039882
26492,0.09393288438184907,0.1879077154105629,0.718159400207588
26493,0.28423169984606733,0.712353080728806,0.0034152194251266697
26494,0.11841373572461884,0.2278986269585332,0.653687637316848
26495,0.04242207967370422,0.07387587405036948,0.8837020462759263
26496,0.09059467468294227,0.19857517488974427,0.7108301504273132
26497,0.045394364151798774,0.8560713230505685,0.09853431279763256
26498,0.1571683282262631,0.4700811927952323,0.37275047897850466
26499,0.0686569709889266,0.12863640232254886,0.8027066266885244
26500,0.07220555223062045,0.40297026650146917,0.5248241812679104
26501,0.09354855678223259,0.25623009382461753,0.6502213493931499
26502,0.015162481976114469,0.04386383763766809,0.9409736803862174
26503,0.15109991292694108,0.6142613138351483,0.23463877323791058
26504,0.025965853673189314,0.0838095375206548,0.8902246088061558
26505,0.052771344652274635,0.0520798469881682,0.8951488083595571
26506,0.07827849499487896,0.8930065516816924,0.02871495332342861
26507,0.1665960100558543,0.822082578043213,0.011321411900932676
26508,0.12822384466934061,0.2899929931140333,0.5817831622166263
26509,0.10314739423809265,0.1419186948569084,0.7549339109049991
26510,0.0704436455534028,0.18893220539003175,0.7406241490565654
26511,0.033580254881324816,0.061365043572986354,0.9050547015456889
26512,0.9065439017142243,0.048844145136530986,0.04461195314924486
26513,0.06259522866277688,0.18304293068951732,0.7543618406477057
26514,0.04371644586369696,0.0683870782003083,0.8878964759359945
26515,0.4176441756565118,0.05084976962192976,0.5315060547215584
26516,0.060411797054579316,0.25048666635558303,0.6891015365898376
26517,0.25950909759562907,0.7203293066638683,0.020161595740502677
26518,0.0682278027298099,0.09218531490356259,0.8395868823666275
26519,0.4183501294609678,0.13395935168627165,0.44769051885276073
26520,0.028415222963107563,0.8311321923254844,0.140452584711408
26521,0.08106663694382961,0.19431584295237608,0.7246175201037943
26522,0.060286371561437,0.11377244593382556,0.8259411825047376
26523,0.13962807301628902,0.2853271182253342,0.5750448087583767
26524,0.011864313185454594,0.1177082567997794,0.8704274300147661
26525,0.28718416842972017,0.2244969697082933,0.4883188618619866
26526,0.059354419140508353,0.07294669064916992,0.8676988902103216
26527,0.065738345985635,0.14724102330224803,0.787020630712117
26528,0.1797147351105137,0.7999105229870371,0.02037474190244932
26529,0.36944122612083835,0.08845949883876295,0.5420992750403986
26530,0.058661402774470364,0.07236829859669877,0.8689702986288307
26531,0.023149524595586144,0.11903946865527164,0.8578110067491422
26532,0.12415031796194209,0.11846146353574682,0.7573882185023113
26533,0.019144809165489347,0.0828953074173517,0.8979598834171589
26534,0.05992455712905494,0.14926235260156034,0.790813090269385
26535,0.035780817171648764,0.06935429956516885,0.8948648832631825
26536,0.17467753096297728,0.34045957807576344,0.4848628909612591
26537,0.04033436089999662,0.0522836704709199,0.9073819686290833
26538,0.05293436307892896,0.36976752469507596,0.5772981122259951
26539,0.038829971791820315,0.1399616234932916,0.8212084047148881
26540,0.1008553526076944,0.3388080300528357,0.5603366173394699
26541,0.08315019159185458,0.1399777498011761,0.7768720586069693
26542,0.09670750475462506,0.18297797617769804,0.7203145190676769
26543,0.013641137542998871,0.044524652106455107,0.9418342103505459
26544,0.027721086072358507,0.10392604672266308,0.8683528672049784
26545,0.10675994442820569,0.2937204824690753,0.599519573102719
26546,0.08163788987112267,0.11349014963959922,0.8048719604892781
26547,0.03372484296787741,0.07063880886242795,0.8956363481696945
26548,0.0510735843969386,0.03984251271117496,0.9090839028918865
26549,0.15855614065679022,0.8297520339192641,0.011691825423945795
26550,0.07415402873863268,0.24544733585976752,0.6803986354016
26551,0.07457590803342931,0.19947037131914513,0.7259537206474256
26552,0.04133664590336815,0.22431091715743712,0.7343524369391947
26553,0.010951030679868095,0.053295323118701166,0.9357536462014308
26554,0.09827875518551338,0.3510442635557733,0.5506769812587133
26555,0.046532214045169246,0.07631387679977357,0.8771539091550572
26556,0.062164951071679145,0.17725281426114226,0.7605822346671787
26557,0.002930930380442954,0.009929587656499782,0.9871394819630573
26558,0.43495236518149644,0.20461056842108052,0.36043706639742307
26559,0.36363210139208685,0.1322508217128581,0.5041170768950551
26560,0.07381958283162747,0.21674840866036088,0.7094320085080117
26561,0.07237689972319473,0.23793541154987813,0.689687688726927
26562,0.06433241221327966,0.06887491024056977,0.8667926775461506
26563,0.03556722563588787,0.11888968610981883,0.8455430882542933
26564,0.04398675357053998,0.12188528575108512,0.8341279606783747
26565,0.10282368907270205,0.32208968280198,0.575086628125318
26566,0.17124706363467737,0.1369806028866831,0.6917723334786396
26567,0.06090796465651336,0.16422205922773805,0.7748699761157487
26568,0.3732019513440326,0.5966680711820818,0.030129977473885416
26569,0.041985851907106034,0.1102738515920351,0.8477402965008588
26570,0.15348449946598894,0.22883314103098398,0.6176823595030271
26571,0.038863449881515966,0.06865368564064189,0.8924828644778424
26572,0.07481867883798218,0.24896668810494424,0.6762146330570735
26573,0.07355184284552964,0.1805199506669109,0.7459282064875595
26574,0.19786367460724535,0.1376172128425185,0.6645191125502362
26575,0.1128780737325817,0.1306639307626715,0.7564579955047466
26576,0.03909757662650215,0.05675672419592374,0.9041456991775743
26577,0.05651558028074348,0.08490794262952531,0.8585764770897312
26578,0.16366297477299663,0.25859890357007614,0.5777381216569273
26579,0.10952886599735438,0.8800413629000605,0.010429771102584973
26580,0.0026747745151060455,0.00732776545468838,0.9899974600302055
26581,0.06752896221374208,0.16014584357195094,0.772325194214307
26582,0.0154070616059734,0.04140064053877759,0.9431922978552489
26583,0.10391080797805777,0.12594345524865785,0.7701457367732845
26584,0.083601042677764,0.17033791703570567,0.7460610402865303
26585,0.14411519440601597,0.38700104974637844,0.46888375584760567
26586,0.32698233943803884,0.3493319106998665,0.3236857498620946
26587,0.188114015494739,0.3515112657253405,0.4603747187799206
26588,0.07177738881953774,0.21354518135894757,0.7146774298215148
26589,0.11690475747290685,0.12605415958535832,0.757041082941735
26590,0.09927379676025457,0.5371930006951743,0.3635332025445711
26591,0.18852480497355248,0.7962152043408934,0.015259990685554026
26592,0.3152619930556748,0.15133470498144436,0.5334033019628807
26593,0.07524316785186166,0.15943557141668077,0.7653212607314577
26594,0.12196920289424928,0.09216918665201858,0.7858616104537322
26595,0.03700160931610756,0.07432806134947796,0.8886703293344145
26596,0.10150312600500797,0.19553644293575373,0.7029604310592383
26597,0.25034966004054987,0.38203795587243794,0.36761238408701213
26598,0.14145126710986602,0.23057136416631668,0.6279773687238172
26599,0.04316609442734614,0.05928916078042516,0.8975447447922289
26600,0.053099819940654235,0.1279701333612186,0.8189300466981273
26601,0.109680104273888,0.1735283514222013,0.7167915443039108
26602,0.09909121128729068,0.1662514931077666,0.7346572956049428
26603,0.08260590681228112,0.08757643203895485,0.8298176611487639
26604,0.06666599463790278,0.11629228389150356,0.8170417214705937
26605,0.09672547031160317,0.19143819395254008,0.7118363357358567
26606,0.18220332269815817,0.34150126777632034,0.4762954095255214
26607,0.08171497562490296,0.8934132345571395,0.024871789817957478
26608,0.026726565271990237,0.08692119312620687,0.8863522416018028
26609,0.049578337368632576,0.13347763531450318,0.8169440273168643
26610,0.4258949928797441,0.5051248989696917,0.06898010815056418
26611,0.11137731563876155,0.25692319654974693,0.6316994878114914
26612,0.10626996415203491,0.3104220406204321,0.5833079952275331
26613,0.1114225884267805,0.15458082127364425,0.7339965902995752
26614,0.07825976848756795,0.11164586730732748,0.8100943642051046
26615,0.0025340742277395,0.009882519776219012,0.9875834059960414
26616,0.08991856800566586,0.10418525394574576,0.8058961780485884
26617,0.24126867750314712,0.13767141017534082,0.6210599123215121
26618,0.11732183347144846,0.198258724405547,0.6844194421230044
26619,0.16420154173760498,0.2278574376240857,0.6079410206383095
26620,0.3922308660622832,0.583640823757807,0.024128310179909844
26621,0.05326967320439606,0.06416657293290347,0.8825637538627005
26622,0.12435010551941308,0.4312458116596914,0.4444040828208954
26623,0.05427612517954594,0.5206746691645385,0.42504920565591553
26624,0.10418269581328547,0.18785662883017779,0.7079606753565366
26625,0.27283035265865946,0.24629240000215602,0.4808772473391845
26626,0.17507791388135063,0.09361683608141522,0.731305250037234
26627,0.0766858111658157,0.13970462844373688,0.7836095603904474
26628,0.08508749458752277,0.18134892366275318,0.733563581749724
26629,0.034480763467578404,0.04927211045795296,0.9162471260744687
26630,0.08346663062413759,0.15066631649717477,0.7658670528786876
26631,0.05940632573421446,0.08096244822157729,0.8596312260442083
26632,0.4270008861558914,0.12033773371289376,0.45266138013121493
26633,0.05906885515127695,0.16903609136863063,0.7718950534800924
26634,0.08824317032725507,0.07918370965364743,0.8325731200190976
26635,0.02410636511176512,0.1695933291194771,0.8063003057687578
26636,0.05658372375186969,0.1971415160320708,0.7462747602160595
26637,0.030213672279733355,0.06717971494124605,0.9026066127790207
26638,0.07106126363957684,0.7378941052648766,0.19104463109554654
26639,0.22047434644842828,0.21879976442017993,0.5607258891313917
26640,0.09532383368299975,0.1339742239467176,0.7707019423702828
26641,0.1497787907653214,0.6575712102913125,0.19264999894336618
26642,0.03955889461383438,0.07011302319966516,0.8903280821865005
26643,0.07749405596560673,0.10770546360695124,0.814800480427442
26644,0.0020916275800566208,0.007938382155803288,0.9899699902641401
26645,0.07645222552716786,0.09952319246096752,0.8240245820118647
26646,0.5733128919223973,0.2000926008818386,0.22659450719576393
26647,0.08597131106627358,0.1333343228837312,0.7806943660499953
26648,0.050701535644644066,0.4595574854643544,0.4897409788910016
26649,0.04145520286454603,0.1108196895528543,0.8477251075825997
26650,0.4477662660324775,0.4952541795079535,0.05697955445956898
26651,0.1661711998391679,0.7022707465305255,0.13155805363030687
26652,0.21211615006227733,0.13655021155107563,0.651333638386647
26653,0.25056042471218476,0.15730143708867336,0.5921381381991417
26654,0.1136344758245218,0.46840970188192843,0.4179558222935498
26655,0.09034593659881812,0.25026037780379584,0.6593936855973861
26656,0.0935797954635926,0.21830078347051446,0.688119421065893
26657,0.05714270125116738,0.1421795233992919,0.8006777753495408
26658,0.0788131821448707,0.18414604395614248,0.7370407738989868
26659,0.1664213513685872,0.33258304109051434,0.5009956075408984
26660,0.011947471382953939,0.11325715718523603,0.8747953714318101
26661,0.15953351354379,0.08566401026662179,0.7548024761895882
26662,0.04541710940581155,0.19419147004041037,0.7603914205537783
26663,0.09027612365965224,0.12491023673939176,0.7848136396009561
26664,0.10394279676776555,0.2468942739967662,0.6491629292354683
26665,0.13991524169004138,0.18629314385284243,0.6737916144571161
26666,0.06775054274182354,0.7289178365385244,0.203331620719652
26667,0.042652580963077225,0.05883973660131063,0.8985076824356122
26668,0.111246393505531,0.6295489548401036,0.25920465165436535
26669,0.11427149076217016,0.35018090293758164,0.5355476063002482
26670,0.3819053472979013,0.2468901981084209,0.3712044545936778
26671,0.14276691650243367,0.11500626914606796,0.7422268143514983
26672,0.0854485279413406,0.08828295984418486,0.8262685122144744
26673,0.13212609505827574,0.15683089043516432,0.7110430145065599
26674,0.5381876449098857,0.0825508873196995,0.3792614677704148
26675,0.03009430993161232,0.09489588687885256,0.8750098031895351
26676,0.04935059493046599,0.10630950595704085,0.8443398991124932
26677,0.0027911384789511104,0.01035916418832369,0.9868496973327252
26678,0.0964408516140811,0.2213468556056409,0.6822122927802781
26679,0.15321174984245006,0.16713293073936936,0.6796553194181805
26680,0.023479757972969608,0.07301939437634522,0.9035008476506852
26681,0.012897936612391322,0.06766538697376356,0.9194366764138451
26682,0.12645597791906105,0.20254174105565811,0.6710022810252809
26683,0.08022987364860411,0.41610783422668646,0.5036622921247094
26684,0.05269359577279435,0.15558655759365017,0.7917198466335555
26685,0.30840152010404626,0.1860972892277293,0.5055011906682245
26686,0.06235653932853961,0.14747505542451161,0.7901684052469486
26687,0.10694670451033024,0.11176643613699619,0.7812868593526735
26688,0.42326550752734143,0.48275897682454494,0.09397551564811354
26689,0.08739106195851411,0.14693956886007517,0.7656693691814106
26690,0.045755851382387164,0.10867622770263116,0.8455679209149818
26691,0.07001808130229482,0.10214695842000024,0.827834960277705
26692,0.04502401813369729,0.3122309136034591,0.6427450682628437
26693,0.5651748214799138,0.08769193722031927,0.3471332412997669
26694,0.5869662607282496,0.393578004825819,0.019455734445931405
26695,0.014615930186997023,0.02776827185089743,0.9576157979621056
26696,0.08888654159075157,0.09390191991955696,0.8172115384896914
26697,0.008218892778056668,0.024027479307944404,0.9677536279139989
26698,0.06096986197626234,0.06296894787685824,0.8760611901468792
26699,0.1138211044313924,0.3462325951193729,0.5399463004492346
26700,0.014427268907597258,0.21828778200891197,0.7672849490834908
26701,0.1270345860075824,0.3924289894557868,0.48053642453663087
26702,0.07227436127188606,0.4376451492555867,0.49008048947252714
26703,0.07619864482524762,0.1454190152093219,0.7783823399654304
26704,0.0520273945749796,0.07846330804358723,0.8695092973814329
26705,0.054690198159532036,0.07574012940711937,0.8695696724333486
26706,0.07789711498604761,0.12281332851324242,0.7992895565007101
26707,0.4106054796642922,0.15608138127487994,0.4333131390608279
26708,0.1656108106131517,0.21640075848345403,0.6179884309033942
26709,0.0349846344815669,0.04816892177817446,0.9168464437402586
26710,0.09808054844031294,0.1526528454818813,0.7492666060778057
26711,0.359170819062502,0.11070429340173964,0.5301248875357583
26712,0.08626346095728211,0.19625669137430535,0.7174798476684124
26713,0.13419978723648837,0.5759711602990264,0.28982905246448526
26714,0.061509276778854,0.12674659814918096,0.8117441250719649
26715,0.03460505069457193,0.282749390497342,0.6826455588080862
26716,0.09994028876268773,0.7612123875501565,0.13884732368715574
26717,0.019368662230877343,0.2531054600232121,0.7275258777459107
26718,0.08203034410093224,0.2293320645800438,0.6886375913190241
26719,0.09936729009949202,0.3286767921297561,0.5719559177707518
26720,0.0708061105067063,0.1411896730098071,0.7880042164834866
26721,0.10041521465384937,0.3396585068059275,0.559926278540223
26722,0.12750712286862673,0.14766555455150338,0.7248273225798699
26723,0.0807244446758709,0.09441249685690464,0.8248630584672243
26724,0.08783809550447476,0.518296196197836,0.3938657082976893
26725,0.03607061935929545,0.2007923922537762,0.7631369883869281
26726,0.1389944572214927,0.3749127571781003,0.486092785600407
26727,0.05165999317873796,0.0789038494669374,0.8694361573543246
26728,0.07321677801014694,0.09873692823087935,0.8280462937589735
26729,0.14025468529495425,0.2481914157522132,0.6115538989528326
26730,0.24698366370274902,0.47050002068942726,0.2825163156078237
26731,0.07233614940090119,0.14928634401193658,0.7783775065871621
26732,0.2236230201079546,0.7570904538090679,0.01928652608297743
26733,0.04192612408486393,0.07800485983020419,0.8800690160849319
26734,0.05119448885670125,0.1382792185105691,0.8105262926327296
26735,0.06963678055883242,0.12490044732257508,0.8054627721185923
26736,0.13581065862989752,0.16035913543392127,0.7038302059361812
26737,0.09655402738358562,0.24496036022435663,0.6584856123920577
26738,0.08129548422943511,0.12030160809331569,0.7984029076772494
26739,0.5374853235960315,0.07486851053473056,0.3876461658692379
26740,0.0015175007075067311,0.005146999739751726,0.9933354995527415
26741,0.15623198098319552,0.8101336546030902,0.033634364413714216
26742,0.05359870762517205,0.16608877946145761,0.7803125129133704
26743,0.12109562198034707,0.15074845148332675,0.7281559265363261
26744,0.09102185922766828,0.28863110899023164,0.6203470317821
26745,0.05747079417078475,0.11494137326778495,0.8275878325614302
26746,0.1511942310103624,0.1753876824479664,0.6734180865416712
26747,0.07720824694290315,0.3795965536020923,0.5431951994550043
26748,0.17944898214356414,0.44050587158464927,0.3800451462717866
26749,0.10354169096266339,0.22140495435690138,0.6750533546804353
26750,0.0441353310448723,0.0761379233976913,0.8797267455574362
26751,0.0013454993072616037,0.008706052986841368,0.9899484477058967
26752,0.08192520661483838,0.6101455871639936,0.3079292062211679
26753,0.08107456575987797,0.10066932191690448,0.8182561123232176
26754,0.07708771062353911,0.07407670648007841,0.8488355828963826
26755,0.02768976960228383,0.07910413928193273,0.8932060911157838
26756,0.10405440025878146,0.07618903365426981,0.819756566086949
26757,0.09098444815243187,0.1305535052434691,0.7784620466040991
26758,0.07988244690501642,0.32020739222193007,0.5999101608730535
26759,0.06972175590236022,0.16830242177189958,0.76197582232574
26760,0.13300086183985385,0.21437019166866494,0.6526289464914812
26761,0.053959878432144795,0.15403170254160584,0.7920084190262494
26762,0.08550014218726923,0.12976795923038448,0.7847318985823464
26763,0.05831271041418533,0.10838121600362009,0.8333060735821947
26764,0.08882245558982432,0.13848529232477136,0.7726922520854043
26765,0.0027956284475395116,0.006930855055069365,0.9902735164973911
26766,0.07757025081092836,0.33717250659502734,0.5852572425940442
26767,0.10732821716381902,0.229321838107068,0.663349944729113
26768,0.041743637693605076,0.9498855891534348,0.008370773152960085
26769,0.132162763115166,0.29298781022151066,0.5748494266633234
26770,0.0785031187431752,0.20171407914470488,0.7197828021121199
26771,0.12583982046152678,0.8384914271353615,0.03566875240311169
26772,0.7278318036460014,0.06604275637338536,0.20612543998061325
26773,0.003088345547857041,0.006603922504086622,0.9903077319480567
26774,0.8226647771627112,0.028236961092010366,0.14909826174527857
26775,0.06606884109790048,0.23101138809370614,0.7029197708083935
26776,0.08015657351398187,0.133759231143821,0.7860841953421972
26777,0.04272147889136099,0.07027812123598062,0.8870003998726584
26778,0.07013904573726967,0.08958577231568803,0.8402751819470422
26779,0.05633902700218568,0.09118867604914203,0.8524722969486724
26780,0.022124166597172933,0.08419358541627975,0.8936822479865473
26781,0.024686034790633072,0.08730534694094542,0.8880086182684215
26782,0.03070772040492023,0.06082746514616838,0.9084648144489114
26783,0.1787199151048599,0.26932231225801806,0.5519577726371221
26784,0.11431757048934799,0.6104601600313235,0.27522226947932854
26785,0.06533544483029124,0.17498344813839292,0.7596811070313157
26786,0.4722154410787275,0.08114942129211315,0.4466351376291594
26787,0.005489011031958014,0.019749325103761654,0.9747616638642802
26788,0.15028065630637527,0.18538031709788494,0.6643390265957398
26789,0.2650238222980702,0.3235771955626587,0.41139898213927123
26790,0.015291524225420999,0.06949128306626236,0.9152171927083167
26791,0.02882339616865503,0.05543491397621082,0.9157416898551342
26792,0.18180675427487566,0.15039875062541563,0.6677944950997087
26793,0.07836032699259193,0.1539383219869423,0.7677013510204657
26794,0.05873800859114203,0.1399289233902782,0.8013330680185797
26795,0.12816839429721083,0.23569958538338667,0.6361320203194024
26796,0.0491874020359999,0.9470776982292286,0.00373489973477137
26797,0.01451395999072907,0.2349340719583965,0.7505519680508743
26798,0.42201039464805534,0.13572187525612417,0.44226773009582054
26799,0.13174612137470926,0.1589999985932628,0.709253880032028
26800,0.02906892076116991,0.9594234251110768,0.011507654127752997
26801,0.11023995183603556,0.6060342676988889,0.2837257804650755
26802,0.09298358257406639,0.11196485695315261,0.795051560472781
26803,0.07902436568103674,0.1251765241272971,0.7957991101916664
26804,0.03122652481022451,0.09018655780722587,0.8785869173825495
26805,0.0011073479863704066,0.010909643626372062,0.9879830083872575
26806,0.08192448208726813,0.13686081645749265,0.7812147014552393
26807,0.07758032209733853,0.11998971647519478,0.8024299614274666
26808,0.05554177951006983,0.13773386752991743,0.8067243529600129
26809,0.07946727102627506,0.23636226404070054,0.6841704649330244
26810,0.048723675337571194,0.25048852345335854,0.7007878012090702
26811,0.03538285858735095,0.055759349772891785,0.9088577916397572
26812,0.10288427725224632,0.12137443281824287,0.775741289929511
26813,0.07356644087813721,0.39654150139443056,0.5298920577274324
26814,0.13040038215373395,0.13090789920061177,0.7386917186456542
26815,0.08040743088749411,0.15058622250996784,0.769006346602538
26816,0.054223829206129635,0.36001439160164844,0.5857617791922218
26817,0.06361236631057082,0.0434779044699565,0.8929097292194728
26818,0.1100642511308425,0.09360738576507183,0.7963283631040856
26819,0.10430136415811002,0.29028614200066044,0.6054124938412294
26820,0.17503402639721896,0.8149901428754571,0.009975830727323894
26821,0.07378393603253662,0.9215424147332036,0.004673649234259918
26822,0.1351767474938957,0.24522264607498054,0.6196006064311237
26823,0.003393227821407858,0.00818757565442605,0.9884191965241662
26824,0.09219465602806834,0.05623808077839669,0.8515672631935349
26825,0.055405194172686724,0.0534500977257123,0.8911447081016008
26826,0.06269610870384289,0.10856908169231679,0.8287348096038404
26827,0.09348330819891126,0.11692242512332059,0.7895942666777682
26828,0.015980869236144495,0.20095395575604563,0.7830651750078099
26829,0.04391475468259211,0.12384676736824259,0.8322384779491653
26830,0.006794860136598928,0.049101891000494835,0.9441032488629064
26831,0.052630088307621135,0.09011678006492854,0.8572531316274503
26832,0.025005858394220287,0.03999568097822841,0.9349984606275512
26833,0.05178750883251437,0.09050502125315521,0.8577074699143304
26834,0.06408378740161022,0.14487186640452074,0.7910443461938691
26835,0.7135493157105739,0.08609733900749607,0.2003533452819301
26836,0.16687402093186496,0.4661319185835887,0.3669940604845462
26837,0.03955331943096626,0.043713160385156505,0.9167335201838773
26838,0.12072990757888327,0.3452719542809127,0.533998138140204
26839,0.9074209206690055,0.018668484262040957,0.07391059506895375
26840,0.004040944289728428,0.02761877236740735,0.9683402833428645
26841,0.03860156719798975,0.06149024987722871,0.8999081829247814
26842,0.06248138313944725,0.17717657766219072,0.760342039198362
26843,0.07893502882352255,0.07388048372632401,0.8471844874501533
26844,0.1415165696325013,0.47099525008290233,0.3874881802845964
26845,0.505365627476583,0.06393428508679304,0.430700087436624
26846,0.0607507750804037,0.0956314752413668,0.8436177496782294
26847,0.9335839965204447,0.040266542928398444,0.0261494605511569
26848,0.08662013454950616,0.07523152737210785,0.8381483380783861
26849,0.1788603617039496,0.11094994393732445,0.710189694358726
26850,0.09515795105658943,0.3207282830267815,0.5841137659166289
26851,0.09771189748305312,0.16352773914688826,0.7387603633700587
26852,0.2203664708727014,0.7165207007825171,0.0631128283447816
26853,0.09248350945497602,0.06684441731533261,0.8406720732296913
26854,0.037108092353246615,0.9591305680459212,0.003761339600832001
26855,0.08207450087689575,0.26939523506503005,0.6485302640580741
26856,0.09808437180713181,0.09625319631054233,0.8056624318823257
26857,0.12551362781454217,0.3290573520524963,0.5454290201329615
26858,0.1245409507834774,0.6690291152763123,0.2064299339402104
26859,0.07502910865369022,0.6036446697002981,0.32132622164601177
26860,0.03638140461389382,0.5211002158362359,0.4425183795498704
26861,0.12659941751554252,0.2263910672148087,0.6470095152696487
26862,0.08962779191045973,0.33239514464287084,0.5779770634466694
26863,0.04282456100342337,0.08143639357636856,0.8757390454202081
26864,0.05764945198028566,0.34774922482228326,0.5946013231974312
26865,0.053248328038269066,0.10920428640782794,0.8375473855539031
26866,0.035198750519804596,0.1211024635882775,0.8436987858919179
26867,0.048883376682242796,0.0710068913420758,0.8801097319756813
26868,0.03600700411139576,0.12103419204774671,0.8429588038408575
26869,0.022369297297299126,0.03088248294197089,0.94674821976073
26870,0.029665672604186427,0.8581313833839355,0.11220294401187807
26871,0.10581622385411185,0.10912452635570731,0.7850592497901808
26872,0.09607930888797288,0.1686563029490442,0.7352643881629829
26873,0.023965610295167108,0.08324391022334623,0.8927904794814866
26874,0.10670803437833484,0.3273990887116268,0.5658928769100384
26875,0.05898409198051073,0.26307968339701293,0.6779362246224764
26876,0.05450054321828039,0.0845316603485067,0.8609677964332129
26877,0.038659302751550426,0.09938796837262015,0.8619527288758295
26878,0.9145101790367833,0.04377377985919827,0.04171604110401831
26879,0.09939352509910857,0.21635601034623142,0.6842504645546599
26880,0.37893960730576587,0.08023555904560169,0.5408248336486324
26881,0.07049600574080386,0.14598276663808582,0.7835212276211104
26882,0.3674767159013651,0.11205966984126374,0.5204636142573713
26883,0.05172421015592789,0.07595626079496184,0.8723195290491104
26884,0.08231227792263267,0.41292917232593507,0.5047585497514322
26885,0.21657702738908263,0.16921487311779754,0.6142080994931198
26886,0.05083591363539146,0.10827115819945629,0.8408929281651524
26887,0.03047476671847682,0.07095592597659342,0.8985693073049299
26888,0.1466073380407892,0.18955405741157388,0.6638386045476368
26889,0.030085205913628305,0.09321703150573603,0.8766977625806357
26890,0.00981389908606107,0.12396157380497501,0.8662245271089638
26891,0.08708949461774303,0.4323064605875861,0.48060404479467095
26892,0.04786566675303078,0.13632518124437182,0.8158091520025973
26893,0.05504763910640156,0.06890959931110206,0.8760427615824964
26894,0.06736599157453199,0.08783916858516379,0.8447948398403042
26895,0.1250585342636205,0.370857191054882,0.5040842746814975
26896,0.07692641793446889,0.19114429186309417,0.731929290202437
26897,0.08239597646367922,0.1963724259198972,0.7212315976164236
26898,0.05313537477882866,0.11806187113896349,0.8288027540822078
26899,0.08772218209773522,0.13363807804019812,0.7786397398620666
26900,0.06853832086367341,0.2161771266669399,0.7152845524693868
26901,0.06514787599117502,0.20486592206617363,0.7299862019426514
26902,0.0015754446575962562,0.003973485918747565,0.9944510694236559
26903,0.10701103939655474,0.28266495969737515,0.61032400090607
26904,0.48590050512491334,0.5009253885976337,0.013174106277452979
26905,0.0039947727768898985,0.024355560769243452,0.9716496664538667
26906,0.029254325349435513,0.04522800029948821,0.9255176743510762
26907,0.14773558146844018,0.10330301070566668,0.7489614078258932
26908,0.09934922923946318,0.14055000289578384,0.760100767864753
26909,0.06306523359179114,0.6119783051378059,0.3249564612704029
26910,0.04565330070570583,0.1541039784019995,0.8002427208922945
26911,0.0032959101773523424,0.010334953842313624,0.9863691359803342
26912,0.0019220441967634553,0.011474935861913423,0.9866030199413229
26913,0.22516720489882552,0.16634399673677436,0.6084887983644001
26914,0.0755008455794647,0.18675431254749872,0.7377448418730366
26915,0.12383052111320296,0.13978864065259747,0.7363808382341996
26916,0.10575059723131919,0.886293794081707,0.007955608686973715
26917,0.04602696065098448,0.10266213602636484,0.8513109033226506
26918,0.08468720591535515,0.133068984561705,0.7822438095229398
26919,0.45463504272179345,0.158884336381371,0.38648062089683555
26920,0.126882369875978,0.34470086000929967,0.5284167701147224
26921,0.02498724736101936,0.7246114073122925,0.2504013453266883
26922,0.06711636100835207,0.3628283824749143,0.5700552565167335
26923,0.03811452621538173,0.07205982667866732,0.8898256471059509
26924,0.09733563819057864,0.11568437335490205,0.7869799884545191
26925,0.08359126849238183,0.0671749280239841,0.849233803483634
26926,0.4683061342550253,0.4563270660190456,0.075366799725929
26927,0.06468489727405707,0.09254051331981247,0.8427745894061303
26928,0.04460737910394785,0.9496798571006112,0.00571276379544087
26929,0.05001344529375815,0.11476245168123614,0.8352241030250056
26930,0.06772868776905033,0.6329447358871115,0.29932657634383814
26931,0.20709353765757701,0.7798982423796573,0.013008219962765594
26932,0.09031832922432595,0.6482242353264108,0.2614574354492632
26933,0.9432263425148608,0.0211215417178029,0.03565211576733613
26934,0.003941217581048867,0.010795324334844507,0.9852634580841066
26935,0.041446530248984884,0.12197845777981686,0.8365750119711983
26936,0.06807817562197489,0.07963066886563551,0.8522911555123895
26937,0.11740824544636361,0.33514798633997966,0.5474437682136568
26938,0.15610011195642762,0.8263344273217557,0.017565460721816573
26939,0.5136914759397808,0.4705524468017108,0.015756077258508284
26940,0.06129988926776814,0.11418682620334056,0.8245132845288913
26941,0.10961710485012414,0.18380866954193714,0.7065742256079387
26942,0.23148874859718474,0.186930262094217,0.5815809893085983
26943,0.04878209777716022,0.3683781358320427,0.582839766390797
26944,0.002385509244963027,0.007071727728730132,0.9905427630263066
26945,0.14114540510166387,0.4532210885380453,0.40563350636029066
26946,0.23314489622269813,0.09825367285875494,0.6686014309185471
26947,0.07818370029523905,0.43950256523781084,0.48231373446695003
26948,0.0983232644922681,0.28512484830078216,0.6165518872069498
26949,0.3986469336631545,0.15427160831415704,0.4470814580226885
26950,0.1561331945310527,0.21483181844779434,0.6290349870211529
26951,0.4163201075571683,0.380631927522895,0.2030479649199366
26952,0.12115107606108384,0.2743317905820038,0.6045171333569124
26953,0.07425236305745418,0.02887849428330136,0.8968691426592444
26954,0.009534240940412168,0.07477655807642974,0.9156892009831582
26955,0.06553258665048632,0.5860714549025771,0.3483959584469366
26956,0.17736124053346272,0.2334765602081074,0.5891621992584299
26957,0.6792656538766815,0.11653685120668614,0.2041974949166323
26958,0.18736854359034072,0.15439606911863002,0.6582353872910292
26959,0.052672601705436736,0.20541235574560254,0.7419150425489607
26960,0.026277744507506667,0.09439592784613325,0.87932632764636
26961,0.05063658032653333,0.09554828413137886,0.8538151355420878
26962,0.060526471326288564,0.6988890000073114,0.24058452866640007
26963,0.5651748214799138,0.08769193722031927,0.3471332412997669
26964,0.14124412926233068,0.10295027901614433,0.755805591721525
26965,0.09634518433264161,0.47180369217020957,0.4318511234971488
26966,0.07692641793446889,0.19114429186309417,0.731929290202437
26967,0.06767350265001856,0.11500998199118073,0.8173165153588006
26968,0.18854494936698926,0.1305101721450387,0.6809448784879721
26969,0.00839924054165162,0.04995727182502814,0.9416434876333202
26970,0.07033579293987764,0.1112475574574994,0.818416649602623
26971,0.11243112375788393,0.2331077259948206,0.6544611502472956
26972,0.11273927136133435,0.2473678624456337,0.639892866193032
26973,0.02925014502191507,0.11463610793577945,0.8561137470423056
26974,0.06135686049440531,0.06238105905007415,0.8762620804555207
26975,0.061189777207069716,0.06450777148854593,0.8743024513043844
26976,0.1281949574068701,0.8446028320527461,0.02720221054038364
26977,0.034442293632844526,0.12957489061119387,0.8359828157559616
26978,0.04960062811786968,0.14845512858685594,0.8019442432952744
26979,0.004296653890696725,0.023327430964534736,0.9723759151447686
26980,0.03076448802373081,0.08126861178788494,0.8879669001883842
26981,0.12857946543374343,0.22930930926340815,0.6421112253028485
26982,0.07896068851542523,0.17685702180818322,0.7441822896763917
26983,0.11664201868951787,0.2052699021356789,0.6780880791748032
26984,0.046556930853132436,0.0933752370956217,0.8600678320512462
26985,0.14245374785930792,0.21412097143332737,0.6434252807073646
26986,0.042091996050075665,0.05707902161144098,0.9008289823384834
26987,0.12147636217316513,0.3664062023634232,0.5121174354634116
26988,0.1386006773872503,0.43945919211382056,0.4219401304989291
26989,0.10510931582901042,0.25833197448186496,0.6365587096891246
26990,0.055623743411926774,0.1097726016789718,0.8346036549091016
26991,0.056835338537049016,0.07356834282183461,0.8695963186411163
26992,0.11195022933522443,0.504448011462379,0.3836017592023965
26993,0.1025208281384224,0.14394531853442322,0.7535338533271545
26994,0.004032935265188194,0.012198985568042758,0.983768079166769
26995,0.01466642093991509,0.14765403500375845,0.8376795440563264
26996,0.0020066092739632296,0.012749114267159254,0.9852442764588775
26997,0.24726400664138032,0.43588287656924907,0.31685311678937056
26998,0.19746356595411793,0.1304111659534084,0.6721252680924736
26999,0.41525866426639924,0.13405147403613582,0.45068986169746506
27000,0.07179464626850549,0.5384860696334864,0.3897192840980081
27001,0.07143952521284039,0.37704313237493825,0.5515173424122213
27002,0.0603038751721961,0.2725210708719058,0.667175053955898
27003,0.08641778335644462,0.141892216786014,0.7716899998575413
27004,0.11255442990809823,0.2576741411852824,0.6297714289066194
27005,0.04162008462063536,0.37424118239167903,0.5841387329876857
27006,0.02166869790673662,0.07663260468661358,0.9016986974066498
27007,0.07463733715363009,0.7998674107867189,0.1254952520596509
27008,0.09504169497099604,0.19880309422441153,0.7061552108045924
27009,0.01983519172799077,0.15443742721145048,0.8257273810605588
27010,0.027705462615987296,0.07951655765406138,0.8927779797299517
27011,0.1685245342061139,0.5283582115397079,0.3031172542541783
27012,0.06371521873799399,0.0818463595779358,0.8544384216840701
27013,0.3025661792358688,0.1349268304694647,0.5625069902946664
27014,0.09417049657555014,0.4752894984814727,0.4305400049429772
27015,0.11742130879411879,0.32629126384012497,0.5562874273657562
27016,0.04008687491471327,0.09226868316686786,0.8676444419184189
27017,0.0025989171921590574,0.009027196293557749,0.9883738865142832
27018,0.0622848716262,0.13718744259786947,0.8005276857759306
27019,0.08171487084045415,0.15025107291513734,0.7680340562444085
27020,0.05176290915712276,0.40659138148092816,0.541645709361949
27021,0.08311930659266943,0.3751427440399059,0.5417379493674246
27022,0.06747679430702852,0.19858129747832803,0.7339419082146434
27023,0.11654480981995788,0.4654408271704399,0.41801436300960226
27024,0.07876360358092685,0.24128723052375176,0.6799491658953214
27025,0.18023206504532735,0.08090241586349416,0.7388655190911786
27026,0.0016607400798387202,0.00873527100799133,0.9896039889121699
27027,0.09872157039921073,0.10073343332900586,0.8005449962717834
27028,0.3683771290734942,0.11162316999151234,0.5199997009349937
27029,0.030215757203946557,0.09829919951217532,0.871485043283878
27030,0.1420925152919154,0.5237898732718839,0.33411761143620056
27031,0.45047014295086196,0.25222494250820554,0.2973049145409325
27032,0.2878262489863455,0.13132641070286918,0.5808473403107853
27033,0.02378767280132018,0.054607460020300966,0.9216048671783786
27034,0.0015275356588471825,0.005498641982352098,0.9929738223588007
27035,0.6950691610494678,0.08966757802497959,0.21526326092555265
27036,0.046870884715439244,0.07735121493387985,0.875777900350681
27037,0.16806891132530263,0.1684581276317028,0.6634729610429945
27038,0.06210385510294218,0.0678050012202346,0.8700911436768232
27039,0.22341797258691862,0.1588790342655057,0.6177029931475758
27040,0.11375648663932829,0.10336601010629343,0.7828775032543782
27041,0.023406558128650886,0.025573885885810988,0.9510195559855379
27042,0.3184238989985765,0.6608387069458821,0.020737394055541484
27043,0.1011322178060666,0.13349025593011013,0.7653775262638233
27044,0.05241436597983269,0.14868205966607156,0.7989035743540956
27045,0.09468890820681028,0.1390445463935866,0.766266545399603
27046,0.02848949144183835,0.06561414353583737,0.9058963650223243
27047,0.04476534895285351,0.891107883636429,0.06412676741071767
27048,0.22997842465204815,0.7594992100624048,0.010522365285546974
27049,0.09483888077551607,0.3285970286160815,0.5765640906084024
27050,0.021143021623121122,0.1194196023506691,0.8594373760262097
27051,0.11882295427545378,0.2615947157600522,0.6195823299644939
27052,0.002479827714899115,0.010403413336296685,0.9871167589488044
27053,0.019504296607597647,0.17355896995883907,0.8069367334335633
27054,0.11190282829309872,0.098378108350448,0.7897190633564534
27055,0.20090784817850632,0.7833899657866166,0.01570218603487717
27056,0.26347722888213515,0.7202353129794934,0.01628745813837135
27057,0.06104986948492598,0.19963788476535327,0.7393122457497208
27058,0.155347424223289,0.13029728964956763,0.7143552861271434
27059,0.020604147137102465,0.06370310672365356,0.915692746139244
27060,0.0018025038856771952,0.009138791795056412,0.9890587043192663
27061,0.49684916712172245,0.13722479445451158,0.36592603842376603
27062,0.1541903167041518,0.10731146121399353,0.7384982220818548
27063,0.05243767991426461,0.07077797368304592,0.8767843464026894
27064,0.021500631200657098,0.02351459557151953,0.9549847732278234
27065,0.08039249090131358,0.7808466102627477,0.13876089883593873
27066,0.03158255448378125,0.06540241522455831,0.9030150302916604
27067,0.07279167948487532,0.17532196765231292,0.7518863528628117
27068,0.44282251192129224,0.13721510365055561,0.4199623844281522
27069,0.03705726766969002,0.06443449905459644,0.8985082332757134
27070,0.046719960948099194,0.0474734618854538,0.9058065771664469
27071,0.07738077804894022,0.11391422427255585,0.8087049976785039
27072,0.07526591951656336,0.33386611088357776,0.5908679695998589
27073,0.10505427014329427,0.15127039845059942,0.7436753314061062
