index,0,1,2
26457,0.0569625994758167,0.12159122111621362,0.8214461794079697
26458,0.2839032849673329,0.23229938693907995,0.4837973280935873
26459,0.038970796328884144,0.06045622393730171,0.9005729797338141
26460,0.07438045089119545,0.08658349579026958,0.8390360533185351
26461,0.05336354247471529,0.18437551928612564,0.7622609382391593
26462,0.04045834008863059,0.12906428836401637,0.830477371547353
26463,0.307125235515617,0.6740157494489366,0.01885901503544638
26464,0.0874045435162844,0.14234379494883034,0.7702516615348851
26465,0.04670666133578653,0.08981005399902665,0.8634832846651869
26466,0.025747688959799262,0.3785814762170816,0.5956708348231192
26467,0.20356087621931626,0.14344337872710525,0.6529957450535785
26468,0.07693856447653187,0.09313559133389888,0.8299258441895695
26469,0.8671732798358821,0.06215765418045332,0.0706690659836645
26470,0.15054444261838132,0.15889149980513514,0.6905640575764836
26471,0.06941103953291201,0.07906088964298381,0.8515280708241041
26472,0.18641727935625318,0.19701458101886019,0.6165681396248867
26473,0.0872007713075933,0.07964388378722646,0.8331553449051801
26474,0.19672076973241062,0.7855690804145983,0.01771014985299132
26475,0.3016423798179955,0.2535873538538666,0.4447702663281378
26476,0.0013007157396418086,0.008048475905432844,0.9906508083549256
26477,0.15910224712317403,0.15000698164632428,0.6908907712305017
26478,0.0019983565075245764,0.005889085970851235,0.9921125575216244
26479,0.058142838459493675,0.12422425708411709,0.8176329044563891
26480,0.07931132392992153,0.08336411658372418,0.8373245594863543
26481,0.03639214682588413,0.3010745497624731,0.6625333034116428
26482,0.15408041304701314,0.12343153898599217,0.722488047966995
26483,0.030304612865394997,0.1461337995250111,0.8235615876095937
26484,0.12346616215305968,0.07167410905614473,0.8048597287907957
26485,0.06320855918665312,0.06298050541129331,0.8738109354020537
26486,0.08374650020401365,0.15283254024823661,0.7634209595477497
26487,0.039522018773534555,0.0848760952071964,0.8756018860192695
26488,0.16393566094538672,0.7993985372615895,0.03666580179302379
26489,0.05187835305128177,0.17143318658043002,0.7766884603682881
26490,0.08621854470918983,0.188132422912487,0.725649032378323
26491,0.051611744719854684,0.08465308729821092,0.8637351679819342
26492,0.09242021707610053,0.19293106968563775,0.7146487132382618
26493,0.27902502290921644,0.7176157845106381,0.003359192580145481
26494,0.12394417971956272,0.2209174824951158,0.6551383377853216
26495,0.043846151331153306,0.07451400625624144,0.8816398424126053
26496,0.08787041679097397,0.2015376638484243,0.7105919193606017
26497,0.044912258881862205,0.8583530165982124,0.09673472451992522
26498,0.16119354738769656,0.4890294995456404,0.34977695306666295
26499,0.069151294314427,0.12907749776747002,0.8017712079181029
26500,0.07385978425665818,0.39308367717274845,0.5330565385705934
26501,0.09446137943232201,0.26348509745382037,0.6420535231138578
26502,0.014935358676223318,0.04087620378359589,0.944188437540181
26503,0.16330796998348363,0.6178811812118693,0.21881084880464716
26504,0.025830523961013405,0.08153737868333642,0.8926320973556502
26505,0.05491907993799012,0.05001466158289061,0.8950662584791192
26506,0.07603227713350956,0.8961723411481962,0.02779538171829411
26507,0.16789632393854814,0.8215536762811784,0.010549999780273642
26508,0.12623338336485707,0.3012425218776485,0.5725240947574946
26509,0.09802524413054159,0.12953502069136208,0.7724397351780962
26510,0.06895633323338403,0.18683005775167413,0.7442136090149418
26511,0.03259570037702456,0.059324764129038234,0.9080795354939372
26512,0.9046028086414007,0.04717294445072966,0.04822424690786953
26513,0.05893924448846125,0.18017209334094683,0.760888662170592
26514,0.04037351360177003,0.06220602452984584,0.8974204618683842
26515,0.4218171853039911,0.04811991377680886,0.5300629009191999
26516,0.05901608231968066,0.26364094753561923,0.6773429701447001
26517,0.27640483541323885,0.7046638821153953,0.018931282471365923
26518,0.061798523066524676,0.08508573112827043,0.853115745805205
26519,0.4379678405587208,0.12952217623580406,0.4325099832054751
26520,0.030045307858957097,0.8188426158551375,0.15111207628590537
26521,0.07858395389110975,0.19379282131679124,0.7276232247920991
26522,0.06678965077285665,0.11147970351612048,0.8217306457110228
26523,0.14563892960223965,0.29764165886157856,0.5567194115361817
26524,0.011312598953760779,0.12681824153623975,0.8618691595099995
26525,0.28808612262007677,0.22294187277454414,0.4889720046053791
26526,0.061561174760407476,0.07744093602455186,0.8609978892150408
26527,0.06672089189110285,0.15559594030613486,0.7776831678027621
26528,0.17413261788120724,0.8060801324937112,0.019787249625081698
26529,0.34347747944778745,0.08339017055743299,0.5731323499947797
26530,0.05661223787392855,0.0719323350604742,0.8714554270655972
26531,0.02137959326376776,0.1123085801654204,0.8663118265708117
26532,0.12137908618608552,0.11470658605954444,0.7639143277543701
26533,0.01869547649971086,0.09144826130149225,0.889856262198797
26534,0.05999282790042695,0.14186369877032814,0.7981434733292448
26535,0.03402833231107178,0.0700001629463075,0.8959715047426208
26536,0.19437475550042002,0.34831736464648194,0.45730787985309806
26537,0.03742290675073417,0.04547403424429259,0.9171030590049732
26538,0.05125311304275964,0.3717046815818024,0.5770422053754379
26539,0.03688754492042408,0.13462838954561232,0.8284840655339636
26540,0.0972600521641402,0.3605464307280768,0.5421935171077831
26541,0.08578019390881125,0.14451751752547623,0.7697022885657127
26542,0.08510166160041123,0.18186751177846905,0.7330308266211195
26543,0.015712562429974958,0.044603378110902314,0.9396840594591226
26544,0.025951421117881724,0.09835647200808321,0.8756921068740352
26545,0.10449094728594395,0.29612674061070415,0.5993823121033518
26546,0.08505488261727558,0.11385864273511177,0.8010864746476126
26547,0.032299938204869864,0.0674153949189321,0.9002846668761979
26548,0.05136412777429437,0.03909962580916156,0.9095362464165441
26549,0.15672260003846242,0.8335513869120049,0.009726013049532906
26550,0.07205577285323662,0.25076984452069145,0.6771743826260718
26551,0.07374745788610153,0.19941979711497063,0.7268327449989277
26552,0.03862596148679746,0.22746654919846931,0.7339074893147332
26553,0.010474002573652129,0.05260663553226418,0.936919361894084
26554,0.09468578763442002,0.35091089564784733,0.5544033167177327
26555,0.04337739436988539,0.07361049801807755,0.883012107612037
26556,0.05826582117077478,0.1734762295373066,0.7682579492919186
26557,0.002717007105018267,0.009238828479933448,0.9880441644150485
26558,0.44619800983979546,0.18389400563383315,0.3699079845263713
26559,0.370867678345556,0.11915565711874955,0.5099766645356945
26560,0.07282015550198485,0.21940483808490815,0.7077750064131071
26561,0.06381516202036507,0.2180434520611304,0.7181413859185044
26562,0.06096111145429583,0.06990831788827859,0.8691305706574258
26563,0.0327053570911732,0.11150787492894154,0.8557867679798852
26564,0.044855604580564236,0.11673752711199196,0.8384068683074438
26565,0.10526140411149926,0.3421078297525129,0.5526307661359877
26566,0.17054458865400512,0.13285820389610623,0.6965972074498886
26567,0.059413073915628604,0.17468273854279892,0.7659041875415724
26568,0.3536997687544781,0.6171040642959694,0.02919616694955249
26569,0.03646311331971451,0.10119661416562255,0.8623402725146629
26570,0.15027638894688972,0.2239970063487526,0.6257266047043577
26571,0.03920422921096197,0.0677519300412268,0.8930438407478113
26572,0.07434332093000516,0.24187178437016976,0.6837848946998251
26573,0.07371850062882573,0.179075988182221,0.7472055111889531
26574,0.21008541087750188,0.13101884725813426,0.6588957418643638
26575,0.111057981193247,0.12075848333990448,0.7681835354668486
26576,0.04250126982621341,0.060348047833638625,0.8971506823401479
26577,0.05715903742977793,0.08015953356989909,0.8626814290003231
26578,0.15027492951305468,0.26102156775316604,0.5887035027337794
26579,0.09601524860273125,0.8930806367544971,0.010904114642771507
26580,0.0024948793656223347,0.006682074076001639,0.9908230465583759
26581,0.06910136357475799,0.15609110590677122,0.774807530518471
26582,0.014156138573181076,0.04162500809630159,0.9442188533305175
26583,0.09774800738258589,0.12760549749226544,0.7746464951251487
26584,0.08085787223541754,0.16842139237205037,0.750720735392532
26585,0.14335530627308918,0.372661748664838,0.4839829450620731
26586,0.3298385334052832,0.3456797348202198,0.32448173177449713
26587,0.1970991090445381,0.3420294768893854,0.4608714140660765
26588,0.071267347874512,0.21795388634148263,0.7107787657840055
26589,0.11459226986721799,0.12032630343388571,0.7650814266988964
26590,0.0931312118190436,0.5353069071914295,0.37156188098952697
26591,0.1929280655504154,0.7917709281781263,0.01530100627145837
26592,0.3055320765008463,0.15534638497979467,0.5391215385193592
26593,0.07593210049929963,0.14958616737158972,0.7744817321291105
26594,0.11715372320089372,0.07906720539466949,0.8037790714044366
26595,0.03400727398987259,0.07045368117947404,0.8955390448306534
26596,0.10432260047449404,0.1924370634256987,0.7032403360998072
26597,0.23975586247139022,0.370411092982118,0.38983304454649187
26598,0.14644700226185636,0.22355809677687374,0.6299949009612698
26599,0.04615614933381892,0.06018893239896145,0.8936549182672197
26600,0.05184369207696482,0.12632991750079914,0.8218263904222359
26601,0.10742882759606692,0.17596907642281479,0.7166020959811185
26602,0.10255624750060231,0.17079768803582404,0.7266460644635737
26603,0.08169468426529694,0.07956509894041504,0.8387402167942879
26604,0.06222733252050488,0.1073005187456571,0.8304721487338381
26605,0.09204570608843597,0.1960276073291187,0.7119266865824455
26606,0.17983122035852536,0.3237445556346857,0.49642422400678915
26607,0.08159886293867988,0.8902631039213907,0.028138033139929283
26608,0.026892311339341276,0.09258266513580539,0.8805250235248535
26609,0.05050892302852355,0.137738585043217,0.8117524919282594
26610,0.43725836483198277,0.498076095917751,0.0646655392502661
26611,0.10878488459464042,0.2668626869170519,0.6243524284883076
26612,0.09974988583516191,0.2991417988071854,0.6011083153576527
26613,0.11760059658296251,0.14945716771698797,0.7329422357000493
26614,0.07326621559392103,0.10636116203010527,0.8203726223759737
26615,0.0029023599280778977,0.010555858710031077,0.9865417813618912
26616,0.08193969416076001,0.10292817338958743,0.8151321324496527
26617,0.21788342333697383,0.12006352335981611,0.6620530533032102
26618,0.120450167882596,0.20263851806319252,0.6769113140542116
26619,0.15669165943570873,0.21302466306440823,0.6302836774998831
26620,0.39971745135875986,0.5769597167153321,0.023322831925908036
26621,0.05132008630785164,0.05910141298522283,0.8895785007069255
26622,0.12158172513155406,0.45218700966844927,0.4262312651999967
26623,0.05082069316328092,0.545044716614654,0.404134590222065
26624,0.10965721371534391,0.1959447566176908,0.6943980296669653
26625,0.2895889469131279,0.2502036020577506,0.4602074510291214
26626,0.1637065015919086,0.09711410157514126,0.7391793968329501
26627,0.07635573852884389,0.13594600294473902,0.7876982585264171
26628,0.08632893624659609,0.18388382204410458,0.7297872417092993
26629,0.032991907732593896,0.04725770363099898,0.9197503886364071
26630,0.07674319374696398,0.15388970385049808,0.769367102402538
26631,0.05344138446053775,0.08030535127481757,0.8662532642646448
26632,0.45748398731886925,0.10773747571036695,0.4347785369707639
26633,0.05680804400948505,0.16455956944372838,0.7786323865467866
26634,0.0916159395674534,0.08321043821239463,0.8251736222201519
26635,0.02605437868280652,0.1624084496005841,0.8115371717166093
26636,0.0555107988109434,0.19425104661217282,0.7502381545768838
26637,0.02868632083568418,0.061598199289549876,0.9097154798747661
26638,0.0736193992254492,0.7502969541566653,0.17608364661788548
26639,0.22552090361311006,0.2223586540641771,0.552120442322713
26640,0.09604866304001675,0.13240287271441983,0.7715484642455634
26641,0.1388450610302073,0.6823492680286395,0.1788056709411533
26642,0.03127147720513532,0.06476488706586124,0.9039636357290034
26643,0.08032972179823995,0.10725016829951882,0.8124201099022413
26644,0.001933238827229359,0.006601182308869305,0.9914655788639012
26645,0.07004290811522976,0.0970888513433877,0.8328682405413828
26646,0.5859786905702674,0.1972096989614975,0.21681161046823508
26647,0.08606997322345543,0.12901317543590005,0.7849168513406446
26648,0.05185262558621029,0.4567372693573331,0.4914101050564567
26649,0.041090983474692165,0.11369682421898013,0.8452121923063277
26650,0.4578361882895043,0.4802773395907243,0.0618864721197715
26651,0.1804496406670236,0.694643633075619,0.12490672625735744
26652,0.2202476364974979,0.12677300080175882,0.6529793627007433
26653,0.2474862438043137,0.15643213709882034,0.5960816190968661
26654,0.11526819841635942,0.4521187095888812,0.4326130919947595
26655,0.08909729122553472,0.25815760124632775,0.6527451075281374
26656,0.09585198281832874,0.20285804399078444,0.7012899731908867
26657,0.05842430306802355,0.1353066272852295,0.8062690696467469
26658,0.07683882638218982,0.18412492483940646,0.739036248778404
26659,0.17497608950474644,0.3135823138939601,0.5114415966012934
26660,0.013001951824064379,0.12388638430467049,0.8631116638712651
26661,0.1542943568430292,0.08355817951643486,0.762147463640536
26662,0.042744548402708776,0.19147276610581954,0.7657826854914717
26663,0.09441052865889031,0.11750226481423591,0.7880872065268737
26664,0.10580739510762306,0.23671339128786495,0.657479213604512
26665,0.14577463164756133,0.176609503935051,0.6776158644173876
26666,0.06559477079275124,0.7335282749770534,0.20087695423019516
26667,0.03945290370780045,0.052021707054999526,0.9085253892371999
26668,0.11176575702107999,0.6290920781018877,0.2591421648770322
26669,0.1157379881472811,0.3527076255975435,0.5315543862551754
26670,0.4041041191605009,0.23813298565583263,0.35776289518366644
26671,0.15721800304057812,0.11840756563487935,0.7243744313245425
26672,0.07939564777886791,0.08357765066368252,0.8370267015574496
26673,0.13447363199725207,0.15902578569121315,0.7065005823115346
26674,0.5334246273708125,0.081977603952938,0.3845977686762494
26675,0.03091530270854512,0.09464332316998685,0.8744413741214677
26676,0.048540898329384345,0.10728735856350058,0.8441717431071153
26677,0.0026891171390836716,0.009433374216762554,0.9878775086441539
26678,0.09176394428804668,0.22041737992233165,0.6878186757896216
26679,0.1540017713935549,0.15368106024277786,0.6923171683636671
26680,0.023107203685333335,0.07255657094053246,0.9043362253741343
26681,0.011038253734188458,0.06339899971460865,0.9255627465512032
26682,0.1260512438913363,0.2220824723048587,0.651866283803805
26683,0.08008803074823422,0.42808030371202027,0.4918316655397455
26684,0.051404643390199935,0.1408891583345517,0.8077061982752484
26685,0.29797452916858824,0.1785171967505371,0.5235082740808746
26686,0.06019765556974527,0.14998822308447138,0.7898141213457833
26687,0.10601639486959678,0.11069262132899173,0.7832909838014116
26688,0.4180819302861895,0.48698811253230784,0.09492995718150271
26689,0.09191967082590126,0.15459147918397306,0.7534888499901257
26690,0.044943912238903004,0.10566391541161467,0.8493921723494823
26691,0.06721733485022437,0.09545591595330706,0.8373267491964685
26692,0.040177987719528345,0.3241550154463798,0.6356669968340918
26693,0.5588697232220067,0.07814392128017632,0.36298635549781677
26694,0.5983704382648561,0.38163994833815784,0.019989613396985854
26695,0.012891415221961416,0.026856028207632537,0.960252556570406
26696,0.09030776154659327,0.09123642566538877,0.8184558127880179
26697,0.007742635021925699,0.02235557216789842,0.9699017928101757
26698,0.05788150700482463,0.05992218805712241,0.8821963049380527
26699,0.11633961292857393,0.34776666908939013,0.5358937179820359
26700,0.014837260461856046,0.22563711895553637,0.7595256205826076
26701,0.11681355685396776,0.43098375262229444,0.45220269052373757
26702,0.06299960308846551,0.41668398771610754,0.5203164091954268
26703,0.07237917487740027,0.1482387057347437,0.7793821193878561
26704,0.048633634347658244,0.0756641361523803,0.8757022294999616
26705,0.049490006066907434,0.06750675009911393,0.8830032438339787
26706,0.07703958837839799,0.12423933690321083,0.798721074718391
26707,0.41764043309138493,0.1504056589982228,0.4319539079103923
26708,0.16382395814900788,0.23340374462552585,0.6027722972254662
26709,0.031953095890603064,0.04563832379495508,0.9224085803144417
26710,0.09920608706757537,0.15165169116001334,0.7491422217724114
26711,0.36826362982519095,0.1107938542342186,0.5209425159405903
26712,0.09439559406616573,0.20159959118998086,0.7040048147438535
26713,0.13457688641771984,0.5717498219713533,0.2936732916109268
26714,0.059376776690255983,0.12309740435977706,0.8175258189499669
26715,0.030220793132178948,0.29440698538936766,0.6753722214784533
26716,0.09824624476351505,0.7614351101314908,0.14031864510499412
26717,0.01845391509166182,0.25710461752523756,0.7244414673831007
26718,0.09020617115813052,0.24546351552685775,0.6643303133150118
26719,0.10193010740189666,0.32494312610881076,0.5731267664892926
26720,0.07243114374181703,0.14078240606314849,0.7867864501950345
26721,0.09092647950602689,0.3329186899635142,0.5761548305304588
26722,0.12614909120030302,0.14218978563339604,0.731661123166301
26723,0.08100837976375237,0.10480972472375356,0.8141818955124941
26724,0.0862962028476821,0.5447498163027045,0.36895398084961345
26725,0.03665982754423173,0.19761253868978956,0.7657276337659789
26726,0.14417077380179014,0.3800602022262595,0.47576902397195026
26727,0.049436069840459645,0.07192864884230153,0.878635281317239
26728,0.07021879642976692,0.09478529887658861,0.8349959046936445
26729,0.13663422816479376,0.23663365614671653,0.6267321156884896
26730,0.2518994463311171,0.4673967640547854,0.2807037896140976
26731,0.0743431352947,0.16567711055463896,0.759979754150661
26732,0.22028406825665522,0.7624560852631451,0.017259846480199736
26733,0.03997833624469444,0.0805053036889085,0.8795163600663972
26734,0.04648169630853282,0.14021750798887003,0.8133007957025972
26735,0.06805957439401619,0.1161895332203511,0.8157508923856328
26736,0.12286873646155803,0.15034065470995442,0.7267906088284874
26737,0.09645122774651049,0.2341074740227845,0.669441298230705
26738,0.0799414507894166,0.11325365096372103,0.8068048982468623
26739,0.5624637080579905,0.07580248177808041,0.36173381016392897
26740,0.0015698015464653988,0.004949386516505616,0.9934808119370288
26741,0.14667692173031155,0.8207814602467177,0.03254161802297084
26742,0.05338675316399762,0.15810982049771444,0.7885034263382878
26743,0.11663186736561787,0.1441453986790937,0.7392227339552884
26744,0.0966246841693259,0.29039905488905704,0.6129762609416171
26745,0.058087705283401625,0.11414233343419923,0.827769961282399
26746,0.14590232334457331,0.1855187247745389,0.6685789518808877
26747,0.0762471922093995,0.39986016245882294,0.5238926453317777
26748,0.18300496271793132,0.4477805031246583,0.36921453415741023
26749,0.10509175923396354,0.2358801902049614,0.6590280505610752
26750,0.04612207256939011,0.0807298939036257,0.873148033526984
26751,0.0012574779483332653,0.008121176443962175,0.9906213456077045
26752,0.079220488019154,0.6216632811467011,0.29911623083414496
26753,0.07817586018461978,0.10085161800264093,0.8209725218127392
26754,0.07292353034507311,0.0738802983028724,0.8531961713520545
26755,0.02896961422098963,0.07338033682809544,0.8976500489509148
26756,0.09346008129978134,0.06822195446312591,0.8383179642370928
26757,0.0852623541490616,0.12293436339410779,0.7918032824568307
26758,0.07992902713836748,0.31996829859752346,0.600102674264109
26759,0.07119819976302176,0.17091617817795987,0.7578856220590183
26760,0.13229506114965842,0.21120741631961318,0.6564975225307284
26761,0.04976501991579222,0.14461895582498396,0.8056160242592237
26762,0.08624755557510237,0.12407208414842284,0.7896803602764749
26763,0.05327784835555297,0.10882811781289026,0.8378940338315567
26764,0.08291693487839776,0.13298413411661467,0.7840989310049876
26765,0.002801551846497949,0.006618975575995645,0.9905794725775064
26766,0.07567421039287354,0.35092485808370605,0.5734009315234204
26767,0.10650542730641165,0.22991470531269612,0.6635798673808923
26768,0.03992565408008133,0.9514513590824679,0.008622986837450686
26769,0.13936775746555427,0.2934706475019974,0.5671615950324481
26770,0.07220966868414823,0.19415896024800905,0.7336313710678426
26771,0.1267925973130819,0.8333592009736019,0.03984820171331611
26772,0.7352605743729255,0.06553191492584966,0.19920751070122492
26773,0.0029043554659935297,0.006596359830302781,0.9904992847037036
26774,0.8178864603058155,0.029838399185527335,0.15227514050865706
26775,0.06467598813896898,0.23039711331114868,0.7049268985498824
26776,0.07734192562618905,0.13079947649023496,0.7918585978835759
26777,0.03803445005774824,0.060379106748025886,0.9015864431942259
26778,0.06738614938267246,0.08459981006682253,0.8480140405505051
26779,0.0568839295319277,0.09330739269783156,0.8498086777702407
26780,0.021618648847681398,0.08501027044200181,0.8933710807103168
26781,0.026756132237259058,0.09091930585276785,0.882324561909973
26782,0.027674593362135378,0.05672181189940123,0.9156035947384634
26783,0.16874082871731502,0.2674160393185511,0.563843131964134
26784,0.11445088878817039,0.6179056032006441,0.26764350801118536
26785,0.0632491332242306,0.17384385600321514,0.7629070107725542
26786,0.5089025154739513,0.07799805829754056,0.41309942622850815
26787,0.005998142654278214,0.021791293606962584,0.9722105637387594
26788,0.15441125451553536,0.18043183582284117,0.6651569096616236
26789,0.25901716814370623,0.33248787804971386,0.40849495380657985
26790,0.013884454486896838,0.06542445539087306,0.9206910901222299
26791,0.02913643696778095,0.05333240389922786,0.9175311591329911
26792,0.17805090391137957,0.1315550327911291,0.6903940632974912
26793,0.07993498021488098,0.15853426324229666,0.7615307565428227
26794,0.05916358810883334,0.13244793081542452,0.8083884810757423
26795,0.13021729224314887,0.2496606310272932,0.620122076729558
26796,0.05709572351678497,0.9395915924409848,0.0033126840422302312
26797,0.01447131360899462,0.2459828957277164,0.7395457906632888
26798,0.4305087793247715,0.1329231943599637,0.43656802631526465
26799,0.14153865578821875,0.158414494358415,0.7000468498533662
26800,0.025452988618632977,0.9643640618237015,0.01018294955766569
26801,0.10576546448565777,0.6311916735746256,0.26304286193971665
26802,0.09380523121060362,0.10469805545085999,0.8014967133385364
26803,0.08059756688144179,0.12888411096954236,0.790518322149016
26804,0.03042980377269509,0.0844850437102068,0.8850851525170982
26805,0.0010003609253875644,0.010182800849847419,0.9888168382247651
26806,0.0789420729447188,0.13217574911317298,0.7888821779421081
26807,0.07661222926323785,0.11876413836448912,0.804623632372273
26808,0.05513670366342991,0.14676979648865315,0.7980934998479169
26809,0.08909077664986252,0.2175458920062018,0.6933633313439357
26810,0.04739440140806777,0.25791808755811424,0.6946875110338179
26811,0.03245419623645022,0.05350792074660277,0.9140378830169468
26812,0.09911556260269126,0.11836125213726138,0.7825231852600473
26813,0.07008199892221105,0.38126839394244616,0.5486496071353427
26814,0.1257869961973864,0.12339403155578703,0.7508189722468267
26815,0.08302453252686037,0.15458105335144715,0.7623944141216924
26816,0.05328425089977987,0.3846127448220655,0.5621030042781547
26817,0.06201106513074881,0.04326033713415909,0.8947285977350922
26818,0.10411096101588703,0.08169421741537462,0.8141948215687383
26819,0.11267261050288191,0.2735030052453647,0.6138243842517533
26820,0.15916126233339742,0.83087330748782,0.009965430178782606
26821,0.07078925587386813,0.9245374795317542,0.004673264594377721
26822,0.1316718359454865,0.2493010429215353,0.6190271211329782
26823,0.003400119592340585,0.007901228035705902,0.9886986523719538
26824,0.0948207948397609,0.058816407940843314,0.8463627972193958
26825,0.058154475016253315,0.05669832333492362,0.885147201648823
26826,0.05988882564046403,0.10542896756239008,0.8346822067971459
26827,0.08972127799941619,0.11157715121427846,0.7987015707863053
26828,0.015625391033424973,0.19157100546733707,0.7928036034992378
26829,0.045592876064381976,0.1274580135943131,0.8269491103413046
26830,0.006810217329226141,0.04926668072898704,0.9439231019417867
26831,0.05000472875505121,0.08931559090742348,0.8606796803375253
26832,0.02566304828488866,0.03675112030935095,0.9375858314057602
26833,0.054583404215396335,0.0889643499560253,0.8564522458285784
26834,0.06678800867446155,0.14722690766398905,0.7859850836615495
26835,0.7281864846960505,0.08098074277188112,0.19083277253206835
26836,0.15718600194765273,0.48618903190874185,0.3566249661436054
26837,0.039664451177885925,0.040822459077382994,0.919513089744731
26838,0.11944389551548958,0.3515523927583672,0.5290037117261431
26839,0.9074818230136231,0.01726190670325708,0.07525627028311997
26840,0.003909314276153851,0.02743224277732437,0.9686584429465217
26841,0.03892662255036891,0.057615431986248154,0.9034579454633831
26842,0.060243357835826274,0.16398222789546033,0.7757744142687134
26843,0.07668340995155953,0.07267115331916739,0.850645436729273
26844,0.15002006531213197,0.4743425584619833,0.37563737622588467
26845,0.5109267808908616,0.061441128060755835,0.42763209104838246
26846,0.05638128849692666,0.09106762016297436,0.852551091340099
26847,0.9343960401900221,0.03733703380709636,0.028266926002881342
26848,0.09192970021196412,0.0730423293633375,0.8350279704246985
26849,0.1852617789192752,0.11077033687521459,0.7039678842055103
26850,0.09937393259383785,0.3399355994283939,0.5606904679777681
26851,0.09721124232857702,0.1725183320960777,0.7302704255753455
26852,0.218013974620511,0.7218742604329952,0.060111764946493805
26853,0.09823975081251078,0.07537918592685923,0.8263810632606301
26854,0.03430212324535281,0.9619546232484556,0.0037432535061912315
26855,0.07947386384067712,0.2885034249774702,0.6320227111818526
26856,0.0959560639569107,0.09566522240332122,0.8083787136397681
26857,0.12553430710810795,0.322285641299289,0.552180051592603
26858,0.11831933769097669,0.6866067658639413,0.195073896445082
26859,0.07295206002092906,0.6023981846082808,0.32464975537079005
26860,0.0351635612260974,0.5498785593728471,0.4149578794010554
26861,0.12039831941622797,0.24137128310283273,0.6382303974809392
26862,0.08611581162702076,0.33972359900849414,0.5741605893644851
26863,0.0445681427610321,0.08542198826400664,0.8700098689749614
26864,0.06085221343735691,0.3437628039237257,0.5953849826389176
26865,0.051465455339823794,0.10757530494044061,0.8409592397197357
26866,0.03660104733692587,0.12171746180036848,0.8416814908627056
26867,0.04749749637316788,0.06760522123913316,0.8848972823876987
26868,0.03566214997969836,0.11933611029537204,0.8450017397249295
26869,0.021004751579637184,0.029268022357107213,0.9497272260632555
26870,0.030111129206802482,0.8671212257571134,0.10276764503608427
26871,0.10163004270716175,0.1074249669582689,0.790944990334569
26872,0.09692511760350954,0.1686420374893981,0.7344328449070923
26873,0.0253260230088781,0.08944350230171867,0.885230474689403
26874,0.10456673358368433,0.32225425708922195,0.5731790093270938
26875,0.05596678104523597,0.26603356479335916,0.677999654161405
26876,0.05126365261441098,0.07644096826151252,0.8722953791240765
26877,0.037620121631208946,0.0943729174165034,0.8680069609522878
26878,0.9143564581792983,0.04619282936794114,0.0394507124527606
26879,0.10048942097185103,0.2188236465743765,0.6806869324537724
26880,0.3793755743838003,0.072363459030111,0.5482609665860886
26881,0.07273351192586905,0.14547717572920962,0.7817893123449213
26882,0.38193432751458906,0.10616618850304858,0.5118994839823623
26883,0.05370015807407453,0.0737272891874236,0.872572552738502
26884,0.07685427448819764,0.4175570538406798,0.5055886716711226
26885,0.21800286584289671,0.1721728502839275,0.6098242838731759
26886,0.05583508411018448,0.11050241725416772,0.8336624986356479
26887,0.027727961108630846,0.06837857347321341,0.9038934654181556
26888,0.14013006775152229,0.1961262182276828,0.663743714020795
26889,0.027437754996614078,0.09746164278531344,0.8751006022180724
26890,0.010576769256611699,0.12602519794173636,0.8633980328016517
26891,0.0850809545429006,0.43295056915129443,0.481968476305805
26892,0.0461118235965502,0.14207864115167937,0.8118095352517704
26893,0.05550558158448732,0.06632502653507537,0.8781693918804373
26894,0.06842311117981077,0.08315219071375227,0.8484246981064371
26895,0.1289664150250043,0.3580655273086745,0.5129680576663213
26896,0.07414296403780572,0.19117404435958954,0.7346829916026048
26897,0.0849488515404463,0.19769608006497874,0.717355068394575
26898,0.05191598270206496,0.11735676533098865,0.8307272519669464
26899,0.08097404548374358,0.1318311624593471,0.7871947920569092
26900,0.06642189911221393,0.2138966901076885,0.7196814107800975
26901,0.05834505077532226,0.2021142429477151,0.7395407062769626
26902,0.0016877977835521587,0.004061081406452606,0.9942511208099954
26903,0.10994915799703964,0.2895027810148071,0.6005480609881534
26904,0.5118484304904823,0.4754892453677322,0.012662324141785579
26905,0.0046479480090512535,0.02819887298508653,0.9671531790058623
26906,0.03110307570662865,0.04138788600942866,0.9275090382839425
26907,0.15061404208629817,0.10067953229241573,0.7487064256212862
26908,0.09211518879299431,0.13996804091182027,0.7679167702951855
26909,0.06177147849982756,0.6099070517013454,0.3283214697988271
26910,0.04488866689567786,0.1480540137650194,0.8070573193393029
26911,0.0030077971775098796,0.010412378876015945,0.9865798239464741
26912,0.001954421620282572,0.010664818433581712,0.9873807599461358
26913,0.2228322371303212,0.1515325604640044,0.6256352024056744
26914,0.07693297155650682,0.18244435292455777,0.7406226755189356
26915,0.13062858147892245,0.1518740505477384,0.7174973679733392
26916,0.1031675541456613,0.8899217290077138,0.006910716846624916
26917,0.04677273513963531,0.10327843103420115,0.8499488338261637
26918,0.08354293256553612,0.13648802270091073,0.7799690447335533
26919,0.4285635527157021,0.1608392959637758,0.410597151320522
26920,0.1290851760855756,0.32534152443102804,0.5455732994833965
26921,0.022933039534909327,0.7304119139033252,0.24665504656176543
26922,0.06657162949136762,0.3612651763026775,0.572163194205955
26923,0.038925067700922786,0.06749208999060614,0.893582842308471
26924,0.09872863636502884,0.10975381541983369,0.7915175482151374
26925,0.08608972157998625,0.06863494751056119,0.8452753309094527
26926,0.4956809015791092,0.43030320424820184,0.07401589417268888
26927,0.06075864405030266,0.09844119222019916,0.8408001637294985
26928,0.04395616707147906,0.9506971211378556,0.005346711790665443
26929,0.04640183528526438,0.11422736059389287,0.8393708041208429
26930,0.06284364845309852,0.6409981721202737,0.29615817942662787
26931,0.20960434054135405,0.7778344170907409,0.01256124236790509
26932,0.08330281222014073,0.6654405850493893,0.25125660273046996
26933,0.9456662929096749,0.0204205459488811,0.033913161141443986
26934,0.004212076020546692,0.009610756289193247,0.98617716769026
26935,0.042659158925822456,0.12341530520850093,0.833925535865677
26936,0.06441151072469084,0.07895101338626462,0.8566374758890444
26937,0.1067669174128279,0.3726955239662452,0.5205375586209269
26938,0.14930579318756834,0.8330948832818869,0.01759932353054457
26939,0.52994667384531,0.4541297454715927,0.015923580683097405
26940,0.06107111920018233,0.10976526025724083,0.8291636205425769
26941,0.1120208225470478,0.17593262273419633,0.7120465547187559
26942,0.2471279614812226,0.1848522093063734,0.5680198292124039
26943,0.04965289086297728,0.374859066197764,0.5754880429392588
26944,0.0025386008721631423,0.007042301767912702,0.990419097359924
26945,0.14677991331770157,0.4639980254100265,0.3892220612722718
26946,0.22218881289276327,0.09531252504536548,0.6824986620618713
26947,0.07907708957756025,0.44934693145485777,0.4715759789675819
26948,0.0948581836345373,0.28654915763824507,0.6185926587272176
26949,0.4107614605935563,0.13537016707364322,0.45386837233280036
26950,0.15654716975714142,0.20890637245976673,0.6345464577830919
26951,0.4106833510753303,0.3964581223592121,0.19285852656545752
26952,0.12395376057214662,0.3167507255482643,0.5592955138795891
26953,0.07098987289103953,0.026729507128101997,0.9022806199808583
26954,0.008963349464273985,0.07383963349102919,0.9171970170446966
26955,0.061453398521080733,0.6029731310633047,0.3355734704156146
26956,0.1813072045596301,0.2339396154163956,0.5847531800239743
26957,0.69633998861445,0.10786136390281988,0.1957986474827301
26958,0.2025796212496697,0.16021687116863434,0.6372035075816959
26959,0.04904637409135931,0.20382632297623637,0.7471273029324044
26960,0.027469297929648733,0.0957943492803618,0.8767363527899895
26961,0.0436974319537252,0.08768527895752005,0.8686172890887547
26962,0.057571679479613946,0.699251390468094,0.24317693005229213
26963,0.5588697232220067,0.07814392128017632,0.36298635549781677
26964,0.12753837065000204,0.1028382225173209,0.7696234068326769
26965,0.08984894785311077,0.4859652016672766,0.4241858504796126
26966,0.07414296403780572,0.19117404435958954,0.7346829916026048
26967,0.0632634340934183,0.1037020968053654,0.8330344691012163
26968,0.1714985149429308,0.1249215476427601,0.7035799374143089
26969,0.007495856925500116,0.04812376138613111,0.944380381688369
26970,0.06478604665622845,0.10535449303979129,0.8298594603039803
26971,0.11405797535847768,0.22480052944483986,0.6611414951966826
26972,0.11447198726495543,0.2660341876466897,0.6194938250883549
26973,0.027826055913353184,0.10344879669571906,0.8687251473909274
26974,0.05965737715449317,0.053557267315624844,0.886785355529882
26975,0.059441501848810224,0.06465322520597665,0.8759052729452131
26976,0.13996891971623107,0.8278422273779924,0.03218885290577638
26977,0.031171934309067884,0.1180756859390128,0.8507523797519193
26978,0.0476785189361229,0.15094778689496788,0.8013736941689092
26979,0.004338119461336334,0.020495993840733723,0.9751658866979298
26980,0.03257146090992042,0.0806580194249932,0.8867705196650865
26981,0.12870997145836888,0.23399507245252524,0.6372949560891058
26982,0.07540378439511053,0.17934117574694822,0.7452550398579412
26983,0.1161670332225097,0.20455880481498426,0.6792741619625059
26984,0.043956567461400774,0.09085267279030386,0.8651907597482954
26985,0.15296267264380178,0.21848640745364134,0.6285509199025568
26986,0.04336572201384146,0.05696715840157307,0.8996671195845855
26987,0.11974889131841922,0.3789840117513561,0.5012670969302246
26988,0.12980939869710229,0.4551018305395948,0.41508877076330286
26989,0.11053683497471574,0.26704371768753093,0.6224194473377533
26990,0.05281713163518221,0.1099444889813897,0.837238379383428
26991,0.053544097586950716,0.07221075572913482,0.8742451466839145
26992,0.11357079672629172,0.4992668406156185,0.3871623626580898
26993,0.10097753019338201,0.15214440183359038,0.7468780679730275
26994,0.004010317207069171,0.011780196160324635,0.9842094866326061
26995,0.014346038766833961,0.1614748263302739,0.8241791349028923
26996,0.0016885489904812263,0.010163182536748954,0.9881482684727702
26997,0.2516031974882273,0.4432337220525801,0.30516308045919266
26998,0.1972811380369277,0.13192193625365536,0.6707969257094168
26999,0.42381758574183664,0.1304893943532669,0.44569301990489635
27000,0.07370059655521637,0.5466018918112943,0.37969751163348947
27001,0.06342252637120281,0.37987128162733735,0.5567061920014599
27002,0.05396417919826793,0.2733893104645233,0.6726465103372088
27003,0.08857456824385734,0.1296953906297911,0.7817300411263516
27004,0.1111648331954367,0.24858978567773016,0.6402453811268332
27005,0.04118651321233551,0.38352045080077607,0.5752930359868885
27006,0.019892441144595454,0.06686191957031554,0.9132456392850891
27007,0.06656294441422482,0.8203497685348681,0.11308728705090719
27008,0.08175776453720386,0.1968147461230235,0.7214274893397726
27009,0.0181065465680166,0.15183456121041897,0.8300588922215645
27010,0.027677132569168584,0.07893497834543657,0.8933878890853949
27011,0.17004503340408508,0.5270403492812988,0.30291461731461616
27012,0.06095207255990234,0.07945342368034673,0.8595945037597511
27013,0.2998990041086492,0.13045104881660866,0.569649947074742
27014,0.0916330965905139,0.49756441494945064,0.4108024884600356
27015,0.12028034893612599,0.31119715775923246,0.5685224933046416
27016,0.0390402422856902,0.09189678250926343,0.8690629752050464
27017,0.002704110117333483,0.008437525733238678,0.9888583641494278
27018,0.05869940383929215,0.13230886625945065,0.8089917299012571
27019,0.07680729441228228,0.14195972073838276,0.7812329848493351
27020,0.049195959913945125,0.42853903832008083,0.5222650017659739
27021,0.0832581008094423,0.3939636022060671,0.5227782969844906
27022,0.06400950101994507,0.19211800302518367,0.7438724959548714
27023,0.11572420316399655,0.46459649929181984,0.4196792975441836
27024,0.07826358106797161,0.24178911481980092,0.6799473041122274
27025,0.19533372973050714,0.07925323145376562,0.7254130388157272
27026,0.0017025681931293589,0.00831464700202775,0.9899827848048428
27027,0.09826996444992601,0.09950818779142699,0.802221847758647
27028,0.37830604518998506,0.10663065721380276,0.5150632975962122
27029,0.030435043921888196,0.0909126392194059,0.8786523168587062
27030,0.14213795262798076,0.5249941786152009,0.33286786875681823
27031,0.4693452735403852,0.24166497584567348,0.28898975061394133
27032,0.2979158750460395,0.12235687787419468,0.5797272470797659
27033,0.02545421672243571,0.0523243378569301,0.9222214454206341
27034,0.0014531257737474136,0.0053727875351033275,0.9931740866911495
27035,0.712633142011348,0.08307790654705947,0.20428895144159245
27036,0.042499776366188353,0.07085278749061366,0.8866474361431983
27037,0.1648586852458638,0.1637347177254411,0.671406597028695
27038,0.0598842884317529,0.0632930567554549,0.8768226548127921
27039,0.23591959802162643,0.15139243302519736,0.6126879689531762
27040,0.109522446159258,0.10181586640356195,0.78866168743718
27041,0.021209303370229107,0.024623652667083384,0.9541670439626876
27042,0.3100138958502792,0.6681190412248935,0.021867062924827332
27043,0.10025553205467697,0.1330273632405798,0.7667171047047431
27044,0.050992112740444094,0.14343706712599066,0.8055708201335653
27045,0.09135999848948757,0.13751038344901845,0.7711296180614938
27046,0.02346833635608303,0.05448091100268534,0.9220507526412316
27047,0.04888341876959638,0.8828351928480903,0.0682813883823136
27048,0.22591301538351272,0.7653213704810953,0.008765614135391977
27049,0.09282240610378023,0.31916927071170403,0.5880083231845158
27050,0.021424457840508417,0.12678593005618233,0.8517896121033095
27051,0.11235409499933303,0.25894424619614714,0.6287016588045197
27052,0.002122147165811996,0.009585882538808913,0.988291970295379
27053,0.01994158690870127,0.16129682835843984,0.8187615847328589
27054,0.11199006888958861,0.09434634077369913,0.7936635903367123
27055,0.2071754685724693,0.777937860588153,0.014886670839377744
27056,0.26426755524374074,0.7192609914757919,0.016471453280467344
27057,0.05738157507713707,0.19631634512916518,0.7463020797936978
27058,0.1492489459461312,0.12274321423800849,0.7280078398158603
27059,0.020466168722145857,0.05953299304508545,0.9200008382327688
27060,0.0016110477800174283,0.007464449357136739,0.9909245028628461
27061,0.4871324970911641,0.1370231845687348,0.3758443183401012
27062,0.15549567237418055,0.10163605679399412,0.7428682708318254
27063,0.053213336356735336,0.0648943024941062,0.8818923611491583
27064,0.02189635605030398,0.023959859815430713,0.9541437841342653
27065,0.07184225580349145,0.7987395976965338,0.12941814649997482
27066,0.030857460545042893,0.059865986650436465,0.9092765528045209
27067,0.07182317968129352,0.16957505012409435,0.7586017701946118
27068,0.47273260575189946,0.12725771895359678,0.40000967529450365
27069,0.028745294597914434,0.047812820119080494,0.9234418852830052
27070,0.04319148390117238,0.048126782466525846,0.908681733632302
27071,0.06899485926303713,0.10966243779660001,0.8213427029403629
27072,0.07618482924955172,0.33005380441341514,0.593761366337033
27073,0.1003281485457596,0.1464195539187741,0.7532522975354664
