index,0,1,2
26457,0.05823140161165864,0.12490245587100927,0.816866142517332
26458,0.2608156757345566,0.24639587224614345,0.49278845201929994
26459,0.041538106159492647,0.065412889913889,0.8930490039266185
26460,0.0688684145036402,0.08485223690059113,0.8462793485957687
26461,0.04799643423074832,0.1980033181021614,0.7540002476670902
26462,0.03943421833916123,0.12245423023557264,0.8381115514252662
26463,0.311816752972844,0.6697645944614666,0.018418652565689288
26464,0.08376018200824575,0.13630692208060283,0.7799328959111513
26465,0.05009638368842469,0.09393404775634559,0.8559695685552298
26466,0.02776522327715265,0.38776668918267304,0.5844680875401744
26467,0.20295623107582478,0.14728675984531728,0.6497570090788578
26468,0.07923027948886244,0.09799725735474557,0.8227724631563922
26469,0.8614283647043902,0.0671681368653541,0.07140349843025566
26470,0.15243403925251095,0.16454179064215285,0.6830241701053361
26471,0.06761928751119466,0.0783013368663216,0.8540793756224837
26472,0.18471286265422274,0.19582753301267675,0.6194596043331004
26473,0.09043631152236796,0.08103359203668069,0.8285300964409513
26474,0.2056411818347292,0.7770577703544218,0.01730104781084885
26475,0.2878432932084847,0.2504328366970352,0.46172387009448
26476,0.0016881057660494052,0.009727111385453598,0.9885847828484968
26477,0.15288099023539908,0.16429335819923613,0.6828256515653649
26478,0.002188200837377648,0.006477766425481213,0.991334032737141
26479,0.06280843200259885,0.13631953950303116,0.8008720284943699
26480,0.07885902967574851,0.08948835894391632,0.831652611380335
26481,0.03755877873309341,0.28435077261520875,0.678090448651698
26482,0.14291773786142942,0.12004390807364775,0.7370383540649227
26483,0.03227115991622037,0.137746358846656,0.8299824812371236
26484,0.12693294631315302,0.07465396527390968,0.7984130884129372
26485,0.06309405820423203,0.06302423367338568,0.8738817081223821
26486,0.08492258678132593,0.14967181982518052,0.7654055933934937
26487,0.03915798380308041,0.08546240000780012,0.8753796161891194
26488,0.15766436268408732,0.801451970263808,0.04088366705210488
26489,0.052800835884115556,0.1798889592922318,0.7673102048236528
26490,0.08864008812038729,0.18612552224242873,0.7252343896371838
26491,0.05209514290289846,0.09007113072300116,0.8578337263741004
26492,0.09249313055609673,0.1962347348449564,0.7112721345989468
26493,0.2751721813948796,0.7216966419996572,0.00313117660546313
26494,0.12268843946558212,0.23185758063987758,0.64545397989454
26495,0.041927548020960846,0.07346511415735386,0.8846073378216852
26496,0.08545113583880684,0.1973817806619232,0.7171670834992698
26497,0.04715231703856464,0.8498598366179508,0.1029878463434846
26498,0.16928691506312102,0.48809353988097065,0.34261954505590836
26499,0.06861843848650767,0.13125186469985653,0.8001296968136358
26500,0.07592093984800033,0.3970753291650623,0.5270037309869374
26501,0.0943883787451436,0.2414119417347849,0.6641996795200714
26502,0.015641625906183974,0.04498084340294145,0.9393775306908745
26503,0.1622057676393348,0.613355788356669,0.2244384440039962
26504,0.026219376273351122,0.08260910269409846,0.8911715210325503
26505,0.05585466008834502,0.05353887153934516,0.8906064683723097
26506,0.0778349502352253,0.8921223481171031,0.030042701647671657
26507,0.15797226590194952,0.831311210704296,0.010716523393754536
26508,0.1286925497389283,0.29966787846042064,0.5716395718006511
26509,0.10119017721716876,0.13282218337700397,0.7659876394058275
26510,0.06689723276072303,0.17487009293409453,0.7582326743051825
26511,0.03177453882111708,0.06226529966433914,0.9059601615145438
26512,0.9042384906653239,0.049296331893929145,0.04646517744074704
26513,0.06264849862785173,0.18268530990678347,0.7546661914653648
26514,0.04132395576269373,0.06503873498587841,0.893637309251428
26515,0.404319682204201,0.047630369825663654,0.5480499479701353
26516,0.06053721103034775,0.2618178484350584,0.6776449405345941
26517,0.25794743631807465,0.7224275817096237,0.01962498197230148
26518,0.06541619209223863,0.08812244041798947,0.846461367489772
26519,0.42390431301847126,0.1331904218118348,0.44290526516969375
26520,0.02731002610231951,0.8262220622761995,0.14646791162148098
26521,0.08314501148570495,0.19679293387318159,0.7200620546411136
26522,0.0647307378080363,0.11393754645646025,0.8213317157355033
26523,0.1315591438201515,0.3006916406374466,0.5677492155424019
26524,0.012026148089929146,0.1186303777873932,0.8693434741226777
26525,0.28497209421573627,0.2209360026315237,0.49409190315274004
26526,0.06144268104998257,0.07505945197929904,0.8634978669707186
26527,0.06689952747671353,0.1524496570470357,0.7806508154762506
26528,0.17273126291134436,0.8072220526598025,0.020046684428853188
26529,0.3448092646415159,0.08332247682203882,0.5718682585364454
26530,0.05388330501964412,0.06549380837143119,0.8806228866089246
26531,0.02150828497522443,0.10751774899514077,0.8709739660296347
26532,0.1267191168369385,0.11650158107132959,0.756779302091732
26533,0.019228817863938798,0.08719397075929572,0.8935772113767654
26534,0.05619779073998013,0.14517886529300486,0.798623343967015
26535,0.03444346613793828,0.06771524738451443,0.8978412864775471
26536,0.18498430059971452,0.35243261566450146,0.46258308373578394
26537,0.03878071811353572,0.04889641987608747,0.9123228620103768
26538,0.048745474447928185,0.404205031660584,0.5470494938914879
26539,0.03705689013207757,0.1355594421067835,0.8273836677611391
26540,0.09859924437922253,0.33681708448998154,0.564583671130796
26541,0.08520167000285701,0.14093923736673253,0.7738590926304105
26542,0.09351647296491931,0.1890182137507916,0.7174653132842891
26543,0.014865993874610137,0.043202550463750246,0.9419314556616398
26544,0.024448564089181543,0.09610288474243255,0.8794485511683859
26545,0.10264736727835741,0.30247309865140587,0.5948795340702367
26546,0.07900601411376634,0.11187946993258548,0.8091145159536483
26547,0.03482090722456345,0.07096466347579691,0.8942144292996395
26548,0.05027211597613542,0.037065368338172304,0.9126625156856923
26549,0.15184978869387217,0.838074276679901,0.010075934626226858
26550,0.07361781612231766,0.25253389614306354,0.6738482877346187
26551,0.07992172394969073,0.20372357642706393,0.7163546996232454
26552,0.04157222036670696,0.21965973873151684,0.7387680409017761
26553,0.011258198736603052,0.05519446908297776,0.9335473321804192
26554,0.09547148703535158,0.3605970147655505,0.543931498199098
26555,0.043909450609094514,0.07435856063094519,0.8817319887599603
26556,0.057291433824374634,0.17418555141269518,0.7685230147629303
26557,0.00264162232960983,0.00895153121240223,0.9884068464579877
26558,0.43083353817522474,0.19071157360975768,0.37845488821501766
26559,0.3614211874560845,0.1216521025550057,0.5169267099889099
26560,0.07156013054093784,0.20553686477239538,0.7229030046866669
26561,0.06606976767181247,0.23541038877342582,0.6985198435547616
26562,0.06102788703737702,0.06574629254694947,0.8732258204156735
26563,0.032603439435965775,0.11427404013119682,0.8531225204328376
26564,0.043356286190419806,0.12130215130619458,0.8353415625033855
26565,0.10238220861547431,0.33472497359552905,0.5628928177889967
26566,0.1662288964240792,0.1276122106643329,0.706158892911588
26567,0.05826037811518673,0.16733040735570753,0.7744092145291057
26568,0.3412218481332822,0.6280035972413345,0.030774554625383338
26569,0.03746489302323457,0.10869502337789887,0.8538400835988667
26570,0.15886211199421948,0.236463483144656,0.6046744048611243
26571,0.041228809607726714,0.06995528611367628,0.8888159042785971
26572,0.07672457799157285,0.24073102271480665,0.6825443992936205
26573,0.07404946197255853,0.17478194473182557,0.7511685932956161
26574,0.20307318688209583,0.12943113363198624,0.6674956794859178
26575,0.1137835497057785,0.13347326661612652,0.7527431836780949
26576,0.04072549170637272,0.05559432988186585,0.9036801784117613
26577,0.06010121350051881,0.08553885059239896,0.854359935907082
26578,0.15455763639178882,0.25401288613879636,0.5914294774694148
26579,0.11432797695772755,0.8751711670880136,0.010500855954258712
26580,0.00272021804287725,0.006774171572120652,0.9905056103850022
26581,0.07439058229106649,0.16495523653244373,0.7606541811764901
26582,0.015131968621134795,0.040461988851373254,0.9444060425274917
26583,0.10216067364082661,0.13516161175300406,0.7626777146061693
26584,0.08366085968750997,0.1699373956970493,0.7464017446154407
26585,0.14184721808540934,0.3772274706588947,0.48092531125569615
26586,0.32860958072601654,0.3521801960149029,0.3192102232590806
26587,0.19760950684195594,0.34982635238848325,0.45256414076956086
26588,0.07360817272076643,0.21973094046258168,0.7066608868166521
26589,0.11610989660091905,0.11997048913870668,0.7639196142603742
26590,0.09742453278707325,0.5438177005263946,0.3587577666865322
26591,0.19675883007420616,0.7894620135221964,0.013779156403597517
26592,0.3042972821459029,0.1548592445897574,0.5408434732643396
26593,0.07626055266011199,0.159896432780746,0.763843014559142
26594,0.12622606149253235,0.08864882615029289,0.7851251123571747
26595,0.0332147181285301,0.07262684425185938,0.8941584376196104
26596,0.10705339974963952,0.19315394028509442,0.6997926599652661
26597,0.2491196053198366,0.3649320420272042,0.3859483526529591
26598,0.15187272618621955,0.21882380355476447,0.6293034702590158
26599,0.0410702794707117,0.05988339827260057,0.8990463222566878
26600,0.05171720513983109,0.1129616291678106,0.8353211656923584
26601,0.1096109812858588,0.17900314021257663,0.7113858785015645
26602,0.09447313491841564,0.1687572654911548,0.7367695995904296
26603,0.07856083634993466,0.0783530292633438,0.8430861343867216
26604,0.06570510661970475,0.1103999677443132,0.8238949256359819
26605,0.09707961270305604,0.18875809893267684,0.7141622883642669
26606,0.20272677412823448,0.3140579033171153,0.4832153225546503
26607,0.08354169237531892,0.8892615401334439,0.02719676749123698
26608,0.028008353932544548,0.08826163180934107,0.8837300142581143
26609,0.05000096584873497,0.14178740473756332,0.8082116294137017
26610,0.43826829471262474,0.497065678138278,0.06466602714909733
26611,0.11033592972688808,0.2637893362725348,0.625874734000577
26612,0.10151733600359426,0.31487416866241696,0.583608495333989
26613,0.1197230551452299,0.14906678959555159,0.7312101552592184
26614,0.07665483242554555,0.11061269336231681,0.8127324742121377
26615,0.0026451784913702546,0.011105879497437902,0.986248942011192
26616,0.08122694071735564,0.09705907377462733,0.821713985508017
26617,0.21919444276861105,0.13062405698588203,0.6501815002455069
26618,0.12140713278790763,0.20185695177868096,0.6767359154334115
26619,0.1477446193452446,0.2024435719972931,0.6498118086574624
26620,0.39371107653710585,0.5823701579722781,0.02391876549061627
26621,0.05249997901572368,0.059705776320892,0.8877942446633845
26622,0.12378857480452199,0.4494743431918934,0.4267370820035847
26623,0.05227718629689214,0.5496303345543206,0.3980924791487873
26624,0.10438812914313224,0.2038439616074694,0.6917679092493983
26625,0.29792613136651347,0.25065654320792324,0.45141732542556323
26626,0.16373857549240875,0.09327117216208704,0.7429902523455042
26627,0.07497529011741205,0.13659222643562144,0.7884324834469665
26628,0.08716404074807962,0.17957994995565074,0.7332560092962694
26629,0.033334134784116766,0.046346497555230896,0.9203193676606523
26630,0.079549142611202,0.15769538669627195,0.762755470692526
26631,0.05939583077763651,0.0812599777186972,0.8593441915036665
26632,0.43185384261779314,0.11516618167213392,0.45297997571007304
26633,0.053548730522428735,0.16101891822519623,0.7854323512523749
26634,0.08518989596642482,0.08134492792851279,0.8334651761050624
26635,0.025698979231953214,0.16629855327885104,0.8080024674891958
26636,0.05497732145806425,0.1966137454818471,0.7484089330600887
26637,0.030122037158137712,0.06723795481312098,0.9026400080287412
26638,0.07032145430370443,0.7492093518308193,0.18046919386547625
26639,0.23014843048974074,0.22127329178838614,0.5485782777218732
26640,0.09913508423907957,0.13427243466757063,0.7665924810933498
26641,0.1510664501763366,0.6735165335069316,0.17541701631673182
26642,0.03491125509767176,0.06804414777845896,0.8970445971238694
26643,0.07900283888808579,0.10592633222973646,0.8150708288821777
26644,0.002157480714600553,0.006551768254232471,0.9912907510311669
26645,0.07160755355096239,0.10236172737814969,0.8260307190708879
26646,0.5731151570176969,0.20185787602988461,0.22502696695241867
26647,0.08526747395668721,0.12933209815030175,0.7854004278930112
26648,0.05437324809074751,0.46609738595470923,0.47952936595454326
26649,0.040481174831751,0.11168822911614301,0.8478305960521058
26650,0.47217143058565675,0.4675252960453773,0.06030327336896589
26651,0.1718564519608412,0.6997644256557933,0.1283791223833655
26652,0.21647683677076052,0.13145339032373538,0.6520697729055038
26653,0.26450840656114927,0.1560185833198762,0.5794730101189746
26654,0.11922495389689544,0.4425643061041389,0.43821073999896565
26655,0.08876836453939169,0.25656611957889025,0.6546655158817182
26656,0.09782876405246262,0.20940894819710876,0.6927622877504288
26657,0.06087320110358378,0.14294303161393473,0.7961837672824814
26658,0.07876978398798667,0.19108080444710657,0.7301494115649069
26659,0.16862406448051084,0.33285607467757017,0.49851986084191896
26660,0.011324892249175688,0.10956544706799208,0.8791096606828321
26661,0.15105959124633517,0.07676254326712535,0.7721778654865393
26662,0.042190402564857565,0.19267525715636794,0.7651343402787745
26663,0.09111501806606713,0.11897769829778966,0.7899072836361434
26664,0.1074344767248428,0.23619461377053647,0.6563709095046206
26665,0.1422572964038112,0.18206988672355562,0.675672816872633
26666,0.07165574528559548,0.7150048332239499,0.21333942149045454
26667,0.04121163634633566,0.05506488883041598,0.9037234748232484
26668,0.11287117170543086,0.6313443553383927,0.2557844729561764
26669,0.1112309335605808,0.3574226668259228,0.5313463996134964
26670,0.4064275125138579,0.25015014325274526,0.3434223442333967
26671,0.15639337182998678,0.11121418252834113,0.7323924456416719
26672,0.07643003009405866,0.0785364182588322,0.845033551647109
26673,0.12587039811393716,0.15282752370656383,0.7213020781794989
26674,0.5227375469583513,0.08363073240572395,0.3936317206359246
26675,0.030027858400463976,0.09359433245444923,0.8763778091450868
26676,0.047793173249971045,0.1076271189273015,0.8445797078227274
26677,0.002855894261295871,0.009957608342536832,0.9871864973961673
26678,0.09307558367289828,0.21277325490759316,0.6941511614195085
26679,0.15225296182106465,0.15456484452489297,0.6931821936540423
26680,0.023614686850004223,0.0775322071192673,0.8988531060307287
26681,0.012668961514209261,0.06416376281332699,0.9231672756724637
26682,0.12474194717290737,0.20539252831931443,0.6698655245077781
26683,0.07707466630374647,0.41534104080608486,0.5075842928901687
26684,0.05038784174123875,0.15224490054740777,0.7973672577113534
26685,0.2840535944310903,0.1951652159951289,0.5207811895737807
26686,0.06138076362299207,0.14742504296270445,0.7911941934143036
26687,0.10783589259078923,0.10630681113933811,0.7858572962698726
26688,0.41608223547218587,0.48553753739694944,0.09838022713086468
26689,0.08577049917838853,0.1397926653123977,0.7744368355092136
26690,0.046492842525182404,0.1091764640901184,0.8443306933846991
26691,0.06740743821521179,0.1021645840662163,0.8304279777185719
26692,0.04062437950519148,0.31473128440522163,0.6446443360895868
26693,0.5578803915665375,0.08579352346318221,0.35632608497028045
26694,0.5979564865425921,0.3816263410196657,0.02041717243774223
26695,0.013194546111526716,0.026002858690245614,0.9608025951982275
26696,0.09356763029659369,0.0919863297534363,0.8144460399499699
26697,0.008506411443723796,0.024166181663979974,0.9673274068922962
26698,0.059654558768669354,0.05946779981214157,0.8808776414191891
26699,0.11200008397673747,0.36076154637687136,0.527238369646391
26700,0.01414854458062343,0.22351868521770585,0.7623327702016707
26701,0.12016947953750885,0.41135407509094707,0.4684764453715439
26702,0.06788250432545667,0.42415901781904175,0.5079584778555014
26703,0.0770129192407028,0.1504327637080893,0.7725543170512078
26704,0.05176822081171814,0.08343298812003859,0.8647987910682433
26705,0.05359715721921216,0.07248069171466377,0.873922151066124
26706,0.07488539142377484,0.1257141352811209,0.7994004732951043
26707,0.40611068783964904,0.1536264635631483,0.4402628485972027
26708,0.16255148294414687,0.2300445940591329,0.6074039229967201
26709,0.032242454562124476,0.04440272913065693,0.9233548163072186
26710,0.09909745544010022,0.15270489797533274,0.748197646584567
26711,0.3486930216027131,0.11428895502208894,0.5370180233751979
26712,0.09262343632000725,0.19497082539546787,0.7124057382845249
26713,0.14712443067490447,0.5562210426642828,0.29665452666081266
26714,0.061627208732670094,0.1236154070961917,0.8147573841711382
26715,0.033010561725108134,0.3003449362918549,0.6666445019830372
26716,0.0976820449470001,0.765282817667792,0.1370351373852078
26717,0.0202292989265745,0.2561914304437952,0.7235792706296301
26718,0.08521569800170994,0.25011952727745607,0.6646647747208341
26719,0.10302023494163469,0.31973073132862817,0.5772490337297371
26720,0.07193256396240608,0.1407361349456683,0.7873313010919257
26721,0.09641943636837257,0.3322704881325919,0.5713100754990358
26722,0.12647320102020324,0.14538999750756829,0.7281368014722285
26723,0.07761099298164231,0.09993405406559867,0.8224549529527588
26724,0.0946224117523829,0.5141325288748454,0.3912450593727718
26725,0.03575699253800076,0.20565588337883345,0.7585871240831658
26726,0.13732571072395436,0.3760035296062946,0.48667075966975104
26727,0.051890378599841594,0.0791588821902227,0.8689507392099356
26728,0.07053216754963347,0.09769245080393188,0.8317753816464346
26729,0.13772264951778407,0.23652658490190068,0.6257507655803153
26730,0.25296584268944744,0.46812929448150187,0.27890486282905064
26731,0.07892867163823512,0.15995571045894763,0.7611156179028172
26732,0.20932295946476945,0.7730278116590815,0.017649228876149125
26733,0.03992674868682447,0.07761078499585201,0.8824624663173237
26734,0.04888107663895092,0.14487178783810728,0.8062471355229418
26735,0.0703777487480812,0.1190059444977537,0.8106163067541652
26736,0.12049278172424044,0.14559579625269317,0.7339114220230665
26737,0.09780659996854942,0.23273191268553858,0.6694614873459118
26738,0.08131636422330966,0.11262728493232951,0.8060563508443608
26739,0.5699071786737142,0.07369442658435647,0.35639839474192914
26740,0.0017041711625898094,0.0055012007715324425,0.9927946280658775
26741,0.14246857077979985,0.8231731261642931,0.03435830305590705
26742,0.05074003810101223,0.15043416773173898,0.7988257941672487
26743,0.11902199454308499,0.14928071743650786,0.7316972880204068
26744,0.09249211152457626,0.27857109367610466,0.6289367947993191
26745,0.06019305361303919,0.11542143753373348,0.8243855088532274
26746,0.14770474536733855,0.18938835598163292,0.6629068986510286
26747,0.08181552900381679,0.3765331677286855,0.5416513032674978
26748,0.1892832753908431,0.45885662121008974,0.35186010339906726
26749,0.10675591819350262,0.22488324239066948,0.6683608394158279
26750,0.04293680024813714,0.07978476604551187,0.8772784337063512
26751,0.0015069044721981852,0.00917798660286933,0.9893151089249324
26752,0.0780579058580978,0.6228395531072641,0.29910254103463824
26753,0.08011834122939293,0.10195850942418484,0.8179231493464223
26754,0.07429434960144432,0.07392452482228384,0.8517811255762717
26755,0.028997388713515364,0.07504044152865347,0.8959621697578313
26756,0.11001895704973412,0.07255481035586483,0.8174262325944013
26757,0.08850552353211917,0.12656948306356502,0.784924993404316
26758,0.0789015848878549,0.32075236449350075,0.6003460506186443
26759,0.0701776160503074,0.16515783632654377,0.7646645476231486
26760,0.1254054326008247,0.21684590867907053,0.6577486587201048
26761,0.051632295189412855,0.15123900491850215,0.7971286998920851
26762,0.08601830897764098,0.13115839684630032,0.7828232941760589
26763,0.056381560146451064,0.1067008493842556,0.8369175904692933
26764,0.08797980818261111,0.13597332850495455,0.7760468633124344
26765,0.0029622892518706566,0.006829034157897275,0.990208676590232
26766,0.07782116915383676,0.3634148394705299,0.5587639913756333
26767,0.10834097842579568,0.22981141302689012,0.6618476085473142
26768,0.04311892715180461,0.9483481196474339,0.008532953200761589
26769,0.1490810992292351,0.2891621767822607,0.5617567239885043
26770,0.07679806270517799,0.20572968694658808,0.717472250348234
26771,0.12452710321988912,0.843048528398877,0.03242436838123377
26772,0.7347571437901543,0.06348657739851282,0.20175627881133287
26773,0.002985036626396865,0.0068304232945992395,0.990184540079004
26774,0.8301906789065394,0.02714936057506065,0.14265996051839996
26775,0.0639871659487267,0.23475388546563938,0.701258948585634
26776,0.07986300813346447,0.1359122246657131,0.7842247672008227
26777,0.041470226479617296,0.06530412634357215,0.8932256471768105
26778,0.06700097007220517,0.08696760394023828,0.8460314259875567
26779,0.055050240280368125,0.09385527068153005,0.8510944890381018
26780,0.02234266554443089,0.08236987187150342,0.8952874625840657
26781,0.026452967022553436,0.09217686977146755,0.881370163205979
26782,0.030255490379127892,0.062126856761009756,0.9076176528598623
26783,0.17208219136093475,0.2752868875500876,0.5526309210889776
26784,0.11390291596527798,0.6116149738567819,0.2744821101779402
26785,0.06477126617455475,0.16809540635801867,0.7671333274674267
26786,0.4732213640056184,0.08381430046289697,0.4429643355314847
26787,0.0062131865662676585,0.020463712197807373,0.973323101235925
26788,0.15440636292158466,0.19122338718082135,0.6543702498975938
26789,0.25221507670434146,0.3351674646140883,0.4126174586815701
26790,0.013702575227003603,0.06893543731158171,0.9173619874614148
26791,0.0279935109396601,0.057362003513698905,0.914644485546641
26792,0.17824139723761212,0.15901938985094546,0.6627392129114423
26793,0.08153501603941467,0.1543310714846399,0.7641339124759454
26794,0.05647937535126784,0.13759488076059825,0.805925743888134
26795,0.133236094257136,0.23682598407583375,0.6299379216670303
26796,0.050928193981978745,0.9454428914912385,0.0036289145267827567
26797,0.015006244534108341,0.2644609484946483,0.7205328069712434
26798,0.42271217218155194,0.13220741170738629,0.44508041611106175
26799,0.1393301460019769,0.1558332360890809,0.7048366179089421
26800,0.02835006196663907,0.9606619738743709,0.010987964158990247
26801,0.11006106815454673,0.6237691517706059,0.2661697800748475
26802,0.09288369871861664,0.10130519123689335,0.8058111100444901
26803,0.07666402378018121,0.12533530301390172,0.7980006732059169
26804,0.034623185117389106,0.09008486277304356,0.8752919521095676
26805,0.001037685267070038,0.011339775124178796,0.987622539608751
26806,0.07956389508545156,0.1347709710453844,0.7856651338691639
26807,0.07511753211594786,0.11513336413026465,0.8097491037537873
26808,0.05853730733964952,0.14820656817338762,0.7932561244869629
26809,0.08296102296186898,0.2303226745058066,0.6867163025323244
26810,0.04715985577314048,0.23641777734735475,0.716422366879505
26811,0.034771364908721264,0.056109769802129644,0.909118865289149
26812,0.09727810748348525,0.11710427714501669,0.7856176153714981
26813,0.07552100102455352,0.3788991798499335,0.5455798191255129
26814,0.11699505863611652,0.12344937924165797,0.7595555621222254
26815,0.08511049619704396,0.14618142596934186,0.7687080778336143
26816,0.05231109670190949,0.3716889331845902,0.5759999701135003
26817,0.06491811856569672,0.04248783444332946,0.8925940469909736
26818,0.10378455536516826,0.08570194953200592,0.8105134951028258
26819,0.10900531213732198,0.2863465135785488,0.6046481742841292
26820,0.1650672306022512,0.8252805793449755,0.009652190052773579
26821,0.07236873784727614,0.9226138828540636,0.005017379298660025
26822,0.13627622261861158,0.24774335891439872,0.6159804184669896
26823,0.0031189197465970406,0.007358859962474089,0.9895222202909287
26824,0.09190568146297834,0.05603842678770848,0.8520558917493133
26825,0.055547732488971595,0.05177631514872896,0.8926759523622994
26826,0.062293091727688744,0.10035873068346514,0.8373481775888462
26827,0.09031905397086482,0.11487212148728486,0.7948088245418502
26828,0.016655249790535585,0.1842904780662083,0.799054272143256
26829,0.0411188132665721,0.11733525075342259,0.8415459359800053
26830,0.0070181164848734994,0.0525036403750636,0.9404782431400628
26831,0.04907379626691872,0.0861684547095214,0.8647577490235598
26832,0.026677486382178348,0.039980500583079594,0.9333420130347421
26833,0.051855918964522185,0.09147823128316766,0.8566658497523101
26834,0.06537861195443402,0.14944627984986442,0.7851751081957017
26835,0.7264254440452319,0.08124274982507343,0.19233180612969486
26836,0.16087597041661292,0.4722563262734039,0.36686770330998314
26837,0.039204901474591825,0.0439421911089103,0.9168529074164979
26838,0.11941198552841338,0.3569977755039982,0.5235902389675885
26839,0.9095823925001464,0.018980148400133994,0.07143745909971967
26840,0.004153651170255693,0.028711869476864743,0.9671344793528797
26841,0.041529769278383734,0.059219115214540846,0.8992511155070753
26842,0.06206358086558046,0.16561776000739173,0.7723186591270278
26843,0.07595673468617369,0.07126626457896194,0.8527770007348643
26844,0.1491960854816791,0.46046590527769776,0.3903380092406231
26845,0.49665931347238096,0.06492152584595713,0.4384191606816618
26846,0.05869683530095739,0.09978780678475424,0.8415153579142883
26847,0.9326785972273228,0.03921903947583998,0.02810236329683718
26848,0.0887399382098975,0.07588680581497774,0.835373255975125
26849,0.18526655627738858,0.10856978359398857,0.7061636601286229
26850,0.09820399528818101,0.2947629295161168,0.607033075195702
26851,0.09927404552465037,0.16551868384854274,0.7352072706268069
26852,0.2210548550344179,0.7185008844498643,0.06044426051571752
26853,0.0888058180811804,0.07054846206098785,0.8406457198578317
26854,0.035146498061616946,0.9614683633144415,0.00338513862394136
26855,0.08017568130435979,0.28891237042063733,0.630911948275003
26856,0.09795043613754412,0.0923773108102069,0.8096722530522491
26857,0.13139947019558731,0.3252891801850368,0.5433113496193757
26858,0.11893759056400612,0.6868025370147988,0.19425987242119508
26859,0.07495684031993827,0.601020418729749,0.32402274095031297
26860,0.03529759274960675,0.5329485544450838,0.4317538528053095
26861,0.13673359593340967,0.2405210892384585,0.6227453148281319
26862,0.09060192983528335,0.32101007419592736,0.5883879959687894
26863,0.041540379159085386,0.0811764883434181,0.8772831324974966
26864,0.05991329843991805,0.34936457392773057,0.5907221276323511
26865,0.05294768378463831,0.10553997584294024,0.8415123403724215
26866,0.038872674427269216,0.12298752016084283,0.8381398054118882
26867,0.05080632800104999,0.07021070341565386,0.8789829685832962
26868,0.0340284207176878,0.12187192995363715,0.8440996493286752
26869,0.022234763167110434,0.029050492137248488,0.9487147446956412
26870,0.030083580542495936,0.8665668466507568,0.10334957280674706
26871,0.10488605365066021,0.10880103088769413,0.7863129154616456
26872,0.09916415517832722,0.1638120696240042,0.7370237751976688
26873,0.02627496754907686,0.08676499362150877,0.8869600388294144
26874,0.10716602552292888,0.32154462075596896,0.5712893537211022
26875,0.05923802343981812,0.25916709930427734,0.6815948772559047
26876,0.0543612514701731,0.0765880326668447,0.8690507158629822
26877,0.037303265553830255,0.09378211338434503,0.8689146210618248
26878,0.9131723065221343,0.04480857352010959,0.04201911995775606
26879,0.09801133126914044,0.22223890562282306,0.6797497631080366
26880,0.3910983436598727,0.07614709550342523,0.5327545608367019
26881,0.07389196643698252,0.14420604874553805,0.7819019848174795
26882,0.3662494881988138,0.10995758321078845,0.5237929285903977
26883,0.05430873423653242,0.0788421597702646,0.8668491059932031
26884,0.08203795656663837,0.41991472169266497,0.4980473217406968
26885,0.21831606539099838,0.17191925293898797,0.6097646816700136
26886,0.05504577948380867,0.11238035329932726,0.8325738672168641
26887,0.03239130190599947,0.07320408078280184,0.8944046173111985
26888,0.14561278958929344,0.1947306666908766,0.65965654371983
26889,0.02892388908790192,0.09183377209463527,0.8792423388174627
26890,0.010124144204810915,0.11665094702615021,0.8732249087690389
26891,0.08847940866284322,0.4139246372735037,0.4975959540636533
26892,0.04823772688233346,0.1459080425659044,0.8058542305517621
26893,0.05367790223746564,0.0689322106037381,0.8773898871587963
26894,0.06939996581082035,0.08392109764717066,0.846678936542009
26895,0.1359304234100507,0.3630123368077134,0.5010572397822357
26896,0.07724342626546175,0.19868815889243022,0.724068414842108
26897,0.07746789773589574,0.20371274341608037,0.7188193588480238
26898,0.05334129359430718,0.11953598921344676,0.8271227171922463
26899,0.08947651572353388,0.1360731694598195,0.7744503148166465
26900,0.06886888422608033,0.2046969857783358,0.7264341299955838
26901,0.06245718788764801,0.21046275005171436,0.7270800620606379
26902,0.001747466791898072,0.003912528015660675,0.9943400051924411
26903,0.11319008169790015,0.27897049358547715,0.6078394247166224
26904,0.5034704716854796,0.4839268574079634,0.012602670906556819
26905,0.004322191491970172,0.024974587339800427,0.9707032211682294
26906,0.031721069663944,0.044639301847531246,0.9236396284885245
26907,0.15084664642164297,0.10217989399578006,0.746973459582577
26908,0.09921164216088252,0.1479078642860505,0.752880493553067
26909,0.05890683554520221,0.6202534192381135,0.3208397452166843
26910,0.047235040540235924,0.15706787488772755,0.7956970845720366
26911,0.002999260345476581,0.01026373943272234,0.9867370002218011
26912,0.0019397749323533818,0.01099257135218394,0.987067653715463
26913,0.2197934885850717,0.15420605739128543,0.6260004540236429
26914,0.07688424065175294,0.18692178393495343,0.7361939754132938
26915,0.1278004589443001,0.14499604520575093,0.727203495849949
26916,0.10695549313845376,0.886126020572736,0.006918486288810405
26917,0.04637263723869916,0.10425640605173678,0.8493709567095642
26918,0.08700637075552867,0.13817057541736968,0.7748230538271018
26919,0.43950172107541735,0.1580319907977078,0.40246628812687485
26920,0.1255910907848644,0.33209387288167336,0.5423150363334621
26921,0.023317961496350074,0.7319971636207527,0.2446848748828972
26922,0.06515762000732013,0.36741335548173215,0.5674290245109477
26923,0.0385209645389462,0.06849245906861232,0.8929865763924413
26924,0.10074095091269125,0.11509947732983979,0.784159571757469
26925,0.0811836572259735,0.06376462991127253,0.8550517128627539
26926,0.4904124308403655,0.4373852197107309,0.07220234944890348
26927,0.06508926340797697,0.09941886913977403,0.8354918674522492
26928,0.04782232241201817,0.9463641650638205,0.005813512524161484
26929,0.04783091687283165,0.11519961912355668,0.8369694640036116
26930,0.06482618017247439,0.6456160517663945,0.289557768061131
26931,0.20596042634196565,0.7816305237535467,0.012409049904487672
26932,0.08046247852375733,0.653037475107103,0.2665000463691396
26933,0.9468124500168384,0.02171082910401263,0.031476720879148976
26934,0.004217220236674305,0.010625507732016417,0.9851572720313094
26935,0.04017856591703973,0.12192045882565782,0.8379009752573023
26936,0.06675065724707781,0.0849863765622251,0.8482629661906971
26937,0.10642665225095395,0.343908424669118,0.5496649230799282
26938,0.1623817118711292,0.8199627538595483,0.017655534269322506
26939,0.49561832145831847,0.48689623602239035,0.017485442519291006
26940,0.06133641117326678,0.10784881045719262,0.8308147783695404
26941,0.11489738230316565,0.18041094797188126,0.704691669724953
26942,0.2356590446144048,0.18297875233986116,0.5813622030457339
26943,0.04827552672405839,0.38226114380738074,0.5694633294685608
26944,0.002464053769443988,0.0062184504489463605,0.9913174957816097
26945,0.14432804152854037,0.4661072890738654,0.3895646693975942
26946,0.2147721869957788,0.09177162094858721,0.693456192055634
26947,0.07541291035068622,0.4506885329028703,0.4738985567464435
26948,0.09478267452920229,0.2723738254906789,0.632843499980119
26949,0.40822903498477,0.13918670058937754,0.4525842644258525
26950,0.163985810267865,0.21951481319383367,0.6164993765383012
26951,0.4187477383057544,0.37917986202772486,0.2020723996665209
26952,0.1195591270994604,0.3105391479924335,0.5699017249081061
26953,0.072639225889556,0.027541955691056625,0.8998188184193872
26954,0.009882398041790579,0.07378177688533409,0.916335825072875
26955,0.06136212198340182,0.6018828899818087,0.3367549880347896
26956,0.18723145255620166,0.23604528164935557,0.5767232657944428
26957,0.6983976996995302,0.10446513580772689,0.19713716449274266
26958,0.19358709642217764,0.1635686349601952,0.6428442686176271
26959,0.04965205554545277,0.2045588701688746,0.7457890742856728
26960,0.02703272005733907,0.09383057117337935,0.8791367087692815
26961,0.04597837199037541,0.09296623802865091,0.8610553899809735
26962,0.058907268853950354,0.6954722831925771,0.24562044795347268
26963,0.5578803915665375,0.08579352346318221,0.35632608497028045
26964,0.13032690159634278,0.1009791951111691,0.7686939032924881
26965,0.09766159001082898,0.4562031270980868,0.4461352828910841
26966,0.07724342626546175,0.19868815889243022,0.724068414842108
26967,0.060715168641027266,0.10500520046566676,0.8342796308933058
26968,0.17163698813106354,0.12407643943305897,0.7042865724358774
26969,0.007823971796891815,0.052435673486152294,0.939740354716956
26970,0.06699821465403603,0.10700159371130501,0.826000191634659
26971,0.11972171990312504,0.22256868038298439,0.6577095997138903
26972,0.11575876368626122,0.2628542413861173,0.6213869949276214
26973,0.028194494895109997,0.10380773518495641,0.8679977699199336
26974,0.06290174561014017,0.059759910135245654,0.877338344254614
26975,0.06066834092752732,0.06500662533874316,0.8743250337337294
26976,0.12643606418205577,0.8452608763040808,0.028303059513863412
26977,0.03407544148872596,0.12266201550319283,0.8432625430080812
26978,0.0512555746541341,0.14478497821756242,0.8039594471283033
26979,0.003953603858493225,0.021777350049922158,0.9742690460915846
26980,0.030576054144600538,0.07907078252000746,0.890353163335392
26981,0.12899215089190816,0.2301035865397418,0.6409042625683502
26982,0.07915745970460575,0.17885910464573015,0.7419834356496642
26983,0.11034193704024589,0.20618695991702088,0.6834711030427333
26984,0.047685571787047805,0.09115218313021083,0.8611622450827416
26985,0.1392023510194396,0.21278210190187893,0.6480155470786814
26986,0.044472190131569896,0.05903541519272003,0.8964923946757104
26987,0.11935122344345052,0.36974782580514964,0.5109009507513997
26988,0.13929998875874552,0.4512275926633876,0.4094724185778669
26989,0.10522991869442093,0.2628621533430043,0.6319079279625747
26990,0.05435099015452806,0.11375456727480611,0.8318944425706657
26991,0.05299556554997667,0.0760810651315048,0.8709233693185184
26992,0.10979267330744207,0.5147504148250471,0.3754569118675106
26993,0.10051204472095009,0.15091495925696788,0.7485729960220823
26994,0.004064785140991173,0.011395092184544155,0.9845401226744648
26995,0.014212828234889445,0.15075625125655268,0.8350309205085578
26996,0.0018295404155680799,0.011746861974372603,0.9864235976100595
26997,0.2594957187865215,0.4305066203826712,0.3099976608308075
26998,0.19761665505732076,0.13292048827609493,0.6694628566665842
26999,0.41853058961942263,0.1323023309031172,0.44916707947746015
27000,0.07778621200059083,0.5434052465877849,0.3788085414116245
27001,0.06488188047351,0.3833120090895975,0.5518061104368925
27002,0.05836288765073871,0.28404455330626077,0.6575925590430004
27003,0.09037573847628107,0.1349772926251039,0.7746469688986147
27004,0.11441981623434268,0.2520444721783725,0.6335357115872847
27005,0.041201385960984827,0.3988005132111195,0.5599981008278958
27006,0.022286918436655978,0.07516800807714298,0.9025450734862012
27007,0.07293248142947259,0.8187469997440163,0.108320518826511
27008,0.09104306079666903,0.1875107984932086,0.7214461407101225
27009,0.018478237749809272,0.14866057725958368,0.832861184990607
27010,0.03118588252720203,0.08588215307823523,0.8829319643945627
27011,0.16700654800581474,0.5203724189173478,0.31262103307683764
27012,0.058940535862206204,0.07724323620657617,0.8638162279312176
27013,0.28730416171652423,0.12713511426791915,0.5855607240155566
27014,0.09267260172799702,0.49434157528247613,0.4129858229895269
27015,0.1186039834482089,0.3282987754407653,0.553097241111026
27016,0.04141145534905082,0.09799992133531255,0.8605886233156367
27017,0.0026587320168056944,0.0093734451064864,0.9879678228767081
27018,0.06001253882681025,0.1379167292134091,0.8020707319597804
27019,0.07994741749601753,0.14394598644579415,0.7761065960581882
27020,0.05095916223091432,0.41845485982807495,0.5305859779410108
27021,0.08165482546299027,0.38658964229559334,0.5317555322414166
27022,0.06561696188484524,0.19720438485142466,0.7371786532637301
27023,0.11419989392361403,0.4629782770847873,0.4228218289915986
27024,0.08020233199603456,0.25620880106460237,0.663588866939363
27025,0.20345171695499906,0.07864074184357549,0.7179075412014255
27026,0.0017566344041654138,0.0084294960908265,0.9898138695050082
27027,0.10075627586141603,0.09751877980607943,0.8017249443325047
27028,0.37519836569013404,0.10863116560623555,0.5161704687036305
27029,0.030913620537814886,0.10020295340719798,0.8688834260549873
27030,0.14096777657012569,0.5255880649647144,0.3334441584651596
27031,0.462250140403071,0.2513184676394813,0.28643139195744777
27032,0.29100587671729455,0.12968958799511418,0.5793045352875913
27033,0.02728968422699871,0.05277894368083395,0.9199313720921674
27034,0.0014664978448496425,0.005805415529995912,0.9927280866251544
27035,0.7070393874366582,0.0861629973673894,0.20679761519595252
27036,0.044756922312026,0.07336254833221872,0.8818805293557554
27037,0.15781118857883902,0.16980975435486442,0.6723790570662965
27038,0.06595394457589179,0.06443563228222494,0.8696104231418835
27039,0.2353339678309943,0.1618349987581165,0.6028310334108892
27040,0.10630722762718695,0.10721325234920069,0.7864795200236124
27041,0.021020435969716148,0.0267416530105784,0.9522379110197053
27042,0.31802028812642014,0.6619663756292582,0.020013336244321667
27043,0.09740483680622895,0.1303556990819463,0.7722394641118248
27044,0.05171279918271625,0.14456539653109227,0.8037218042861914
27045,0.09202339890995319,0.1345438337202931,0.7734327673697535
27046,0.027257232436691006,0.06015588256740782,0.9125868849959012
27047,0.05045121328993073,0.8817984420157847,0.06775034469428462
27048,0.20879512426286848,0.7821384305267891,0.009066445210342305
27049,0.09224970011152474,0.3438613692272367,0.5638889306612386
27050,0.022829661700293234,0.12623836860839233,0.8509319696913145
27051,0.11753400722504147,0.25225181162322746,0.6302141811517309
27052,0.002309545905446511,0.009991165314682412,0.9876992887798712
27053,0.0198045112526162,0.17175139087205332,0.8084440978753307
27054,0.10933093624483987,0.09867820062939563,0.7919908631257646
27055,0.1958254705925373,0.7889452527485771,0.015229276658885668
27056,0.24821944113397906,0.7348638326646799,0.016916726201341072
27057,0.059824141700018645,0.19059001224950636,0.7495858460504751
27058,0.1490617495314116,0.12495446185756309,0.7259837886110256
27059,0.019496038015770115,0.0627248340537744,0.9177791279304556
27060,0.001669086352321374,0.008146441311849164,0.9901844723358294
27061,0.4896423398571937,0.12982384778436257,0.38053381235844375
27062,0.16130305354828584,0.11105644833082282,0.7276404981208914
27063,0.056872839333657915,0.06561613429643721,0.8775110263699047
27064,0.02079889890403736,0.02360440604413228,0.9555966950518304
27065,0.07186436102186687,0.7946842597798124,0.13345137919832079
27066,0.030086915976319052,0.06281079672243774,0.9071022873012431
27067,0.07166799587144933,0.16135143905920085,0.76698056506935
27068,0.45835189093103895,0.1330580959424565,0.4085900131265045
27069,0.031065941762233498,0.05275112929009615,0.9161829289476705
27070,0.04081724288493674,0.04463430418292232,0.9145484529321409
27071,0.08059759725031936,0.11919075360490605,0.8002116491447744
27072,0.07860368771041301,0.3223013332554321,0.599094979034155
27073,0.10265140110571219,0.15374604213019755,0.7436025567640903
