index,0,1,2
26457,0.05495675918901745,0.11875885041880499,0.8262843903921777
26458,0.26978605707333597,0.23616690963614806,0.49404703329051597
26459,0.042375309005173493,0.06219440797957606,0.8954302830152504
26460,0.06954055329756377,0.08796903606700428,0.8424904106354318
26461,0.05375753668057446,0.18957977517034252,0.7566626881490829
26462,0.03771487039284945,0.12305535108953325,0.8392297785176173
26463,0.3200733499139511,0.6615105554093212,0.018416094676727657
26464,0.0837922464767432,0.14461221990810133,0.7715955336151554
26465,0.0487358512756139,0.09314400080698104,0.8581201479174051
26466,0.026859861768834068,0.3896665005394796,0.5834736376916864
26467,0.20834404631551623,0.15061318331550813,0.6410427703689756
26468,0.0733106949228988,0.09502849926065549,0.8316608058164456
26469,0.8655867426987537,0.06661005677433353,0.06780320052691287
26470,0.1458543583245747,0.16171203466819967,0.6924336070072256
26471,0.06863978316086732,0.07538399970268495,0.8559762171364478
26472,0.18080553263829297,0.1916219489217313,0.6275725184399757
26473,0.09285615738658586,0.08139734322870891,0.8257464993847051
26474,0.21421726898695126,0.7677315714670053,0.01805115954604347
26475,0.29510002074149516,0.24914921971692885,0.4557507595415759
26476,0.0013250331485362937,0.008682114743348039,0.9899928521081155
26477,0.15408618692167766,0.15551823154269856,0.6903955815356237
26478,0.002064779667649845,0.006008205429069145,0.9919270149032811
26479,0.061998757516837366,0.12919602956539697,0.8088052129177659
26480,0.0746249964606723,0.08222684150423144,0.8431481620350961
26481,0.036029850141845246,0.2769280367023828,0.6870421131557721
26482,0.14222715049975304,0.12429433796254852,0.7334785115376983
26483,0.03149873614651132,0.13851167136436657,0.829989592489122
26484,0.12420767614086091,0.07910762477414612,0.7966846990849932
26485,0.05999508708895674,0.06302573070983146,0.8769791822012117
26486,0.08467469573251682,0.14944710854045326,0.7658781957270301
26487,0.03935831630692407,0.08632029852720134,0.8743213851658747
26488,0.15072782569357832,0.8130878283438072,0.03618434596261448
26489,0.05304622273278924,0.17084893323788802,0.7761048440293227
26490,0.08862279420139349,0.199018596363939,0.7123586094346674
26491,0.04989793320448909,0.0862586223292042,0.8638434444663071
26492,0.09589999936205566,0.19877850993048846,0.7053214907074556
26493,0.27052698806359804,0.7262115687816898,0.003261443154712157
26494,0.12042966539935925,0.23252740557727103,0.6470429290233698
26495,0.04387488942755855,0.0698165937745142,0.8863085167979271
26496,0.08672776800387817,0.20780212976457832,0.7054701022315435
26497,0.04140359172816253,0.8663049355001146,0.09229147277172257
26498,0.1705089545845058,0.49932485257786136,0.330166192837633
26499,0.06881878623008666,0.13024655014285338,0.8009346636270599
26500,0.06991559214147887,0.3961875979891002,0.5338968098694208
26501,0.09861365059128194,0.2689038165440199,0.6324825328646984
26502,0.014979128602962783,0.04165179864488202,0.9433690727521556
26503,0.1572479973154506,0.6099400487105714,0.23281195397397797
26504,0.024777041942223216,0.0805415352117164,0.8946814228460603
26505,0.0540897880911832,0.05063877007903155,0.8952714418297852
26506,0.07399505083398775,0.8987581673536335,0.027246781812378836
26507,0.16532991219130463,0.8239026671026973,0.010767420705997696
26508,0.12457447357969312,0.29999012519666907,0.5754354012236379
26509,0.09560908376869982,0.1272278919439207,0.7771630242873796
26510,0.06711296638286433,0.17892845163132323,0.7539585819858126
26511,0.0317415835871861,0.061332101399640473,0.9069263150131733
26512,0.9082239633831746,0.0461654167659332,0.04561061985089234
26513,0.06125639310598712,0.18271608013911894,0.756027526754894
26514,0.04048096075373891,0.06652129144985842,0.8929977477964026
26515,0.4014288289428563,0.04772474543114467,0.5508464256259991
26516,0.058338054448791046,0.26596335947923344,0.6756985860719756
26517,0.2625048572928256,0.7169845061008583,0.020510636606316152
26518,0.06371580457080243,0.08450574826827137,0.8517784471609262
26519,0.44762702365248147,0.12369347742487857,0.42867949892263996
26520,0.026454657405225377,0.8235699746726699,0.14997536792210453
26521,0.08122404236550819,0.20401848416906038,0.7147574734654315
26522,0.06156632726180538,0.11681559345280801,0.8216180792853869
26523,0.12878850900652508,0.2981877513913985,0.5730237396020764
26524,0.011427082320229723,0.1330381585709456,0.8555347591088248
26525,0.2971266035514755,0.22504950712120123,0.4778238893273231
26526,0.06316071273818381,0.07739254172256806,0.8594467455392482
26527,0.06364080664877082,0.14742855539133734,0.7889306379598917
26528,0.1704192999200206,0.8100893348007778,0.01949136527920161
26529,0.356668443019964,0.08365342011970554,0.5596781368603305
26530,0.051515671087486385,0.06201495703952326,0.8864693718729904
26531,0.022157638934499204,0.11154636357026192,0.8662959974952387
26532,0.1279410736145202,0.11865443169469006,0.75340449469079
26533,0.018124423495681774,0.08626729516776166,0.8956082813365566
26534,0.05891534411776402,0.15218081881743364,0.7889038370648024
26535,0.033923269081072654,0.06827311072082985,0.8978036201980977
26536,0.1818329848997994,0.3513835259898618,0.4667834891103388
26537,0.039391200239095946,0.04862251131986038,0.9119862884410436
26538,0.04775505190480135,0.3801591811381909,0.5720857669570077
26539,0.03780926888014382,0.13274795647371707,0.8294427746461391
26540,0.0933931554166343,0.35854976293149315,0.5480570816518725
26541,0.08240209438206554,0.14519437202201452,0.7724035335959201
26542,0.0871116102885882,0.17865970827424477,0.7342286814371671
26543,0.01457595647782091,0.04532962574781065,0.9400944177743684
26544,0.026291995175761553,0.09254558567960959,0.8811624191446289
26545,0.09953276199406332,0.2946991414584004,0.6057680965475363
26546,0.07954610840036418,0.11012917630952768,0.8103247152901083
26547,0.03317729066411889,0.06897890878928072,0.8978438005466004
26548,0.05243924013602748,0.037738566661612905,0.9098221932023595
26549,0.1461491799120425,0.843513557482944,0.01033726260501377
26550,0.06837497922610838,0.25657864905111694,0.6750463717227747
26551,0.0771687589333895,0.2115858423717488,0.7112453986948619
26552,0.04040844781953527,0.2144404874950721,0.7451510646853926
26553,0.01114090482585375,0.05358653521298199,0.9352725599611645
26554,0.10067752727580333,0.3476522327586615,0.5516702399655351
26555,0.04371359264417352,0.0753083509823258,0.8809780563735006
26556,0.06062805225111177,0.17221621526521622,0.767155732483672
26557,0.0027892059363187334,0.009469897713624848,0.9877408963500562
26558,0.4496298349598266,0.1770754883206305,0.37329467671954303
26559,0.37631917475965204,0.12558358283639343,0.49809724240395453
26560,0.06917660278358141,0.23890334526328746,0.6919200519531311
26561,0.06414888422393848,0.22274703627581474,0.7131040795002469
26562,0.05598816633847623,0.06476532321163071,0.8792465104498931
26563,0.03150278336854619,0.1084296113568173,0.8600676052746364
26564,0.04200921685712344,0.1173638872310953,0.8406268959117813
26565,0.1060187803205557,0.338429841666042,0.5555513780134024
26566,0.17530555211416193,0.13673115115570922,0.6879632967301289
26567,0.057227932375128035,0.16597568411513167,0.7767963835097403
26568,0.3366167393799843,0.6358162575964242,0.02756700302359144
26569,0.03688296676962186,0.10825899774350911,0.8548580354868692
26570,0.15515447927195167,0.20941538259339812,0.6354301381346502
26571,0.03805034597416109,0.06583411681867198,0.896115537207167
26572,0.07803357202049309,0.25696439942749744,0.6650020285520094
26573,0.06585774271404149,0.17740937721514635,0.756732880070812
26574,0.2022217200399344,0.12973653776276647,0.6680417421972991
26575,0.11475906975070675,0.11914637484181105,0.7660945554074822
26576,0.037424282887291827,0.05475574639125892,0.9078199707214493
26577,0.054411112363675226,0.08772228221318569,0.8578666054231391
26578,0.14791288644896064,0.2557203984908489,0.5963667150601903
26579,0.10861392697442973,0.8809696807831217,0.010416392242448532
26580,0.0027244079709783627,0.006950095148678204,0.9903254968803434
26581,0.06974470923561717,0.1589412464672086,0.7713140442971742
26582,0.01465592646703387,0.04096705981316908,0.944377013719797
26583,0.10103221960141108,0.124036205424543,0.774931574974046
26584,0.08215794392641365,0.16970791525725784,0.7481341408163286
26585,0.14149155365690294,0.38353451022349855,0.47497393611959854
26586,0.3335362044026971,0.35085405858324237,0.31560973701406037
26587,0.1884035453111985,0.3553778420040187,0.45621861268478286
26588,0.07116635677988366,0.2060029401517173,0.722830703068399
26589,0.11661472367009403,0.124868011980767,0.7585172643491392
26590,0.0975127943320536,0.5534008413406005,0.3490863643273457
26591,0.18509295551179666,0.8016173208321179,0.013289723656085339
26592,0.3123037984124966,0.1518490374894002,0.5358471640981031
26593,0.07466534938663227,0.16104908640878554,0.764285564204582
26594,0.12175319134719931,0.08253897181073076,0.7957078368420701
26595,0.03295848499134616,0.06637975879247503,0.9006617562161787
26596,0.10034720737826168,0.19516648832139077,0.7044863043003476
26597,0.25972950612028106,0.36914422933560725,0.3711262645441117
26598,0.14552339615679818,0.22805705297908666,0.6264195508641152
26599,0.04091345996723755,0.05881142095756965,0.9002751190751924
26600,0.05355791123882269,0.12313351610822722,0.8233085726529501
26601,0.1085424746780398,0.18294153276356087,0.7085159925583993
26602,0.10073379779960963,0.16665337160933077,0.7326128305910594
26603,0.08257057760443884,0.07610759737018422,0.841321825025377
26604,0.057870874394540354,0.10358069128626854,0.8385484343191912
26605,0.09310762286531644,0.18526179499719123,0.7216305821374924
26606,0.17835907922008717,0.32970628173280614,0.4919346390471067
26607,0.0784375607224826,0.896485401470829,0.025077037806688487
26608,0.024764661579426094,0.08400890026484445,0.8912264381557298
26609,0.05364456361907372,0.13744910687438242,0.8089063295065438
26610,0.4662633256464336,0.4710636920354397,0.06267298231812678
26611,0.10747243124153957,0.26273022789022493,0.6297973408682356
26612,0.09644681582012278,0.32697576845780013,0.576577415722077
26613,0.11438865548522496,0.13814923203625665,0.7474621124785185
26614,0.07886333644285377,0.10980854765908846,0.8113281158980578
26615,0.0028466916495378633,0.011694599737374795,0.9854587086130872
26616,0.08104818485131517,0.09978372052358,0.8191680946251046
26617,0.22320513855206373,0.12478899355478837,0.6520058678931479
26618,0.11801051715033813,0.21007949356267766,0.6719099892869842
26619,0.1499603978191236,0.20237121132754718,0.6476683908533291
26620,0.40087778728647844,0.5766607521371867,0.02246146057633497
26621,0.04936823163426197,0.05674769371604453,0.8938840746496934
26622,0.1223551403375267,0.4542836241723596,0.4233612354901137
26623,0.05324946621084321,0.555347663644872,0.3914028701442847
26624,0.10865347710075067,0.1933148343141641,0.6980316885850851
26625,0.29625719115200233,0.2464990201313018,0.457243788716696
26626,0.15717192967497298,0.09170275144413767,0.7511253188808894
26627,0.07901883809195243,0.12820454542801787,0.7927766164800296
26628,0.0801636417360876,0.1796176039098461,0.7402187543540661
26629,0.030223065236201444,0.04209350006023223,0.9276834347035666
26630,0.07498909840603021,0.15029025471917082,0.7747206468747988
26631,0.05419994701387707,0.0777403974395523,0.8680596555465706
26632,0.42020292108273083,0.11465397565680527,0.46514310326046393
26633,0.053649686503790206,0.16248140554371507,0.7838689079524948
26634,0.09038811036742668,0.07907377772562349,0.8305381119069496
26635,0.02547843197293746,0.15868371530130054,0.8158378527257618
26636,0.05653958104546585,0.18829411901734588,0.7551662999371882
26637,0.02768158621948047,0.06490909552603538,0.9074093182544841
26638,0.07612131350719507,0.7364955591924831,0.18738312730032175
26639,0.21566508755282762,0.22633364797423175,0.5580012644729406
26640,0.09043385297727347,0.1264213497954973,0.7831447972272292
26641,0.1448933320906018,0.6760303256790839,0.17907634223031435
26642,0.034512606324928426,0.0701017336491034,0.8953856600259684
26643,0.07806890339670133,0.10770400124013786,0.8142270953631607
26644,0.0019939340092907727,0.0065505243164248935,0.9914555416742843
26645,0.07256390337443183,0.09695492193426133,0.8304811746913068
26646,0.5814515926486845,0.1989416339486457,0.21960677340266965
26647,0.08161231700117436,0.1279062104588031,0.7904814725400228
26648,0.053741968418747364,0.46123038169360303,0.4850276498876495
26649,0.04015292318962004,0.1173821861736217,0.8424648906367581
26650,0.4843555404958339,0.45689721496146735,0.05874724454269859
26651,0.18595370456403656,0.6940278483788863,0.12001844705707729
26652,0.22835213708938,0.12742731049078043,0.6442205524198394
26653,0.24011153313458425,0.16000321626832617,0.5998852505970896
26654,0.1109521801979921,0.4536124056349702,0.43543541416703785
26655,0.08884339164056894,0.2613541729920449,0.6498024353673861
26656,0.09883817399829019,0.2028101849487863,0.6983516410529235
26657,0.058022002806072163,0.14081569203169655,0.8011623051622315
26658,0.07948134383389853,0.18523997066985656,0.7352786854962448
26659,0.15949653534744143,0.34181564733835973,0.49868781731419876
26660,0.011432650669800162,0.12054536728287969,0.8680219820473203
26661,0.14990045495264417,0.07844909528195436,0.7716504497654014
26662,0.04525233278191724,0.2010953676886025,0.7536522995294803
26663,0.09134041755282982,0.11741531976271562,0.7912442626844546
26664,0.10955726892639148,0.23391554973525291,0.6565271813383556
26665,0.15266434702167198,0.1873485512857994,0.6599871016925285
26666,0.06918258473575008,0.728894777054123,0.20192263821012685
26667,0.03903232189996715,0.0521498022667475,0.9088178758332853
26668,0.10378360995481073,0.6378674768400917,0.25834891320509745
26669,0.11444168646131946,0.345688286642379,0.5398700268963016
26670,0.41188111495957264,0.24106304638787343,0.3470558386525539
26671,0.14894689677510067,0.11299937995118567,0.7380537232737135
26672,0.07915215248199688,0.08319014487382127,0.837657702644182
26673,0.12921263513845302,0.16370944187514078,0.7070779229864063
26674,0.5441009956677992,0.07970746201241474,0.376191542319786
26675,0.030170926757974927,0.09534687911861081,0.8744821941234144
26676,0.0485610429576101,0.10441467578576184,0.8470242812566281
26677,0.0027794145567537104,0.010230001587324488,0.9869905838559218
26678,0.09291294707639453,0.21977396981339403,0.6873130831102114
26679,0.15353307879440067,0.15676815905747252,0.6896987621481269
26680,0.022480783786140438,0.06758948764817765,0.9099297285656821
26681,0.012734292703586681,0.058528259057240684,0.9287374482391726
26682,0.1263123290333543,0.20955689271703257,0.6641307782496131
26683,0.08156134507769049,0.4200307608583725,0.49840789406393726
26684,0.05383269597817815,0.15117003719537123,0.7949972668264508
26685,0.3121517889136435,0.1927475267502315,0.4951006843361251
26686,0.0595240277447386,0.14161304614719122,0.7988629261080702
26687,0.10229743490590848,0.10464465941933807,0.7930579056747534
26688,0.42357768412072033,0.4822747437296103,0.09414757214966904
26689,0.08505197732620742,0.14998161554878248,0.7649664071250101
26690,0.04588280507559968,0.10570621910788802,0.8484109758165126
26691,0.06682303488519911,0.1009064289189068,0.8322705361958941
26692,0.03883585316413785,0.30877434672023846,0.6523898001156236
26693,0.564933967776896,0.07865026448703206,0.3564157677360718
26694,0.5921728614435562,0.38716617378523466,0.020660964771209156
26695,0.013336015206322284,0.029071055548003117,0.9575929292456745
26696,0.0926338433715943,0.09133789011634055,0.8160282665120651
26697,0.008025427929930119,0.023330463596347172,0.9686441084737225
26698,0.060582993418185335,0.05903044704419586,0.8803865595376191
26699,0.11000456872680829,0.35966335673054256,0.5303320745426492
26700,0.01545520795153719,0.22889005983958358,0.7556547322088794
26701,0.12019493344818596,0.41070452215223885,0.4691005443995751
26702,0.06695271596297162,0.42798629782388,0.5050609862131484
26703,0.0718532980015681,0.1526257585803335,0.7755209434180985
26704,0.04956359530043266,0.07828237352878323,0.8721540311707839
26705,0.05351098144483828,0.0694304163237447,0.8770586022314173
26706,0.07596072964137034,0.12373229833921873,0.8003069720194108
26707,0.41469740229842894,0.1528342686928817,0.43246832900868937
26708,0.1599063267291931,0.22393770296200663,0.6161559703088003
26709,0.030333438383946504,0.04077334979085227,0.9288932118252012
26710,0.09810804407867309,0.15465233445719415,0.7472396214641328
26711,0.3782563975454463,0.10627027065855685,0.5154733317959967
26712,0.09727276681294758,0.2043042211846792,0.6984230120023731
26713,0.13979654234222832,0.575857616900835,0.28434584075693686
26714,0.06064854031069832,0.12139522163678709,0.8179562380525148
26715,0.03354499761917367,0.2999387846606977,0.6665162177201287
26716,0.09851366947391631,0.7685594532389477,0.1329268772871358
26717,0.01888149066759901,0.248284593370267,0.7328339159621339
26718,0.08505859996818155,0.2502063894224949,0.6647350106093235
26719,0.09509397403479926,0.3279920924290461,0.5769139335361547
26720,0.0727314601077639,0.13838894914691718,0.788879590745319
26721,0.09281212462470459,0.33058143125639106,0.5766064441189043
26722,0.13487898135670134,0.14807002167138397,0.7170509969719149
26723,0.07869531702882518,0.09798798398054229,0.8233166989906325
26724,0.09105490589127636,0.5318432193029249,0.37710187480579865
26725,0.037665287626911396,0.20448736982836827,0.7578473425447205
26726,0.13996904858132647,0.3941469703275757,0.4658839810910979
26727,0.04824815755431618,0.0753788530026017,0.8763729894430823
26728,0.06970645738977203,0.09308927575272576,0.8372042668575022
26729,0.13625578978298558,0.2373577208456859,0.6263864893713286
26730,0.2547600234168967,0.46042450094938137,0.28481547563372206
26731,0.07564584905511759,0.15786933445672238,0.76648481648816
26732,0.21682533526408274,0.7650221009247696,0.01815256381114763
26733,0.03844474124472725,0.07571419525286338,0.8858410635024094
26734,0.04658241552590927,0.1480033840900938,0.8054142003839969
26735,0.06668113096358433,0.11664714892701707,0.8166717201093986
26736,0.11926049949411154,0.15753365594614693,0.7232058445597417
26737,0.09591697835336481,0.2406985535278039,0.6633844681188309
26738,0.08361303372416852,0.11706801850529096,0.7993189477705405
26739,0.5638231986088272,0.07614130954389293,0.36003549184727973
26740,0.0016464482237395462,0.005012819685894139,0.9933407320903662
26741,0.1528470590270604,0.8146757538570906,0.03247718711584905
26742,0.05344800598928956,0.15409451842863522,0.7924574755820751
26743,0.12309275069229761,0.14459799603328768,0.7323092532744147
26744,0.09547948841714535,0.2894533338400575,0.6150671777427972
26745,0.05844983968627301,0.11122369847677352,0.8303264618369534
26746,0.14821690934220788,0.181865312916133,0.6699177777416593
26747,0.08015376779505985,0.3924184602360408,0.5274277719688993
26748,0.17818061313313488,0.4645575720195253,0.3572618148473398
26749,0.10462834768405713,0.22940507340722452,0.6659665789087184
26750,0.045424078531475676,0.07544437131751434,0.8791315501510101
26751,0.001322524682535143,0.008652919072775487,0.9900245562446893
26752,0.0741606369525785,0.6316733109217987,0.2941660521256229
26753,0.0797325699396925,0.10005589058212024,0.8202115394781871
26754,0.07715148510228051,0.07143657590227206,0.8514119389954473
26755,0.029047702521015486,0.07208501281330179,0.8988672846656828
26756,0.10106851144809557,0.06612571367030055,0.8328057748816039
26757,0.08515900712201314,0.12438943003556747,0.7904515628424191
26758,0.07905383247815645,0.3318607651871637,0.5890854023346798
26759,0.0639268704613287,0.160727351907037,0.7753457776316344
26760,0.12859902093638226,0.22150759952742574,0.649893379536192
26761,0.0518980922619661,0.143878320497751,0.8042235872402829
26762,0.0792318671565657,0.11781054321273023,0.8029575896307042
26763,0.05355258758295954,0.10551516768058189,0.8409322447364582
26764,0.08578692448048464,0.1346566580699072,0.7795564174496079
26765,0.0028038621945783958,0.006745100743704302,0.9904510370617174
26766,0.08129909102235744,0.36204475545599435,0.5566561535216482
26767,0.10242533328912158,0.2176469402394213,0.679927726471457
26768,0.03928420330404868,0.9525143060524278,0.008201490643523298
26769,0.15383006154444798,0.29683023089786714,0.5493397075576848
26770,0.07495142811804824,0.19792324543624726,0.7271253264457045
26771,0.12811337914525253,0.8350040384882483,0.03688258236649929
26772,0.7469189427853168,0.061289339287833366,0.19179171792684982
26773,0.0033570154889392963,0.007309837265471666,0.9893331472455891
26774,0.8379866548853785,0.026627525405298013,0.1353858197093234
26775,0.0649049085048849,0.238037964195895,0.6970571272992199
26776,0.07973292085403376,0.1285606542053884,0.7917064249405782
26777,0.03954389858520701,0.06255598497624104,0.897900116438552
26778,0.07163367650820761,0.08758206329189243,0.8407842601998998
26779,0.053626025291890186,0.09384725833855194,0.8525267163695577
26780,0.022639236496098638,0.08561646715039338,0.891744296353508
26781,0.02689571507142035,0.08871145181118846,0.8843928331173913
26782,0.026460903057030218,0.05801769853023416,0.9155213984127356
26783,0.16800145946511794,0.27573232621612626,0.556266214318756
26784,0.1184362459711299,0.6120860050001031,0.2694777490287668
26785,0.0639630185715038,0.1694390156673038,0.7665979657611924
26786,0.4954825152085521,0.08148817445199884,0.42302931033944896
26787,0.006265988015533031,0.020694652595437835,0.973039359389029
26788,0.15407789354194348,0.190050645948902,0.6558714605091543
26789,0.2737509844364724,0.3293809061170808,0.3968681094464469
26790,0.014041838231662206,0.06520957895168278,0.920748582816655
26791,0.02965912052226854,0.05581365350438237,0.914527225973349
26792,0.16554310990512724,0.1498559137195265,0.6846009763753462
26793,0.07731309962552126,0.16244118857353035,0.7602457118009485
26794,0.05803337668937459,0.13359350257084493,0.8083731207397807
26795,0.1251642164579775,0.25008738001314024,0.6247484035288823
26796,0.05006471239288337,0.9467464110923324,0.003188876514784399
26797,0.014726988431329328,0.256239184861026,0.7290338267076447
26798,0.42572680028102455,0.13160951880555946,0.4426636809134158
26799,0.14154140162782905,0.15627676435603427,0.7021818340161365
26800,0.028806177941595575,0.959455183945631,0.011738638112773305
26801,0.10166084950567558,0.6272744158173877,0.2710647346769367
26802,0.09332642648991633,0.10491329959613459,0.8017602739139491
26803,0.07631636753312764,0.1240950397542604,0.799588592712612
26804,0.03074278451755672,0.08722570907978784,0.8820315064026556
26805,0.0010571293929211377,0.010733894123587369,0.9882089764834913
26806,0.07841356707901467,0.13713237884463186,0.7844540540763534
26807,0.07754726667213162,0.11665225474387461,0.8058004785839937
26808,0.055291136211760815,0.14339768293050073,0.8013111808577386
26809,0.08211521878680818,0.22485353312970338,0.6930312480834884
26810,0.04547134386277442,0.2557072679693104,0.6988213881679151
26811,0.032378081535830085,0.05257462087811462,0.9150472975860554
26812,0.10125315243372852,0.12195434614155534,0.7767925014247161
26813,0.07372020943231493,0.37965414461968805,0.5466256459479973
26814,0.11818819893787806,0.12066205995185032,0.7611497411102716
26815,0.08135659817851494,0.14939925344873345,0.7692441483727517
26816,0.050753890294106874,0.37155479768848415,0.5776913120174091
26817,0.0645252117785708,0.044306380588557306,0.8911684076328719
26818,0.10197765742831823,0.07982827474245006,0.8181940678292315
26819,0.11088491039310687,0.2898701274897477,0.5992449621171455
26820,0.15696708029568776,0.8335456021282915,0.009487317576020601
26821,0.0718354852421637,0.9235761533505942,0.004588361407242057
26822,0.13776320637484757,0.2532805683816418,0.6089562252435105
26823,0.0036702613622117534,0.007977551876709395,0.9883521867610788
26824,0.09336870795987083,0.05473259501412693,0.8518986970260022
26825,0.054053063162451245,0.05275626699810947,0.8931906698394395
26826,0.060661359427800925,0.10451261066581177,0.8348260299063871
26827,0.09457185595736936,0.11423315780585276,0.7911949862367779
26828,0.016052878728300822,0.205530560383774,0.7784165608879252
26829,0.04225466063840085,0.12492947885022979,0.8328158605113695
26830,0.006858157279599019,0.05456414140004017,0.9385777013203607
26831,0.04976923338733109,0.08748634874600177,0.8627444178666671
26832,0.025323763271077125,0.040562599816464685,0.9341136369124584
26833,0.04934771064691804,0.0910216479499893,0.8596306414030926
26834,0.06195757621694648,0.14623572525702697,0.7918066985260265
26835,0.7226292118668806,0.08155555242420699,0.19581523570891254
26836,0.16427260450383357,0.4819084583141799,0.3538189371819865
26837,0.038337017405947346,0.04088823916950801,0.9207747434245447
26838,0.11987653409846884,0.35980352763045026,0.5203199382710809
26839,0.9152895792630867,0.017315409180012318,0.06739501155690117
26840,0.0041797940450638334,0.02648601824750618,0.9693341877074299
26841,0.037816007917549875,0.054486469482341246,0.9076975226001088
26842,0.06227264305530226,0.16556871296597878,0.772158643978719
26843,0.07280424126866536,0.06980980263558782,0.857385956095747
26844,0.14896981647268928,0.47343186383448793,0.3775983196928228
26845,0.5099325867806047,0.06611521750504369,0.42395219571435167
26846,0.05864379490450034,0.09433316308543081,0.8470230420100686
26847,0.9386202596133574,0.03549479304703332,0.02588494733960927
26848,0.09261818298662004,0.07576567313932879,0.831616143874051
26849,0.18688401726965895,0.10905095627093768,0.7040650264594033
26850,0.10159021355389164,0.3187035041846153,0.579706282261493
26851,0.09362131424805949,0.16897080885436663,0.7374078768975739
26852,0.20711988712241558,0.7366197108769557,0.05626040200062877
26853,0.09127914562529514,0.07066252368301025,0.8380583306916946
26854,0.03803215151775136,0.9585388848028301,0.0034289636794182475
26855,0.08159370312010153,0.2946687410226979,0.6237375558572007
26856,0.09757721184786868,0.0842822098249706,0.8181405783271606
26857,0.12133401041054706,0.33040491303549163,0.5482610765539613
26858,0.11498286835531332,0.6890137904260412,0.1960033412186457
26859,0.07670288942205376,0.6167106976213265,0.3065864129566198
26860,0.03588935434745117,0.5287323337723928,0.43537831188015613
26861,0.12756319574271088,0.24355512469870955,0.6288816795585798
26862,0.08778164886326704,0.3434995609424705,0.5687187901942626
26863,0.041026678913451124,0.08098046220467327,0.8779928588818756
26864,0.05936348896384379,0.341160078937481,0.5994764320986753
26865,0.049220393283774845,0.10913670077401362,0.8416429059422115
26866,0.03519505463607903,0.11925553989706268,0.8455494054668583
26867,0.04971946470586214,0.07304510339216239,0.8772354319019755
26868,0.03653984606537999,0.12173741006000839,0.8417227438746118
26869,0.02113185160043148,0.02859878392939195,0.9502693644701764
26870,0.02815506185104407,0.8666333932624178,0.10521154488653815
26871,0.10237528814390069,0.10537696093666349,0.7922477509194359
26872,0.10113112499791865,0.16465169397221469,0.7342171810298667
26873,0.026738146036967527,0.09254096097318762,0.8807208929898448
26874,0.10241674878815764,0.3374948578463422,0.5600883933655002
26875,0.05941030324720099,0.2687479081109862,0.6718417886418128
26876,0.05251457110454243,0.07994919596372055,0.8675362329317368
26877,0.035912732832807756,0.08506682521531407,0.8790204419518783
26878,0.912500273307062,0.044749784458934565,0.04274994223400356
26879,0.0979054697666238,0.22875988058298438,0.6733346496503918
26880,0.3818752704865011,0.072283295146515,0.5458414343669838
26881,0.06766479322804338,0.1406097653405201,0.7917254414314365
26882,0.38067602241537946,0.0993145239646251,0.5200094536199955
26883,0.049868170562088046,0.0715753516346699,0.878556477803242
26884,0.08342160317859655,0.42018223069105515,0.49639616613034826
26885,0.22811736654859033,0.1749011637408858,0.5969814697105237
26886,0.05657575458893812,0.10912181742917647,0.8343024279818856
26887,0.02769066967435963,0.06783236722369615,0.904476963101944
26888,0.1503960927010855,0.19446246388921068,0.6551414434097038
26889,0.028479335313928152,0.08312293247530804,0.8883977322107638
26890,0.00977301773159584,0.118300975615908,0.8719260066524962
26891,0.08488552033847303,0.4312045908139895,0.4839098888475372
26892,0.0472222199132276,0.14231969354586319,0.8104580865409091
26893,0.05483298819743204,0.06446438904317567,0.8807026227593925
26894,0.06760841598824673,0.08066603582600693,0.8517255481857463
26895,0.12852590539083872,0.3757134144633919,0.4957606801457693
26896,0.07277347676093975,0.18786867518859343,0.739357848050467
26897,0.08086536622599602,0.1968361897762416,0.7222984439977624
26898,0.05051848465008439,0.11990548500159906,0.8295760303483164
26899,0.08605105371707396,0.13447589698891696,0.7794730492940091
26900,0.06522673322470661,0.20744850475156623,0.7273247620237273
26901,0.05621198571474322,0.21121443933816467,0.7325735749470922
26902,0.001728253876204351,0.003953249173979748,0.994318496949816
26903,0.11049385834112149,0.2880945025059557,0.6014116391529226
26904,0.5226600321190744,0.4654340282488611,0.011905939632064442
26905,0.0037824521073971415,0.025593470651265243,0.9706240772413378
26906,0.027591972319949865,0.04109423616868142,0.9313137915113685
26907,0.15698168074662688,0.10279166377738325,0.74022665547599
26908,0.09375616830327517,0.1422849079728913,0.7639589237238334
26909,0.06171917813226839,0.6197048230621186,0.3185759988056134
26910,0.0460173996063301,0.16361831722463702,0.7903642831690328
26911,0.002882043646093549,0.008986371778215482,0.9881315845756911
26912,0.0018314663944499123,0.010707554087330486,0.9874609795182197
26913,0.22020643059704922,0.14968359197812825,0.6301099774248227
26914,0.07435531767325024,0.18842002536566346,0.737224656961086
26915,0.13294585851621693,0.1461118337926799,0.7209423076911033
26916,0.10992581806780402,0.8832398805917011,0.006834301340494899
26917,0.04371503151111087,0.10716760964681027,0.8491173588420787
26918,0.08579485697281776,0.1347578516269919,0.7794472914001902
26919,0.4276597641521234,0.1566885180799657,0.4156517177679108
26920,0.12691934082230566,0.3231550388846697,0.5499256202930247
26921,0.023372998360691892,0.7329655630313726,0.24366143860793546
26922,0.06647026026656917,0.3688231886133897,0.564706551120041
26923,0.03730077024556895,0.06775934786491537,0.8949398818895159
26924,0.09892205171953183,0.11224540072417065,0.7888325475562975
26925,0.07849778117824505,0.06365999619166404,0.8578422226300909
26926,0.5041962138644088,0.41871582511976174,0.07708796101582953
26927,0.06179328486349313,0.09568578187436426,0.8425209332621425
26928,0.04504261516474899,0.948936037321588,0.006021347513662974
26929,0.046294097790264256,0.11323463984336461,0.8404712623663712
26930,0.06187668453233258,0.6473220935296979,0.2908012219379694
26931,0.20941036149025408,0.7769720974474579,0.013617541062287826
26932,0.08467967513991208,0.657648879918873,0.2576714449412149
26933,0.9484235093230254,0.02023221096533994,0.03134427971163485
26934,0.004073928048987015,0.010294093789851202,0.9856319781611617
26935,0.04187576664678721,0.12408624373821618,0.8340379896149964
26936,0.06955366884514237,0.08259146242716053,0.8478548687276969
26937,0.11432146267126644,0.3491552923456122,0.5365232449831214
26938,0.16360334415216765,0.818877247207764,0.01751940864006832
26939,0.5212326426584067,0.46176826596271503,0.016999091378878232
26940,0.06777940127757771,0.11110713764152454,0.8211134610808977
26941,0.11377033425787604,0.174382295060805,0.7118473706813191
26942,0.25251353628000145,0.1873107094247676,0.560175754295231
26943,0.04934987728110864,0.38124464281171816,0.5694054799071733
26944,0.002497754474161136,0.006768028723349877,0.9907342168024893
26945,0.13685026836441075,0.46443503376092987,0.3987146978746593
26946,0.23199311407897802,0.08828399662477183,0.67972288929625
26947,0.07773263408314202,0.44903291117682753,0.4732344547400305
26948,0.09396872574766113,0.2824950657944927,0.6235362084578461
26949,0.41038041282423954,0.1422757099665132,0.44734387720924734
26950,0.1617715965540575,0.2190456830462973,0.6191827203996451
26951,0.4067353916140758,0.38483149848207987,0.20843310990384425
26952,0.11809637925301919,0.29665493014838684,0.5852486905985937
26953,0.07137799044316558,0.02834843228518223,0.9002735772716524
26954,0.00915777924350798,0.07385966997187408,0.9169825507846179
26955,0.059072497109141815,0.600576142368264,0.3403513605225944
26956,0.18281326758261748,0.23092858473819006,0.5862581476791925
26957,0.7085253879297052,0.09858412210610128,0.19289048996419345
26958,0.19469349921979892,0.15504545567245387,0.6502610451077472
26959,0.05091243995154031,0.21031464063984084,0.7387729194086189
26960,0.027355100319565544,0.09662508309688797,0.8760198165835466
26961,0.042903140003585576,0.08465583578788972,0.8724410242085247
26962,0.05712984106004575,0.7043804786051698,0.23848968033478452
26963,0.564933967776896,0.07865026448703206,0.3564157677360718
26964,0.12850200638578904,0.09544576125056466,0.7760522323636462
26965,0.09324056118481082,0.46596132695804,0.4407981118571493
26966,0.07277347676093975,0.18786867518859343,0.739357848050467
26967,0.06198814229499828,0.10801955455257319,0.8299923031524284
26968,0.18413801590704817,0.12758365603764604,0.6882783280553058
26969,0.007608193724258772,0.051083422140226174,0.941308384135515
26970,0.0724417423386946,0.1061381260155549,0.8214201316457502
26971,0.12047498693340833,0.22433714191232437,0.6551878711542674
26972,0.11246731795212014,0.26545556076904614,0.6220771212788335
26973,0.029123201782347678,0.1102138418555109,0.8606629563621412
26974,0.057665711016611096,0.06076996822739831,0.8815643207559904
26975,0.06098565772484032,0.06539764421585656,0.873616698059303
26976,0.12238540263150506,0.849054555413806,0.02856004195468861
26977,0.033362252769150155,0.12496197884027826,0.8416757683905715
26978,0.04641116695221114,0.1477557653372177,0.8058330677105711
26979,0.004153580574021119,0.02024279118135201,0.9756036282446269
26980,0.03301072040269837,0.0857387574193673,0.8812505221779343
26981,0.12885693384203264,0.23196125458139674,0.6391818115765707
26982,0.07352291172175637,0.17422843467927773,0.7522486535989659
26983,0.11640741815225922,0.20304887859316395,0.6805437032545767
26984,0.042298511372048264,0.09344946738704588,0.8642520212409058
26985,0.14441755770047723,0.21341299788059792,0.6421694444189249
26986,0.04307666041672569,0.0568076708216045,0.9001156687616699
26987,0.11806606236873027,0.37983516652590676,0.5020987711053628
26988,0.13178130972796848,0.446439307185743,0.4217793830862884
26989,0.10142586312585158,0.27077543746336746,0.627798699410781
26990,0.05302057507232242,0.10916971484664942,0.837809710081028
26991,0.054058305714597576,0.0773517834322213,0.868589910853181
26992,0.1097630151347968,0.5017361636472631,0.3885008212179402
26993,0.09981287621247592,0.14817627528118033,0.7520108485063437
26994,0.003983487874966384,0.010990597472431687,0.9850259146526021
26995,0.013926091287551515,0.15612673653954542,0.8299471721729031
26996,0.00182936257736581,0.0110936728640303,0.9870769645586038
26997,0.26127632731624073,0.42026656784532707,0.31845710483843226
26998,0.20726586501186287,0.12795078418616268,0.6647833508019746
26999,0.4094778656164939,0.12611691978738904,0.4644052145961171
27000,0.0734560699048584,0.5576682277709865,0.36887570232415506
27001,0.0625913147149153,0.3838202712015039,0.5535884140835808
27002,0.058410253328211426,0.2834561421091751,0.6581336045626135
27003,0.08689699299871285,0.13284583330268493,0.7802571736986025
27004,0.11793636718733139,0.24831324763598353,0.6337503851766851
27005,0.04171563952346745,0.39593729444388875,0.5623470660326438
27006,0.02216868995232737,0.07345683123142503,0.9043744788162474
27007,0.07021259110525463,0.8246618871029573,0.10512552179178823
27008,0.09149813308141472,0.19895902087791753,0.7095428460406678
27009,0.018992761525896334,0.15195144064941288,0.8290557978246909
27010,0.026581440675757573,0.07731106828939553,0.896107491034847
27011,0.16783917755681346,0.5247037034221866,0.307457119021
27012,0.06256258524181631,0.0779475050414539,0.8594899097167296
27013,0.3008315864729827,0.13026897633434043,0.5688994371926769
27014,0.09385074365622761,0.4856572607815705,0.4204919955622018
27015,0.11627612286564819,0.32323369582725686,0.5604901813070949
27016,0.04039046629577605,0.0908900647773404,0.8687194689268836
27017,0.002770199728235257,0.00883517383593207,0.9883946264358328
27018,0.06055788609525845,0.1343886092500243,0.8050535046547171
27019,0.07660069189712217,0.1442384590492696,0.779160849053608
27020,0.049413100732201565,0.40905712865732735,0.5415297706104711
27021,0.08121979642251939,0.39392107607746424,0.5248591275000164
27022,0.06503353888736249,0.192676169253758,0.7422902918588795
27023,0.10833386046424488,0.46533115350879145,0.4263349860269637
27024,0.07801866304841655,0.2421201397414385,0.6798611972101448
27025,0.19151071592550759,0.07566944852950515,0.7328198355449873
27026,0.0017313585821283233,0.00884093708449063,0.989427704333381
27027,0.09660332557173128,0.09327902804424917,0.8101176463840194
27028,0.3646005788896807,0.11458686966692878,0.5208125514433904
27029,0.026272304070844504,0.08559580655659291,0.8881318893725627
27030,0.13804938265207128,0.5227903430289268,0.33916027431900214
27031,0.47971956490758744,0.24381283135264248,0.2764676037397701
27032,0.2861282725754885,0.12459196265909742,0.589279764765414
27033,0.026645042852868412,0.051996237882018126,0.9213587192651131
27034,0.0015061355522295625,0.0057549926066047625,0.9927388718411656
27035,0.7074009093266517,0.08564390140274138,0.20695518927060697
27036,0.04333151931687222,0.07309148227837188,0.8835769984047559
27037,0.16204783476343126,0.1693406227216978,0.668611542514871
27038,0.06129890893000171,0.06722705307100761,0.8714740379989908
27039,0.23795895456570323,0.15217816857734562,0.6098628768569511
27040,0.10772182956291525,0.10027619839497084,0.7920019720421141
27041,0.021617419980821995,0.027162124495826716,0.9512204555233511
27042,0.30499881986098704,0.6739936170587557,0.021007563080257186
27043,0.09424747763601769,0.12751617578533214,0.7782363465786502
27044,0.051297762164139435,0.14070057531374194,0.8080016625221184
27045,0.09110012240447354,0.1324547921725893,0.7764450854229372
27046,0.026532718565227383,0.05653241199402624,0.9169348694407466
27047,0.04278196324409843,0.891848263934965,0.0653697728209368
27048,0.21474729144849572,0.7760380503633204,0.009214658188184047
27049,0.09133930905400978,0.3216685502028064,0.5869921407431838
27050,0.020737536886850705,0.12282508865150353,0.8564373744616457
27051,0.12476604260573,0.24985762704360254,0.6253763303506675
27052,0.002234544440766094,0.009610337254254137,0.9881551183049798
27053,0.020774147120150018,0.17687415346897215,0.802351699410878
27054,0.1113747914814541,0.10306624863279035,0.7855589598857556
27055,0.1957035476270206,0.7891234621812996,0.015172990191679721
27056,0.2435561098277461,0.7404444535983827,0.01599943657387119
27057,0.05892192479775082,0.19886597995853536,0.7422120952437136
27058,0.1473347259583653,0.1241681218335748,0.72849715220806
27059,0.020208113016827157,0.05806986872607079,0.9217220182571019
27060,0.0017236019800433223,0.008879559276138165,0.9893968387438186
27061,0.49605912015744014,0.1374602170481787,0.36648066279438124
27062,0.15746345917720284,0.10247815663842165,0.7400583841843754
27063,0.05393384718838794,0.06631523480487893,0.8797509180067333
27064,0.019919878042645636,0.020785477333469544,0.9592946446238849
27065,0.07734397736187427,0.7781297769442546,0.1445262456938711
27066,0.02842526589340593,0.05993380542124694,0.9116409286853472
27067,0.07718309584167686,0.17280656276363612,0.7500103413946869
27068,0.46964047921942714,0.123878834216671,0.40648068656390196
27069,0.033498011716983786,0.053755407543134494,0.9127465807398817
27070,0.04238636050347729,0.04684902196061911,0.9107646175359037
27071,0.07139139895954008,0.10818069433305631,0.8204279067074036
27072,0.07942353514507373,0.33188189776376703,0.5886945670911592
27073,0.09596157629288328,0.14834225838271256,0.7556961653244041
