index,0,1,2
26457,0.0775899958692821,0.12450019508375738,0.7979098090469604
26458,0.2407885665730568,0.2008156017913453,0.5583958316355978
26459,0.04653922861240952,0.055340168562707744,0.8981206028248826
26460,0.10567290161259303,0.10360397224637323,0.7907231261410338
26461,0.09584108088867455,0.22967278372264577,0.6744861353886797
26462,0.058011927805087814,0.1132433054315779,0.8287447667633344
26463,0.3521456922759376,0.627653679428063,0.02020062829599929
26464,0.09224905701525893,0.16178888066525673,0.7459620623194844
26465,0.028904243971402958,0.06958380837533647,0.9015119476532606
26466,0.037365881271267366,0.4301657219840009,0.5324683967447318
26467,0.18509041209196878,0.14285864750199914,0.6720509404060321
26468,0.04478640087233151,0.06346470960379356,0.8917488895238749
26469,0.5565184478355952,0.09001296026128593,0.3534685919031189
26470,0.11012254688964566,0.118517343582007,0.7713601095283473
26471,0.0780838368554219,0.07065037670493697,0.8512657864396411
26472,0.21274440288636384,0.20209321588860163,0.5851623812250345
26473,0.08835991701376272,0.07296708443808224,0.8386729985481551
26474,0.21450560270209149,0.7678030969042527,0.017691300393655827
26475,0.2910182507856542,0.24513623742740273,0.4638455117869431
26476,0.0475494037890481,0.10189839045865073,0.8505522057523013
26477,0.10759403162258802,0.1728805730848557,0.7195253952925564
26478,0.04057097638796714,0.0679579696492243,0.8914710539628086
26479,0.06650597643295116,0.11061506808692727,0.8228789554801216
26480,0.06225261681529284,0.08367534191431879,0.8540720412703884
26481,0.10083527732513996,0.2447287084562324,0.6544360142186276
26482,0.10648889609412489,0.06231336337345153,0.8311977405324237
26483,0.04052518062026719,0.10546422990312933,0.8540105894766034
26484,0.1441896102939975,0.08063936134268618,0.7751710283633163
26485,0.04725963938446587,0.05045343507639608,0.9022869255391379
26486,0.08923710327434148,0.14242579569783903,0.7683371010278196
26487,0.06836598917372726,0.07723576918436452,0.8543982416419081
26488,0.31019220153798616,0.6175126171233138,0.07229518133869996
26489,0.05036198541353266,0.20888639115488314,0.7407516234315844
26490,0.09831835699235099,0.19800347534916893,0.7036781676584801
26491,0.045548498143209125,0.09104104176967832,0.8634104600871125
26492,0.07437935453461025,0.2001783719601955,0.7254422735051942
26493,0.2970146006744316,0.6986701844729993,0.004315214852569231
26494,0.1194797179332895,0.22659257911778566,0.6539277029489248
26495,0.018440846679644827,0.02663395496712967,0.9549251983532256
26496,0.08509458657688851,0.23613814263320063,0.678767270789911
26497,0.05586090576708309,0.8122257651743605,0.13191332905855643
26498,0.20896515789116152,0.4663971479878857,0.3246376941209527
26499,0.06324244687924542,0.11481564973489493,0.8219419033858597
26500,0.062150950604560606,0.4038974160624358,0.5339516333330037
26501,0.11343780951130471,0.21836789379579513,0.6681942966929002
26502,0.03354253420486949,0.04969193507246975,0.9167655307226608
26503,0.12357040413086688,0.5236723018284734,0.35275729404065975
26504,0.12288319875404352,0.17479618611852418,0.7023206151274323
26505,0.0500522750126459,0.05435829420433793,0.8955894307830161
26506,0.08766671857612596,0.8849199138671562,0.02741336755671767
26507,0.14004953103133747,0.8444511187522075,0.015499350216455031
26508,0.10586397167741919,0.35244714542534966,0.5416888828972312
26509,0.12863721208332676,0.14846420194888596,0.7228985859677873
26510,0.05806431413534748,0.22062450841354445,0.7213111774511081
26511,0.0527850445592011,0.08731725445386655,0.8598977009869325
26512,0.13993541197844492,0.1869443972311888,0.6731201907903662
26513,0.056506867431679327,0.19588901721399812,0.7476041153543226
26514,0.0560004726394391,0.06261617830532411,0.8813833490552367
26515,0.39489272464417335,0.0619165756635058,0.5431906996923208
26516,0.051280388522803304,0.30211953162093114,0.6466000798562654
26517,0.2536851306797187,0.7292749558551063,0.017039913465175017
26518,0.06755377353348281,0.10070605018738114,0.8317401762791361
26519,0.4021249166135898,0.14711227495980853,0.45076280842660177
26520,0.04896617673409829,0.7966853424711777,0.15434848079472394
26521,0.06133996826271872,0.20032116244985534,0.7383388692874259
26522,0.1136491583696035,0.14794469251636505,0.7384061491140314
26523,0.09009375685966715,0.2518596839705751,0.6580465591697576
26524,0.03323492509060427,0.12830025340818954,0.8384648215012063
26525,0.2872499742352154,0.22994600973152576,0.4828040160332588
26526,0.056966605896590694,0.08485540822085817,0.8581779858825511
26527,0.09228049712071244,0.18032242019335398,0.7273970826859335
26528,0.1699165186926456,0.8079176932877624,0.022165788019592025
26529,0.30288766775047177,0.06824189638274171,0.6288704358667866
26530,0.08664482825654318,0.05927641629348545,0.8540787554499714
26531,0.05355713886742353,0.12951520005613032,0.8169276610764462
26532,0.14239656520095278,0.11458056785468422,0.7430228669443629
26533,0.05413989728179076,0.07721310779476252,0.8686469949234468
26534,0.07653173565235104,0.1681946946687295,0.7552735696789195
26535,0.04674206853261511,0.12144964565190759,0.8318082858154772
26536,0.08588383139779034,0.2843654524432412,0.6297507161589685
26537,0.056441830208801974,0.04529232599768302,0.898265843793515
26538,0.051358002898327704,0.4146989549873245,0.5339430421143478
26539,0.0368540155191335,0.12201183925999297,0.8411341452208735
26540,0.08357979939472777,0.6662824475404476,0.2501377530648245
26541,0.08057331149449312,0.1243151934208123,0.7951114950846945
26542,0.05893364928637027,0.19422947351444886,0.7468368771991809
26543,0.04185527295913721,0.08738139905551638,0.8707633279853465
26544,0.09862501042133746,0.14313687839215455,0.758238111186508
26545,0.11703502527525207,0.2321460220634642,0.6508189526612838
26546,0.07439897445729927,0.135377140040218,0.7902238855024826
26547,0.043814243110054295,0.06576002502380125,0.8904257318661445
26548,0.05511015082411255,0.03923165667473191,0.9056581925011556
26549,0.17663492847634055,0.8123665896262408,0.01099848189741868
26550,0.0709458022520665,0.20793602522014618,0.7211181725277873
26551,0.05081453442188191,0.16943829723559156,0.7797471683425266
26552,0.04763899870259548,0.24198530292780304,0.7103756983696016
26553,0.04115432836876393,0.08410833292573368,0.8747373387055024
26554,0.11136503198885052,0.3586536553877795,0.52998131262337
26555,0.06644444055085053,0.07828198779570354,0.8552735716534459
26556,0.07279716022441972,0.1870019207731879,0.7402009190023925
26557,0.04953320951784183,0.10415895232180454,0.8463078381603536
26558,0.36177762748744763,0.15027489114651046,0.4879474813660418
26559,0.2828072407088164,0.18123252481883048,0.5359602344723532
26560,0.08771820020099125,0.2656338953990088,0.6466479044000001
26561,0.03711901891067531,0.1858021538431783,0.7770788272461465
26562,0.061845250283885884,0.07304549658402694,0.8651092531320872
26563,0.06327059684013461,0.1628831370036641,0.7738462661562012
26564,0.03536062514184273,0.13964265485290592,0.8249967200052514
26565,0.0973015668397419,0.36804780369059015,0.5346506294696679
26566,0.1680314642170663,0.13283735427134524,0.6991311815115884
26567,0.056553703230038804,0.1729636714931029,0.7704826252768582
26568,0.4174959950945514,0.5440739409587183,0.03843006394673029
26569,0.05711151304031576,0.10815230110259945,0.8347361858570848
26570,0.10545557259562714,0.2774220109211906,0.6171224164831822
26571,0.0408466459060226,0.07875897980236503,0.8803943742916124
26572,0.05318728884332033,0.19545266147780185,0.7513600496788778
26573,0.0537451141988867,0.21020349195071333,0.7360513938504
26574,0.15839205091118533,0.10845737694248592,0.7331505721463287
26575,0.06892775703549425,0.14283291398749284,0.7882393289770128
26576,0.1287106489721022,0.07874456076730174,0.7925447902605961
26577,0.07755867480610135,0.13888667863013726,0.7835546465637614
26578,0.1852817845569211,0.25222835098502455,0.5624898644580544
26579,0.13432086127074594,0.8547295399677314,0.010949598761522556
26580,0.06654053945370575,0.11571683117691607,0.8177426293693782
26581,0.06956634814662851,0.15483992377566053,0.7755937280777109
26582,0.013126459675350923,0.033527005538759876,0.9533465347858892
26583,0.06523270491016209,0.10984215442738467,0.8249251406624533
26584,0.09987039574008218,0.14747340608321372,0.752656198176704
26585,0.13621292859772743,0.4083679520822144,0.45541911932005813
26586,0.3224272662694104,0.36698138159199906,0.3105913521385907
26587,0.22481485278717392,0.326280799311709,0.44890434790111716
26588,0.07702114660974715,0.23692349091023965,0.6860553624800132
26589,0.12155259394191427,0.11204718055523376,0.7664002255028519
26590,0.06460058317917412,0.5372662271202472,0.3981331897005786
26591,0.2355366383663203,0.7470047897451714,0.017458571888508394
26592,0.4288075128676636,0.07602645782521156,0.49516602930712494
26593,0.06705276897976366,0.15462578405431085,0.7783214469659255
26594,0.17914270608379734,0.08033669486715826,0.7405205990490442
26595,0.032382106016097666,0.06983084718365469,0.8977870468002475
26596,0.08414062971275639,0.13965524087573275,0.7762041294115108
26597,0.1990692193154615,0.4042403604539961,0.39669042023054235
26598,0.12911186597236515,0.20652612339732965,0.6643620106303052
26599,0.033488241214154536,0.06087308860345412,0.9056386701823914
26600,0.05313891478803424,0.10193480357189039,0.8449262816400753
26601,0.08825137721907696,0.1921388621417802,0.7196097606391428
26602,0.08871442839226863,0.1384255343773507,0.7728600372303807
26603,0.08142136460511033,0.09558436890521059,0.8229942664896791
26604,0.07098917633749513,0.1016046808538572,0.8274061428086478
26605,0.09153034714822587,0.19262978505672426,0.7158398677950498
26606,0.18485522235931398,0.3493225542669051,0.4658222233737808
26607,0.08035869003913741,0.8896175071518199,0.03002380280904281
26608,0.020862231117841277,0.11670748751064237,0.8624302813715164
26609,0.060763463438078535,0.09017301795769618,0.8490635186042255
26610,0.37009474879171766,0.5673723990573084,0.0625328521509738
26611,0.10345346337267243,0.1809780982138711,0.7155684384134564
26612,0.08043017847560631,0.3180042614910073,0.6015655600333863
26613,0.13504550472001467,0.15471254815364113,0.7102419471263444
26614,0.06613400869308236,0.0848341862445449,0.8490318050623729
26615,0.08451264263617424,0.1346558944778591,0.7808314628859666
26616,0.047846675657373404,0.0747159469415416,0.877437377401085
26617,0.11922172255873058,0.12954274873681942,0.7512355287044499
26618,0.13275788590544205,0.21243115766297924,0.6548109564315787
26619,0.1436739331868467,0.1635110204056275,0.6928150464075258
26620,0.4554136961554141,0.5198609952399135,0.024725308604672383
26621,0.03914525378345174,0.0676254949435293,0.8932292512730191
26622,0.16332371195503761,0.4435000506216096,0.3931762374233528
26623,0.04421464633580651,0.4957114241009128,0.4600739295632807
26624,0.08223808785770383,0.1565335157291192,0.761228396413177
26625,0.27909101165689315,0.20212777373610002,0.5187812146070069
26626,0.1960682472245725,0.09742709379813193,0.7065046589772956
26627,0.06320948370846019,0.10397513083128378,0.8328153854602559
26628,0.04606997617872052,0.1549454595980162,0.7989845642232632
26629,0.033469787232222485,0.03747808752462605,0.9290521252431514
26630,0.06989767887298838,0.14004071759587192,0.7900616035311397
26631,0.04658828484812625,0.054541456924143646,0.89887025822773
26632,0.2370098706510214,0.11378688720945791,0.6492032421395207
26633,0.04595748236688966,0.1800518927715058,0.7739906248616045
26634,0.061126050790286164,0.05758689925931191,0.8812870499504019
26635,0.07372860826227133,0.26308035249214445,0.6631910392455843
26636,0.04538900006332181,0.21670329159364207,0.7379077083430361
26637,0.01579480920770743,0.04220782351846756,0.9419973672738249
26638,0.06296852900304686,0.6416501441488013,0.29538132684815194
26639,0.28787337374892236,0.2767025960541453,0.4354240301969323
26640,0.0675325609315174,0.10767329054336229,0.8247941485251203
26641,0.13341065213348402,0.6230050660545531,0.2435842818119629
26642,0.03598020905314065,0.07504323356915067,0.8889765573777088
26643,0.04925706218131459,0.08783219739744293,0.8629107404212425
26644,0.027691041498872155,0.09183100781733017,0.8804779506837975
26645,0.07601661662211819,0.11650908531293928,0.8074742980649425
26646,0.4523190340869416,0.18858685770709985,0.3590941082059586
26647,0.08376683645755077,0.1256320252843854,0.7906011382580639
26648,0.10493321949735007,0.4898788541545194,0.40518792634813044
26649,0.03920199100523974,0.12087629952894474,0.8399217094658155
26650,0.5867219901826907,0.3198634027904044,0.09341460702690486
26651,0.3085087690771587,0.6062563730947905,0.08523485782805079
26652,0.24227700355280002,0.14273923987579323,0.6149837565714067
26653,0.24298884698484216,0.11457564859335478,0.642435504421803
26654,0.1000320801957945,0.4184258507867337,0.4815420690174719
26655,0.06814568400571956,0.24796218369556092,0.6838921322987196
26656,0.09333223247075396,0.1863254467811152,0.7203423207481309
26657,0.08040501325615772,0.24765588473199926,0.6719391020118429
26658,0.060871295182655744,0.23952181221000626,0.699606892607338
26659,0.1411071106700425,0.4330064132754235,0.425886476054534
26660,0.06979670371056236,0.15379093513369438,0.7764123611557433
26661,0.122016643822536,0.10633473920082555,0.7716486169766386
26662,0.03249139226403857,0.1930802648818852,0.7744283428540762
26663,0.0931120366086282,0.11225587752576209,0.7946320858656096
26664,0.084772479404906,0.1819815712620441,0.73324594933305
26665,0.18384978514997752,0.21186806534245406,0.6042821495075684
26666,0.06666039486686055,0.6696422086009041,0.26369739653223545
26667,0.038623790525380335,0.04651042809828921,0.9148657813763306
26668,0.0950552606894964,0.5594503458630266,0.345494393447477
26669,0.11184462467259455,0.3835499295448505,0.504605445782555
26670,0.3785225669387995,0.2939683145819435,0.32750911847925707
26671,0.1721732643113442,0.11570632570102402,0.7121204099876318
26672,0.05670117998273727,0.06466700310400561,0.8786318169132571
26673,0.16213122895847767,0.1917846330452365,0.6460841379962857
26674,0.35456731467194386,0.11755086489117732,0.5278818204368788
26675,0.046372798461096605,0.0885199872200661,0.8651072143188374
26676,0.05499887289678509,0.12155660107014059,0.8234445260330743
26677,0.027698026069060324,0.06508551300067715,0.9072164609302625
26678,0.07922744806713423,0.2326903765605298,0.688082175372336
26679,0.1612870215447038,0.11475138561795617,0.7239615928373399
26680,0.026850003604887956,0.0490223884758923,0.9241276079192198
26681,0.028059159109419553,0.06095051125131549,0.9109903296392649
26682,0.13584476901328654,0.2097742904461114,0.654380940540602
26683,0.08624718124463467,0.46093532489325845,0.45281749386210685
26684,0.052893031176523664,0.13085965034482208,0.8162473184786543
26685,0.19616797120270224,0.12999603702698034,0.6738359917703174
26686,0.03963060773115771,0.18084079166764766,0.7795286006011946
26687,0.10349889406169598,0.09961128269177065,0.7968898232465335
26688,0.26164300036504057,0.5429820353803692,0.1953749642545902
26689,0.047098035558537615,0.07764755096581931,0.875254413475643
26690,0.04214389893681534,0.11679425392253086,0.8410618471406539
26691,0.05147672945331925,0.08125121675148138,0.8672720537951993
26692,0.02604136386689462,0.3205370372852159,0.6534215988478894
26693,0.21018643598019515,0.09511249128339104,0.6947010727364139
26694,0.5840564363544646,0.3799467500563374,0.035996813589198075
26695,0.057695147050601636,0.08960534638614277,0.8526995065632555
26696,0.08874039683356598,0.08934381244596425,0.8219157907204697
26697,0.03450804499288789,0.04918789141124718,0.9163040635958649
26698,0.06465110938165607,0.08246021749151002,0.8528886731268339
26699,0.10798489004556695,0.30676419911903025,0.5852509108354028
26700,0.07123899019928705,0.3475315741354957,0.5812294356652171
26701,0.11800108601750682,0.4189635037669574,0.4630354102155358
26702,0.08654439265707392,0.41670229480117604,0.49675331254175004
26703,0.05505088139375997,0.1369516725017395,0.8079974461045006
26704,0.060992183420032486,0.08786577519785731,0.8511420413821101
26705,0.04656527159821952,0.05810385704783858,0.8953308713539418
26706,0.07788816471343574,0.10910552916007592,0.8130063061264884
26707,0.39309950757394185,0.09209472377683557,0.5148057686492226
26708,0.13645243107326432,0.22144497066187785,0.6421025982648577
26709,0.03360982038262924,0.03742504844071253,0.9289651311766584
26710,0.10372887556924953,0.14935598553990934,0.746915138890841
26711,0.2634404106448762,0.0923267775684472,0.6442328117866766
26712,0.0729691674613909,0.12967903179237888,0.7973518007462301
26713,0.09966568061851017,0.5896553246735671,0.31067899470792293
26714,0.05508401909327166,0.1062749611086425,0.8386410197980858
26715,0.06450567205201128,0.2584298736015061,0.6770644543464827
26716,0.1511301424232811,0.5793546623013109,0.26951519527540796
26717,0.04679029755757575,0.26649549974448034,0.6867142026979439
26718,0.10912197375333949,0.20835569852779767,0.6825223277188628
26719,0.07648587605292662,0.22143322370603455,0.7020809002410388
26720,0.05117419577978158,0.14245564543605269,0.8063701587841657
26721,0.08849758144770196,0.36203259006967703,0.549469828482621
26722,0.14300606480936143,0.11795025158536299,0.7390436836052756
26723,0.06888202086579844,0.10122886256767155,0.82988911656653
26724,0.09163943058249946,0.4275352870189364,0.4808252823985641
26725,0.024505865280344305,0.1958865663452519,0.7796075683744039
26726,0.1444449171572527,0.42919153720536335,0.42636354563738404
26727,0.030902774415476782,0.056271332024655805,0.9128258935598673
26728,0.06825915881230121,0.07089385473524605,0.8608469864524527
26729,0.1358646188003757,0.22321370384801098,0.6409216773516133
26730,0.15549092775372256,0.4798903074229453,0.3646187648233321
26731,0.08322096448680617,0.12328565674848226,0.7934933787647115
26732,0.2618946656840184,0.7185723296033041,0.01953300471267753
26733,0.048350524200510704,0.07168838287141242,0.8799610929280769
26734,0.05449776603067699,0.16188986204306374,0.7836123719262592
26735,0.08291355895158199,0.16432159556747603,0.752764845480942
26736,0.08934171079719326,0.13733427531403875,0.773324013888768
26737,0.08902585009236812,0.21566908277238417,0.6953050671352478
26738,0.05458479263633972,0.0933092827997602,0.8521059245639
26739,0.4814914996817441,0.07919441059366061,0.43931408972459535
26740,0.055653475142676045,0.07270980496468643,0.8716367198926376
26741,0.16712884682362394,0.7846782920149868,0.04819286116138934
26742,0.04263804458397624,0.16693247250891985,0.790429482907104
26743,0.1351953190991065,0.17759298857198594,0.6872116923289076
26744,0.13185867277472166,0.3053317315856629,0.5628095956396154
26745,0.05225716405484123,0.10016247382983616,0.8475803621153225
26746,0.1931677027712951,0.18376712211480353,0.6230651751139014
26747,0.03993533389480461,0.26624946587674625,0.6938152002284491
26748,0.16253216355333805,0.5093162575057284,0.32815157894093355
26749,0.11247157819398977,0.2243300100203051,0.6631984117857052
26750,0.06941016440186522,0.10346175427883685,0.8271280813192979
26751,0.03726022498297307,0.11069094850581417,0.8520488265112128
26752,0.06793488931899251,0.5432536381938583,0.38881147248714915
26753,0.07778103945381391,0.09553706977749103,0.8266818907686951
26754,0.07562670038033832,0.04751187147150562,0.8768614281481559
26755,0.03926817254746915,0.0787790288500365,0.8819527986024943
26756,0.09733972719784385,0.08886468727933504,0.813795585522821
26757,0.18339017609326916,0.12689946200441235,0.6897103619023185
26758,0.06422600750505676,0.25528365463192915,0.6804903378630142
26759,0.07815871083113206,0.2778907718287837,0.6439505173400842
26760,0.13976698563097012,0.3332321193830842,0.5270008949859457
26761,0.05968456434651296,0.1211436360546103,0.8191717995988768
26762,0.08998259606846432,0.1131974205408448,0.7968199833906908
26763,0.039489844496985366,0.1020761567154353,0.8584339987875792
26764,0.07616813571811715,0.15500975187303376,0.768822112408849
26765,0.11585226824388799,0.1200459187255407,0.7641018130305713
26766,0.07480227520697441,0.37560745101335286,0.5495902737796728
26767,0.10522746932279714,0.23279164779244685,0.6619808828847561
26768,0.032737006665159434,0.9566334960634757,0.010629497271364821
26769,0.12465602228411587,0.3080819461617323,0.5672620315541518
26770,0.06109761225179983,0.2929513297091222,0.6459510580390782
26771,0.11220377866342753,0.8362706611484247,0.05152556018814785
26772,0.6601135143188664,0.07425511121124874,0.26563137446988483
26773,0.07451037223987643,0.05459099253881322,0.8708986352213103
26774,0.06745756065574722,0.15772293837699547,0.7748195009672574
26775,0.05438290370213513,0.26367941003810874,0.6819376862597561
26776,0.0766202696319885,0.14321545808846636,0.7801642722795452
26777,0.04683186032449586,0.056273576419271526,0.8968945632562327
26778,0.05858476370925802,0.07974223520642128,0.8616730010843204
26779,0.049076800671184195,0.10143514409967751,0.8494880552291385
26780,0.04530444013096427,0.09994795386176104,0.8547476060072747
26781,0.06532609662664277,0.12410098328679324,0.8105729200865639
26782,0.05298675706582336,0.07167238265000685,0.8753408602841698
26783,0.19004585448038078,0.24738172138301817,0.562572424136601
26784,0.1329053367359524,0.5396204760135311,0.3274741872505164
26785,0.0704586067617209,0.1655057276824806,0.7640356655557986
26786,0.5555385590365899,0.07544460813974765,0.36901683282366254
26787,0.02928119153187241,0.03892123182031667,0.9317975766478109
26788,0.15837029383026338,0.2010666371540931,0.6405630690156435
26789,0.1971371261245196,0.31471618437221255,0.4881466895032678
26790,0.042699574869371475,0.0956651523365168,0.8616352727941118
26791,0.058144482735184376,0.06714606887756912,0.8747094483872465
26792,0.12326648739174732,0.11717551405066433,0.7595579985575883
26793,0.05874462399945005,0.14553534200586696,0.7957200339946828
26794,0.048622053849623335,0.13143077674896006,0.8199471694014165
26795,0.08528790116416222,0.2300225022538236,0.6846895965820142
26796,0.05364948348296359,0.9425594477359692,0.0037910687810671483
26797,0.05034471327396822,0.3627501699614158,0.586905116764616
26798,0.41007155978307813,0.12313129388789597,0.4667971463290259
26799,0.12431367278613985,0.15200081123756415,0.723685515976296
26800,0.02841856018390571,0.961176925460805,0.01040451435528934
26801,0.11018726075256213,0.48613817310695734,0.4036745661404806
26802,0.12499125786796583,0.11963961333304039,0.7553691287989938
26803,0.06608441534609681,0.14506059161202767,0.7888549930418756
26804,0.06235534041495427,0.15589581866037586,0.7817488409246698
26805,0.025904343741837452,0.06337644098076452,0.910719215277398
26806,0.07537033385892644,0.1382695683733798,0.7863600977676937
26807,0.073280632823621,0.10881910707923666,0.8179002600971423
26808,0.06754386966037426,0.20999517052779657,0.7224609598118293
26809,0.07551714624047455,0.19443898937228687,0.7300438643872385
26810,0.036998942638869416,0.23089361610745598,0.7321074412536746
26811,0.028475806355246342,0.04302254250906545,0.9285016511356882
26812,0.09577646845217931,0.10612944916236296,0.7980940823854578
26813,0.07100434661309796,0.46735806358701315,0.46163758979988884
26814,0.10404929641601711,0.1253173191154622,0.7706333844685207
26815,0.09128064077594748,0.133319955984376,0.7753994032396765
26816,0.07799751384394836,0.3169305580167295,0.6050719281393221
26817,0.08208045125405075,0.040688138584838086,0.8772314101611111
26818,0.11459164518651306,0.08230793217807542,0.8031004226354114
26819,0.11094794390524959,0.23803663842055567,0.6510154176741947
26820,0.10617042766798829,0.8828788358558719,0.010950736476139845
26821,0.07523708277053802,0.9152550823085907,0.009507834920871457
26822,0.10577916831265118,0.2707487845692208,0.623472047118128
26823,0.0229839422036012,0.06286575042530794,0.9141503073710909
26824,0.09285127174490325,0.05709377562362022,0.8500549526314765
26825,0.03458612133473122,0.07348144469622091,0.8919324339690479
26826,0.05562554775984169,0.07907118229687228,0.8653032699432862
26827,0.07808151517837217,0.10318182713356928,0.8187366576880585
26828,0.03871296916699116,0.09630351887920958,0.8649835119537993
26829,0.046616629327733694,0.15335515406728767,0.8000282166049787
26830,0.0454703184083499,0.09049578868814452,0.8640338929035055
26831,0.0411679599907732,0.08983782730260416,0.8689942127066227
26832,0.024081153632763485,0.03270479321074808,0.9432140531564884
26833,0.07285870448386529,0.09984719128022923,0.8272941042359054
26834,0.04528716432705929,0.10682692313240867,0.8478859125405321
26835,0.6044433800760177,0.11750036010591931,0.27805625981806303
26836,0.18067184754365853,0.48755996243401106,0.3317681900223304
26837,0.0725236319236131,0.03492264572762224,0.8925537223487647
26838,0.12544429665572168,0.3512922817636009,0.5232634215806774
26839,0.6796709643814515,0.07613867504405805,0.24419036057449026
26840,0.0973812761506155,0.3876035503180053,0.5150151735313792
26841,0.031919484088851716,0.05282052478792231,0.915259991123226
26842,0.04466956259804996,0.1287665053009445,0.8265639321010055
26843,0.12105288538352461,0.08940693576986446,0.7895401788466109
26844,0.17668132776581494,0.4364393649235097,0.38687930731067527
26845,0.5853533405168936,0.04565115282787425,0.3689955066552322
26846,0.06566315110775162,0.11529367625674199,0.8190431726355064
26847,0.07882610005354253,0.22160109196781752,0.69957280797864
26848,0.08717361121430313,0.056555212388002374,0.8562711763976946
26849,0.2237167231219939,0.099208456059023,0.6770748208189832
26850,0.06229764104553449,0.35355809761438356,0.5841442613400819
26851,0.1274937901826445,0.17491201417677646,0.697594195640579
26852,0.1360531326877066,0.5718633135841936,0.2920835537280998
26853,0.07132614337218127,0.07629879254596363,0.8523750640818551
26854,0.048114769816947865,0.9430520128504,0.008833217332652207
26855,0.07992072754033462,0.28972077042208294,0.6303585020375824
26856,0.12469455545891944,0.09771205190264637,0.7775933926384342
26857,0.11914384092816264,0.26632354795841584,0.6145326111134214
26858,0.06660734784462867,0.697570866191166,0.23582178596420525
26859,0.06565427342047524,0.5951828491568079,0.3391628774227169
26860,0.06998753476979994,0.5548205778301795,0.3751918874000207
26861,0.1485865947170957,0.2411500396460954,0.6102633656368089
26862,0.08639745504744084,0.3239917389836479,0.5896108059689112
26863,0.04102734303398108,0.10465395661668982,0.854318700349329
26864,0.04797278194390239,0.3636717936948326,0.5883554243612651
26865,0.10810591819707067,0.10652814194199149,0.7853659398609377
26866,0.022237290093507403,0.09809800747798926,0.8796647024285034
26867,0.040050053277551116,0.06027250654392705,0.899677440178522
26868,0.029637124633824077,0.09386556854259209,0.876497306823584
26869,0.022331332865558037,0.023122959215181833,0.9545457079192601
26870,0.031219591407224214,0.8456888690665122,0.12309153952626357
26871,0.09846831548446555,0.09942887512367544,0.802102809391859
26872,0.08499943714326359,0.1606521020537449,0.7543484608029916
26873,0.07658716814667563,0.17190860970203425,0.7515042221512901
26874,0.08539836304744719,0.29304226826193946,0.6215593686906135
26875,0.06533088758398152,0.2509569819270566,0.6837121304889618
26876,0.06860553147978772,0.10514279961253718,0.8262516689076751
26877,0.07203895750962748,0.1155912511230837,0.8123697913672888
26878,0.09920647512421747,0.17237920294225853,0.7284143219335238
26879,0.09895809145207311,0.20736212988961664,0.6936797786583103
26880,0.2942867493891705,0.07508400793729034,0.6306292426735393
26881,0.03705280591143911,0.14660690838045853,0.8163402857081024
26882,0.29259517476414953,0.10971893209031337,0.597685893145537
26883,0.06630892849227492,0.08890217367700454,0.8447888978307204
26884,0.08094894841082043,0.29245746320961113,0.6265935883795685
26885,0.25785554403873373,0.17123935803708112,0.5709050979241851
26886,0.07947037874323648,0.10076211385624612,0.8197675074005174
26887,0.03732498037377377,0.12385685523803609,0.8388181643881901
26888,0.14113107602695846,0.17522479860535725,0.6836441253676843
26889,0.048927612074408156,0.11048259122979383,0.8405897966957981
26890,0.04730788991542997,0.13559197050493743,0.8171001395796327
26891,0.06880220729568025,0.4827114810418336,0.4484863116624862
26892,0.09899272277580051,0.26004323340958746,0.640964043814612
26893,0.06086315559680048,0.07237151114348733,0.8667653332597123
26894,0.0707502814987591,0.08681889366403299,0.8424308248372078
26895,0.11796113939842308,0.34166628848973774,0.5403725721118392
26896,0.07671848248367219,0.2101043966083036,0.7131771209080243
26897,0.08409509952981041,0.2108089560330713,0.7050959444371183
26898,0.04163788825985724,0.05596901031823889,0.9023931014219039
26899,0.08115251652357897,0.17821760149158397,0.740629881984837
26900,0.08000969612457816,0.22444102603316698,0.6955492778422548
26901,0.05380685908974583,0.2444071546908432,0.7017859862194108
26902,0.03675595040482684,0.044145924756577304,0.9190981248385959
26903,0.07436984543027657,0.2485580333973816,0.6770721211723418
26904,0.4900545446873356,0.49382676121857694,0.016118694094087487
26905,0.07217897654851009,0.094400214527196,0.8334208089242939
26906,0.02411225282259345,0.03648395856967892,0.9394037886077277
26907,0.17402993127920854,0.1123297860096883,0.7136402827111032
26908,0.10543047104820352,0.1441850287604808,0.7503845001913158
26909,0.032657193940367084,0.633863226419567,0.3334795796400658
26910,0.07740143014205804,0.2930466907675812,0.6295518790903607
26911,0.10224401604287969,0.14757537187754924,0.750180612079571
26912,0.03718795764965758,0.08289971905026046,0.879912323300082
26913,0.23596855141778014,0.15251972686779966,0.6115117217144203
26914,0.0803128919795203,0.17054178768138625,0.7491453203390934
26915,0.14914821131340875,0.12513144880008215,0.7257203398865091
26916,0.09001000319119457,0.9013282491149689,0.008661747693836519
26917,0.045597958523816214,0.11139876705511552,0.8430032744210681
26918,0.09845601774282133,0.15102819977688106,0.7505157824802975
26919,0.41418545431203774,0.14320063819439813,0.4426139074935642
26920,0.07945479542204727,0.3375168483667836,0.5830283562111692
26921,0.024684430449692013,0.7157012712908618,0.25961429825944615
26922,0.06567537415202666,0.3930991144687666,0.5412255113792067
26923,0.04952480274438229,0.09410805952626783,0.8563671377293499
26924,0.08765552718932519,0.09439375639885302,0.8179507164118217
26925,0.08136021330504754,0.06006011962434595,0.8585796670706065
26926,0.1259435067273968,0.3096590864271407,0.5643974068454624
26927,0.05731958154724762,0.08295951984544013,0.8597208986073124
26928,0.07038692008443513,0.9191111635120776,0.010501916403487232
26929,0.05344011122857075,0.13558077147906775,0.8109791172923616
26930,0.05954273808367049,0.5446652041473854,0.39579205776894405
26931,0.21944626508500806,0.7637302167271535,0.016823518187838424
26932,0.06721837233867244,0.6900037804609532,0.24277784720037424
26933,0.3454248347324534,0.18891680992226625,0.4656583553452803
26934,0.07495551925234528,0.10250640752285063,0.8225380732248041
26935,0.08394524669550658,0.1346538234145351,0.7814009298899584
26936,0.06906988534374052,0.0826331943418443,0.8482969203144152
26937,0.08428370185611302,0.2863797428579982,0.6293365552858888
26938,0.16731213313649207,0.8053174880627557,0.02737037880075227
26939,0.5172435894351416,0.4667925421189784,0.01596386844587991
26940,0.07319903423959574,0.11805323213402356,0.8087477336263807
26941,0.07787574998523399,0.17172215376944533,0.7504020962453207
26942,0.1574587564821883,0.1729945660926878,0.669546677425124
26943,0.05875089855987209,0.3558590784773176,0.5853900229628103
26944,0.059272548940861904,0.06312716517911408,0.8776002858800239
26945,0.15080644414927105,0.4027524699717641,0.44644108587896475
26946,0.0747948747346218,0.09412605603327778,0.8310790692321005
26947,0.06440715471575433,0.3925059346296879,0.5430869106545577
26948,0.09866103562171025,0.32099982350616646,0.5803391408721232
26949,0.3884136862804945,0.13632698268543725,0.4752593310340682
26950,0.1973062235827515,0.19716135375652732,0.6055324226607212
26951,0.27807094370091806,0.3561861912743521,0.36574286502472986
26952,0.09199169990107198,0.1956540779618475,0.7123542221370806
26953,0.08733185953881605,0.03365594053497866,0.8790121999262054
26954,0.02158855395027615,0.06897866770089935,0.9094327783488244
26955,0.05338008201947527,0.44997073566825413,0.49664918231227057
26956,0.18029635468832148,0.21270491061034724,0.6069987347013314
26957,0.502030018241031,0.15156132618163923,0.34640865557732986
26958,0.22629550872823115,0.15850273209495222,0.6152017591768165
26959,0.0520958485286444,0.21254827817984365,0.7353558732915121
26960,0.07602757382736648,0.1491350024180692,0.7748374237545644
26961,0.051155481639284295,0.0790685411349795,0.8697759772257362
26962,0.04697857457418969,0.6469128033722807,0.3061086220535295
26963,0.21018643598019515,0.09511249128339104,0.6947010727364139
26964,0.16178211846424537,0.1248511916604053,0.7133666898753495
26965,0.07892238128336977,0.4674962266133517,0.45358139210327847
26966,0.07671848248367219,0.2101043966083036,0.7131771209080243
26967,0.052108932803502594,0.07449548436686455,0.8733955828296328
26968,0.12403199849567081,0.09738226360159496,0.7785857379027341
26969,0.028353802523299915,0.08373464458971153,0.8879115528869885
26970,0.08678217574148112,0.08664226679704427,0.8265755574614747
26971,0.08515158692232137,0.22878940687551466,0.686059006202164
26972,0.1270087728812097,0.25924439809574523,0.6137468290230451
26973,0.05951707800433468,0.14386970412576214,0.7966132178699032
26974,0.06755424906075895,0.05333504395870694,0.8791107069805343
26975,0.05703039791939805,0.06679846128633277,0.8761711407942693
26976,0.14724114730515947,0.8186856501469242,0.03407320254791614
26977,0.10598624138225236,0.22476742371750036,0.6692463349002473
26978,0.037393856426581516,0.1321606587426198,0.8304454848307987
26979,0.05903841680926656,0.3385472825441181,0.6024143006466153
26980,0.04578854164997923,0.06563905142285247,0.8885724069271683
26981,0.10637621984548391,0.23417098895645408,0.659452791198062
26982,0.05234250692640564,0.11948707394832721,0.8281704191252671
26983,0.09141274053126987,0.1931485814571471,0.715438678011583
26984,0.08195716970249932,0.1074004887531335,0.8106423415443672
26985,0.14031451153850016,0.235591936380697,0.6240935520808027
26986,0.05770101032556232,0.05631426514670113,0.8859847245277366
26987,0.11830694371647622,0.38822894121784407,0.4934641150656796
26988,0.14415808150089124,0.41684356634413544,0.4389983521549734
26989,0.06263198523086377,0.23905635494493746,0.6983116598241987
26990,0.05944977157460815,0.11196720826666708,0.8285830201587246
26991,0.05735143016870978,0.10833371817450808,0.834314851656782
26992,0.09412259548016742,0.32931014576125806,0.5765672587585745
26993,0.08700238967975808,0.14091614136738997,0.772081468952852
26994,0.10138542182403033,0.15419474861916652,0.7444198295568031
26995,0.06854668689702086,0.3331333171788448,0.5983199959241343
26996,0.04045584515275764,0.12249684959095475,0.8370473052562878
26997,0.2527306194030491,0.39984239930689963,0.3474269812900514
26998,0.28274941636531487,0.0999729974737364,0.6172775861609487
26999,0.2785615273518853,0.11606903035387088,0.6053694422942438
27000,0.06257317288275786,0.5291443439307487,0.40828248318649346
27001,0.05223095422393987,0.34681914643857265,0.6009498993374875
27002,0.05458719517017873,0.27411679070930767,0.6712960141205135
27003,0.12692190697669853,0.12226035756060886,0.7508177354626925
27004,0.06300040594609657,0.11661542965753964,0.8203841643963639
27005,0.06452500633260681,0.39497983405819603,0.5404951596091971
27006,0.0850140502457204,0.10292571162569385,0.8120602381285856
27007,0.07188241566612528,0.7740420342791016,0.15407555005477303
27008,0.0644891127494437,0.19798952067261263,0.7375213665779436
27009,0.04556330701916674,0.20799835541691572,0.7464383375639175
27010,0.03325475853142041,0.09634493560348627,0.8704003058650933
27011,0.16110751681616056,0.4902516011990686,0.34864088198477083
27012,0.06491385690339162,0.09701330414267191,0.8380728389539365
27013,0.3068823595142242,0.12795224803768998,0.5651653924480858
27014,0.09865750468164758,0.4757225828324155,0.42561991248593695
27015,0.12254938531265057,0.31007890125028287,0.5673717134370666
27016,0.04899761983019318,0.06857133115613268,0.8824310490136741
27017,0.08031011725376949,0.1615756556186522,0.7581142271275784
27018,0.06824783586388218,0.12916813984833184,0.8025840242877861
27019,0.08477469552323376,0.14919740831547118,0.7660278961612951
27020,0.06567129222931653,0.39881399852597266,0.5355147092447109
27021,0.07299963664753305,0.3445399989670768,0.5824603643853902
27022,0.06986057953049837,0.2387514984228146,0.6913879220466871
27023,0.11050325791347254,0.5029495935747678,0.38654714851175975
27024,0.0731995356171584,0.19605715503622934,0.7307433093466122
27025,0.18045319951526273,0.10000897667060804,0.7195378238141292
27026,0.04261166494856682,0.11205796311773998,0.845330371933693
27027,0.11213061259952033,0.062106786882095255,0.8257626005183845
27028,0.247812281333571,0.12817553863838166,0.6240121800280474
27029,0.06237100205041202,0.11696324950847536,0.8206657484411125
27030,0.16529832053895005,0.4988579468479526,0.33584373261309736
27031,0.5994079429245115,0.1529680826533568,0.24762397442213166
27032,0.28480005843287565,0.10801331190553641,0.607186629661588
27033,0.061305188320133625,0.06392855548605574,0.8747662561938107
27034,0.07041507910088299,0.1203073657271002,0.8092775551720169
27035,0.5890131445134431,0.12109215243890852,0.28989470304764847
27036,0.056461533638214455,0.0453823924794453,0.8981560738823403
27037,0.1716096829228445,0.16424551331819098,0.6641448037589645
27038,0.06548328114877615,0.060043010534229314,0.8744737083169944
27039,0.19226765695679257,0.14023353639738706,0.6674988066458204
27040,0.08247118959664756,0.09121599148496042,0.826312818918392
27041,0.02392549118540845,0.025998995925549048,0.9500755128890425
27042,0.3050387036881575,0.675564516991197,0.01939677932064553
27043,0.08955364912895286,0.10608668050260962,0.8043596703684375
27044,0.060468669094931767,0.1352245703751208,0.8043067605299475
27045,0.08923968667526344,0.11743064811326002,0.7933296652114765
27046,0.022758617042361554,0.050620997235622155,0.9266203857220164
27047,0.1078725761618959,0.4428961070223589,0.4492313168157453
27048,0.20206326724113388,0.7884923718513437,0.00944436090752243
27049,0.08546244305247865,0.41556922212737324,0.49896833482014813
27050,0.0354033676150216,0.07818857560964478,0.8864080567753336
27051,0.1070601236253731,0.2747513085571286,0.6181885678174983
27052,0.02901257107031879,0.08065818439303694,0.8903292445366443
27053,0.04576630880562755,0.2296225827618499,0.7246111084325225
27054,0.09758713209307379,0.10137367002964559,0.8010391978772805
27055,0.15848810320196774,0.8218396767646526,0.019672220033379702
27056,0.27978566315369524,0.7048727144827893,0.015341622363515313
27057,0.040745304592460015,0.1908875347900673,0.7683671606174727
27058,0.1370530966920877,0.11626305541972785,0.7466838478881844
27059,0.05010198669881535,0.10077874294506367,0.849119270356121
27060,0.05947926849514774,0.13114136219097897,0.8093793693138732
27061,0.40416728004557045,0.14057782263590535,0.45525489731852437
27062,0.12044022190669011,0.10163759953819694,0.7779221785551131
27063,0.0627320719974471,0.07927132755700833,0.8579966004455447
27064,0.027570265128843436,0.028743349662187865,0.9436863852089687
27065,0.05224957324331899,0.33378701738139566,0.6139634093752854
27066,0.04036452270141166,0.05871188997974819,0.9009235873188403
27067,0.04561406987402595,0.11238727027725615,0.8419986598487178
27068,0.37325037210851836,0.12656565301310516,0.5001839748783764
27069,0.02920916033434749,0.0587362480364298,0.9120545916292225
27070,0.04777758792987439,0.05161909407363682,0.9006033179964886
27071,0.056112987078087484,0.07070091259564576,0.8731861003262665
27072,0.09529326683297112,0.2985819223469662,0.6061248108200626
27073,0.11333881017247836,0.16740147155553908,0.7192597182719825
27074,0.09524263973112092,0.3015077524578024,0.6032496078110766
