index,0,1,2
26457,0.06492279496833589,0.13059433603615592,0.8044828689955081
26458,0.2386330095187685,0.17146829910688857,0.589898691374343
26459,0.06356715293778414,0.1116678051195554,0.8247650419426605
26460,0.0770786597063948,0.10940179497645207,0.8135195453171534
26461,0.056595850470523394,0.2665411110353099,0.6768630384941666
26462,0.04188295064079254,0.1674707029303193,0.7906463464288882
26463,0.42234098963142375,0.5696142978241162,0.008044712544459985
26464,0.0939310777031469,0.16638617937607447,0.7396827429207785
26465,0.021098395567192788,0.06578249536850761,0.9131191090642997
26466,0.039079758622126835,0.3301525300657204,0.6307677113121528
26467,0.2378340370739504,0.14293802419223256,0.6192279387338172
26468,0.06246550232905125,0.11469436403403349,0.8228401336369152
26469,0.6831318517211564,0.08394201134608953,0.2329261369327539
26470,0.16935757803718796,0.11160301733704386,0.7190394046257682
26471,0.06482481035786168,0.07704281846456464,0.8581323711775737
26472,0.21129000281387425,0.2675759642382629,0.5211340329478629
26473,0.08930211219159356,0.058919907404142956,0.8517779804042634
26474,0.1284477611412157,0.8678637850596198,0.00368845379916442
26475,0.30664298520351857,0.22435349320556275,0.46900352159091874
26476,0.04120042405858445,0.1166163468314732,0.8421832291099424
26477,0.09236000416534092,0.12131294185034941,0.7863270539843097
26478,0.024971988428423488,0.06893716068594248,0.9060908508856339
26479,0.0854519491326909,0.12014286125308805,0.794405189614221
26480,0.06932359708548919,0.07222626727328571,0.8584501356412252
26481,0.08764858941083996,0.2426839791567481,0.6696674314324119
26482,0.15167405996713287,0.12743384015632603,0.7208920998765412
26483,0.04011823848397928,0.1123116584048771,0.8475701031111437
26484,0.19720048844065616,0.06634729051363517,0.7364522210457085
26485,0.07295331479765754,0.07618470399890896,0.8508619812034337
26486,0.06476711695435453,0.1417663107627077,0.7934665722829377
26487,0.08576204707048245,0.07682908235395197,0.8374088705755656
26488,0.21459608792342214,0.742120953561404,0.043282958515173844
26489,0.033411531592044665,0.1618863586003288,0.8047021098076266
26490,0.11677321255129154,0.20415159783880998,0.6790751896098984
26491,0.041785155911021256,0.10504819237756291,0.8531666517114157
26492,0.059315368497033664,0.16793465375762717,0.7727499777453393
26493,0.23919240354485966,0.7595404127557451,0.0012671836993953084
26494,0.2289376061684394,0.20825077789911117,0.5628116159324494
26495,0.04678390491698502,0.06399632428451563,0.8892197707984995
26496,0.06961865557037497,0.22063443032576563,0.7097469141038594
26497,0.03694918314612682,0.7956936482333756,0.16735716862049746
26498,0.1772971153635025,0.4787234868249738,0.3439793978115237
26499,0.0744325205557435,0.12580792235105417,0.7997595570932023
26500,0.0756929274082322,0.35641178092583703,0.5678952916659308
26501,0.06323629726145986,0.16774236954255517,0.7690213331959851
26502,0.02485579804088281,0.055784523153937206,0.91935967880518
26503,0.06152599317421321,0.6928238731035915,0.24565013372219524
26504,0.052304308940849684,0.10664543945325718,0.8410502516058933
26505,0.042861658284209625,0.04544972653611518,0.9116886151796751
26506,0.10403138801009867,0.8761583250380195,0.019810286951881827
26507,0.15008223709093182,0.843167214948385,0.006750547960683325
26508,0.1282905672373334,0.370706963020342,0.5010024697423245
26509,0.10266600484343875,0.14650032219164177,0.7508336729649194
26510,0.0626323825840305,0.2057437241996698,0.7316238932162997
26511,0.0751762163489405,0.0727883955030643,0.8520353881479953
26512,0.06401475295522181,0.24387298310564653,0.6921122639391316
26513,0.055172405710204,0.2082048796275572,0.7366227146622387
26514,0.04207582102019941,0.06448883621032732,0.8934353427694733
26515,0.39492413925755904,0.039174262771069716,0.5659015979713713
26516,0.03340718997038503,0.2539005906813501,0.7126922193482649
26517,0.24370998346484107,0.7495255788925297,0.006764437642629117
26518,0.06006588171073027,0.07857756438449144,0.861356553904778
26519,0.4275171291505231,0.14328421934961333,0.4291986514998637
26520,0.06181523974115738,0.7430126891701557,0.19517207108868678
26521,0.07093275573247997,0.22825365121371236,0.7008135930538079
26522,0.10710227665058256,0.13442862373980982,0.7584690996096076
26523,0.08066028861816048,0.24125856508689036,0.6780811462949492
26524,0.02421607675339607,0.21164504023051767,0.7641388830160862
26525,0.32230160690993254,0.20376424538326066,0.47393414770680675
26526,0.06985871514722145,0.12021463732525761,0.809926647527521
26527,0.07214131738251237,0.11996960680493982,0.8078890758125479
26528,0.25029485536123725,0.7288797467511606,0.02082539788760215
26529,0.2698855627196157,0.06234384855652362,0.6677705887238607
26530,0.053901069915652945,0.04751594496937634,0.8985829851149709
26531,0.04439393555503999,0.12231533677810642,0.8332907276668536
26532,0.13027122739747354,0.11622646962302273,0.7535023029795038
26533,0.046901688227402344,0.1646885871242219,0.7884097246483757
26534,0.06784879468095895,0.1782392338686456,0.7539119714503955
26535,0.03534536897032293,0.10001448535416518,0.8646401456755118
26536,0.062234764341789685,0.6098921329705117,0.3278731026876986
26537,0.06536635245787889,0.026596261141511132,0.9080373864006102
26538,0.036598425271652434,0.465534950953025,0.49786662377532265
26539,0.027544947716568183,0.1653578772368286,0.8070971750466032
26540,0.09698673641630765,0.6688103104310721,0.2342029531526204
26541,0.10202011434405378,0.14328209440630313,0.754697791249643
26542,0.039297251211153426,0.2539627554250461,0.7067399933638007
26543,0.055299767266607985,0.10944781914162582,0.8352524135917663
26544,0.0870481193840976,0.11671186524884447,0.7962400153670579
26545,0.08594128615219285,0.20273884712413084,0.7113198667236764
26546,0.13218855803015428,0.11859698477908062,0.7492144571907651
26547,0.04848124082277639,0.05686262552330623,0.8946561336539175
26548,0.10756072044490847,0.039096545081851994,0.8533427344732395
26549,0.14012154983967634,0.8570657568177005,0.0028126933426233817
26550,0.07137836924279645,0.23411277450934853,0.6945088562478549
26551,0.05586173449252495,0.17748545266882676,0.7666528128386481
26552,0.015164091078296664,0.23092584787612913,0.7539100610455742
26553,0.03889951279002643,0.09745790307174297,0.8636425841382307
26554,0.0904692345192736,0.3625897725547859,0.5469409929259405
26555,0.06085042643342361,0.08006183975866951,0.8590877338079068
26556,0.06051911588195719,0.1810936217100522,0.7583872624079906
26557,0.033966001428404995,0.11662221603153626,0.8494117825400589
26558,0.16166230077361357,0.14161035196762284,0.6967273472587635
26559,0.4623915090756946,0.1289805621716145,0.408627928752691
26560,0.08260371912962196,0.20673121207900866,0.7106650687913696
26561,0.04766078402479097,0.23311229549995813,0.7192269204752508
26562,0.07028097574919721,0.05307976845126653,0.8766392557995363
26563,0.04847969022912071,0.16268690903128558,0.7888334007395938
26564,0.04160935200965198,0.16194648889388585,0.796444159096462
26565,0.0976082302284273,0.32093547191173744,0.5814562978598352
26566,0.15880774233693343,0.11969244113985,0.7214998165232165
26567,0.040866947697548554,0.22501585266722343,0.7341171996352279
26568,0.49376610186673525,0.4910385238561537,0.015195374277110858
26569,0.044974164893187604,0.13656561198021736,0.818460223126595
26570,0.15346859469000962,0.31873336497630106,0.5277980403336894
26571,0.020591825880218927,0.06543777423980032,0.9139703998799809
26572,0.0719205488090421,0.25672592729698895,0.6713535238939691
26573,0.028226035027897986,0.3494549610282819,0.6223190039438201
26574,0.25432106775722696,0.09499830193467541,0.6506806303080975
26575,0.09047794659825444,0.11649222669958062,0.793029826702165
26576,0.13851617865327348,0.13120369091625445,0.730280130430472
26577,0.08182999910999789,0.07981708021286743,0.8383529206771346
26578,0.16774762417854314,0.24267294604907697,0.5895794297723798
26579,0.10390393075397042,0.892909876024617,0.003186193221412465
26580,0.057587376705016506,0.13252516525881317,0.8098874580361702
26581,0.06970620819070933,0.13234565062544218,0.7979481411838485
26582,0.016917391763819883,0.056369910786596464,0.9267126974495836
26583,0.06462983453767246,0.12728803988596654,0.8080821255763609
26584,0.09447072016764489,0.12564734537061,0.779881934461745
26585,0.12869988191216866,0.38513138308596445,0.48616873500186697
26586,0.26210626331395953,0.41242610404231234,0.3254676326437281
26587,0.20015019585015476,0.292327590765955,0.5075222133838904
26588,0.07053001431170092,0.20478008669155,0.724689898996749
26589,0.13158914044146683,0.123334064382172,0.7450767951763612
26590,0.051123579846058975,0.5954444685821206,0.3534319515718202
26591,0.3173406449002513,0.6724862372060775,0.010173117893671172
26592,0.46071123084253035,0.08191867138167723,0.4573700977757924
26593,0.060485189962578574,0.11745035743692146,0.8220644526005
26594,0.3322779075029063,0.09282605055916565,0.5748960419379281
26595,0.019857285597200965,0.07235033492875712,0.9077923794740419
26596,0.10032388495764118,0.29154510155192925,0.6081310134904295
26597,0.19267614308291872,0.38936983059670355,0.41795402632037776
26598,0.1624023693077527,0.19627374987915702,0.6413238808130902
26599,0.02726423104966998,0.05040939313258599,0.922326375817744
26600,0.053165043966342876,0.12433524342678345,0.8224997126068736
26601,0.1139993909687218,0.2049321432530149,0.6810684657782634
26602,0.13165975355836754,0.12741451210122615,0.7409257343404063
26603,0.11152658715940945,0.12316739322789717,0.7653060196126934
26604,0.0646258274335777,0.08196859182601562,0.8534055807404066
26605,0.11035915585374603,0.17272663614098765,0.7169142080052662
26606,0.2395964668236193,0.23886480917333758,0.5215387240030429
26607,0.11135127250845903,0.8622690603858085,0.026379667105732467
26608,0.015433886837906249,0.1361978265479622,0.8483682866141314
26609,0.1282812179291845,0.208217055121813,0.6635017269490027
26610,0.3410250489751905,0.6097467204319843,0.04922823059282524
26611,0.07975525264397056,0.24744676835193455,0.6727979790040949
26612,0.1175004002094581,0.2591498682265546,0.6233497315639873
26613,0.11318221102201358,0.10527088129173767,0.7815469076862489
26614,0.060991708116680365,0.0914386316377225,0.8475696602455971
26615,0.0557549890265645,0.11198113463674658,0.8322638763366887
26616,0.05564780919356892,0.14296736822963663,0.8013848225767944
26617,0.13715769598620775,0.15775415886347283,0.7050881451503194
26618,0.12838925619473845,0.25116118195355897,0.6204495618517026
26619,0.1924671606241752,0.14654593327542378,0.6609869061004009
26620,0.4188872932766891,0.5564203002395315,0.024692406483779347
26621,0.04921052692974799,0.1100988297173551,0.840690643352897
26622,0.221421443443896,0.31940018616437776,0.4591783703917262
26623,0.036472521249682026,0.5901991417761665,0.3733283369741515
26624,0.07791278458355408,0.18329636972700256,0.7387908456894435
26625,0.21484271833558624,0.20021496955192755,0.5849423121124862
26626,0.1335507140658139,0.08404170435870191,0.7824075815754844
26627,0.10053883975431453,0.14624155615444429,0.7532196040912412
26628,0.06386434399327895,0.23674481630543046,0.6993908397012905
26629,0.051065807031137285,0.05084034033497474,0.8980938526338879
26630,0.09889711452214195,0.22830722738624093,0.6727956580916171
26631,0.030052714021077127,0.06213832507396798,0.9078089609049549
26632,0.33568475542435305,0.06739943379237669,0.5969158107832703
26633,0.07089723144049244,0.2018531258518852,0.7272496427076224
26634,0.04848734355948071,0.0614513301765375,0.8900613262639817
26635,0.06363039729744699,0.15318195694829456,0.7831876457542585
26636,0.04606977790717992,0.20035038295763682,0.7535798391351836
26637,0.01140924216353664,0.04496182007985135,0.9436289377566119
26638,0.046081520226752694,0.5877846288274705,0.3661338509457768
26639,0.2234330858907766,0.22786787804021214,0.5486990360690113
26640,0.09783888913291353,0.12622552984589164,0.7759355810211949
26641,0.19222436563185924,0.61765420482294,0.19012142954520073
26642,0.03194402404685784,0.09576909834994396,0.8722868776031982
26643,0.06222651943482416,0.1150819431443219,0.8226915374208541
26644,0.038745714829455505,0.09623013856170205,0.8650241466088425
26645,0.0711920543372548,0.12394336034386072,0.8048645853188843
26646,0.4468198438592183,0.1986214162366593,0.35455873990412234
26647,0.079815147027237,0.1170467067912627,0.8031381461815004
26648,0.10724264890955812,0.28174563481721654,0.6110117162732254
26649,0.04864195644299808,0.17823394198672413,0.7731241015702778
26650,0.42193380701391975,0.482268758254195,0.09579743473188518
26651,0.5300347501569685,0.45664215331612984,0.013323096526901576
26652,0.25659574953065734,0.13979722999438535,0.6036070204749573
26653,0.24087431335032036,0.15744431417977173,0.6016813724699078
26654,0.1217627509984938,0.39610971469508505,0.4821275343064212
26655,0.060510908569562226,0.24157727905093673,0.697911812379501
26656,0.06990193549946125,0.11054015580657293,0.8195579086939658
26657,0.05391606428137313,0.23842961769571785,0.7076543180229091
26658,0.07421837209381324,0.18716679933729044,0.7386148285688963
26659,0.18216814785633392,0.29869123196406483,0.5191406201796012
26660,0.0345587227778043,0.13492594698591176,0.8305153302362838
26661,0.1261763304435502,0.09735093252631918,0.7764727370301305
26662,0.045198990896566316,0.21984080073203874,0.7349602083713949
26663,0.08736267418807793,0.10287630123015729,0.8097610245817646
26664,0.08445656605112935,0.1822662067701896,0.7332772271786812
26665,0.19303519854427398,0.15517253768863287,0.6517922637670931
26666,0.07647514246499931,0.5592354090175001,0.3642894485175006
26667,0.04501019443810933,0.04921579951262417,0.9057740060492666
26668,0.0884060630268392,0.6331347467418316,0.2784591902313295
26669,0.06476876348934643,0.27566088293158764,0.659570353579066
26670,0.2625128001860638,0.32627669636463413,0.411210503449302
26671,0.18676094075992622,0.06961520882507717,0.7436238504149968
26672,0.07472757226232318,0.05487914799899247,0.8703932797386844
26673,0.18888609966767098,0.2725572935515775,0.5385566067807515
26674,0.3719784607467639,0.10795640700382031,0.5200651322494159
26675,0.046383672027227436,0.07657934653711958,0.877036981435653
26676,0.023789336618904186,0.07042166964555434,0.9057889937355413
26677,0.029754221003829934,0.08574543283433583,0.8845003461618342
26678,0.07530998499077675,0.22007537539829916,0.7046146396109241
26679,0.18451394317682993,0.1623444836739825,0.6531415731491874
26680,0.02712755067110038,0.05629880443873409,0.9165736448901655
26681,0.02560388913614268,0.07577505250454117,0.898621058359316
26682,0.15429337058645595,0.23518602437816785,0.6105206050353763
26683,0.07945566371889376,0.34310646669022893,0.5774378695908773
26684,0.06103992209601169,0.12432576401312007,0.8146343138908682
26685,0.2783727351719157,0.12478655023612764,0.5968407145919568
26686,0.037115792716971345,0.24406789664530226,0.7188163106377263
26687,0.1128687764722658,0.12381524414021833,0.7633159793875159
26688,0.19937746384320912,0.5803548162708934,0.22026771988589747
26689,0.07412053007016055,0.15591011900968382,0.7699693509201554
26690,0.041545382729559245,0.09843791385175743,0.8600167034186832
26691,0.04379606258174724,0.0520099832959833,0.9041939541222694
26692,0.02736262042791811,0.3959196494470916,0.5767177301249902
26693,0.18477509887017937,0.10738250764271925,0.7078423934871013
26694,0.5890649011473628,0.40063849313395483,0.010296605718682347
26695,0.04238426578434127,0.05444403711464593,0.9031716971010126
26696,0.10413030988929034,0.0939273537417806,0.801942336368929
26697,0.03262049045922185,0.04205311880071993,0.9253263907400583
26698,0.06384700344585148,0.08907011459328837,0.8470828819608602
26699,0.0905868088280451,0.29204379032208355,0.6173694008498715
26700,0.05991938669982355,0.227768212167823,0.7123124011323535
26701,0.11070819385183228,0.3617622261408761,0.5275295800072914
26702,0.07829707190623439,0.5208494021275014,0.40085352596626417
26703,0.05681989888221334,0.18508939323732468,0.758090707880462
26704,0.05653710660535265,0.09980837205526136,0.8436545213393859
26705,0.057084008328405114,0.06262511801043498,0.88029087366116
26706,0.04401066570492482,0.12477569508228437,0.8312136392127909
26707,0.3162951847568576,0.1143796852546782,0.5693251299884642
26708,0.19039002036587988,0.21411137162188792,0.5954986080122322
26709,0.05509225271456757,0.042923962246571516,0.9019837850388609
26710,0.10097476936588669,0.1258017005622191,0.7732235300718943
26711,0.22525345172144354,0.10569562082475267,0.6690509274538039
26712,0.053775729174683345,0.19277090665034846,0.7534533641749681
26713,0.14520402932913898,0.5364999704940152,0.3182960001768459
26714,0.059549413385575754,0.2551476672609385,0.6853029193534855
26715,0.029007066815768232,0.402274898219892,0.5687180349643397
26716,0.10048830996558133,0.7095057137795371,0.1900059762548814
26717,0.03446637171955652,0.23600578823214025,0.7295278400483031
26718,0.146967725406537,0.2609692865038528,0.5920629880896101
26719,0.05710769929622478,0.18435767679512874,0.7585346239086466
26720,0.06284319960524917,0.21540136868757737,0.7217554317071736
26721,0.06726146456883214,0.36851752749348554,0.5642210079376822
26722,0.16618949683991693,0.09254808057829349,0.7412624225817896
26723,0.09951928572954483,0.07458038041090059,0.8259003338595547
26724,0.07897912487817815,0.44742118280903015,0.47359969231279164
26725,0.017960822691636368,0.19197102804954408,0.7900681492588194
26726,0.19819078730356274,0.31625613174272305,0.4855530809537141
26727,0.026417612453197053,0.07594696942414109,0.8976354181226619
26728,0.0845568235811329,0.10697826869047049,0.8084649077283967
26729,0.12111526739092007,0.25576122933180667,0.6231235032772733
26730,0.16244276110485042,0.5296691656241765,0.307888073270973
26731,0.0795828500834293,0.17953594753372396,0.7408812023828467
26732,0.3202203595440019,0.6757416670108385,0.0040379734451598025
26733,0.05477867280638626,0.07473763076858644,0.8704836964250272
26734,0.042997731380738334,0.24738226878039543,0.7096199998388664
26735,0.06072875278330421,0.11023024772916779,0.8290409994875279
26736,0.08627076552425264,0.11915327228095718,0.7945759621947903
26737,0.061103586057086934,0.24026463323997646,0.6986317807029365
26738,0.06195247187987441,0.1454682862189052,0.7925792419012203
26739,0.3961594390504206,0.08222344906378572,0.5216171118857936
26740,0.018438366246183783,0.04255598521618881,0.9390056485376275
26741,0.20026804393463293,0.7811564237189887,0.018575532346378217
26742,0.04625967264246521,0.12653896743428555,0.8272013599232491
26743,0.18005459522893602,0.16612267544577575,0.6538227293252882
26744,0.14781352186432328,0.38697707429783756,0.46520940383783904
26745,0.06123355011080239,0.13211378438112178,0.8066526655080759
26746,0.17168761121928364,0.17173409114471605,0.6565782976360002
26747,0.06496336741724332,0.28392177251328704,0.6511148600694695
26748,0.1959352062979755,0.41000449305042075,0.39406030065160375
26749,0.08892586637248878,0.20506849487653445,0.7060056387509768
26750,0.06796035036863142,0.08316617817623892,0.8488734714551296
26751,0.06116059788696333,0.2737808782064647,0.6650585239065722
26752,0.09553902791936654,0.5365478781229102,0.36791309395772337
26753,0.07371703595345326,0.08982489463084574,0.8364580694157011
26754,0.09713908905162416,0.02998817349691542,0.8728727374514603
26755,0.02712423771008942,0.04416027436349552,0.9287154879264152
26756,0.10010537480441371,0.1004552371873121,0.7994393880082742
26757,0.11139502660981844,0.07503609205249342,0.8135688813376882
26758,0.09041847058767269,0.21810275242172766,0.6914787769905996
26759,0.05240647218478256,0.22018086272655354,0.727412665088664
26760,0.08103443413752624,0.23208735695793467,0.6868782089045391
26761,0.034760299403442635,0.15594252640174652,0.8092971741948108
26762,0.13503982657393254,0.1477126739190107,0.7172474995070567
26763,0.040470740587541194,0.10516756852029426,0.8543616908921646
26764,0.08566436816895821,0.2032391401310458,0.711096491699996
26765,0.11457202451804664,0.17111528698232595,0.7143126884996275
26766,0.09730492238925247,0.3480725436715979,0.5546225339391497
26767,0.11476619146512543,0.2796253313811951,0.6056084771536794
26768,0.03631959639754593,0.9588408888915969,0.004839514710857173
26769,0.13987871143627198,0.3113785234588286,0.5487427651048994
26770,0.0680599740601572,0.26238641472274105,0.6695536112171017
26771,0.165451021189792,0.8025768624044005,0.0319721164058073
26772,0.6148255189096117,0.03798888913776471,0.34718559195262366
26773,0.09376811238994533,0.09475526485669834,0.8114766227533563
26774,0.029457068655613268,0.09218823598791526,0.8783546953564714
26775,0.028668150049425863,0.2729127101048495,0.6984191398457247
26776,0.058462065012130776,0.1754848677928648,0.7660530671950043
26777,0.033490765884729455,0.12086339905937613,0.8456458350558945
26778,0.05888549076066051,0.10078163665318998,0.8403328725861494
26779,0.047774904261388695,0.11724076752519781,0.8349843282134136
26780,0.019853619689964835,0.12805382502706814,0.8520925552829669
26781,0.12901768748565742,0.13617031175019356,0.7348120007641489
26782,0.024714176672107707,0.0628959110528763,0.912389912275016
26783,0.14800873617906146,0.27529558957648315,0.5766956742444551
26784,0.13292443449773386,0.5063177814235381,0.36075778407872805
26785,0.048554575501065955,0.1472210567498139,0.8042243677491203
26786,0.5535309405770041,0.10072551518678176,0.3457435442362141
26787,0.05134455346639252,0.07095889734482572,0.8776965491887817
26788,0.1105864311072907,0.20799398898776905,0.6814195799049402
26789,0.17688592432973266,0.3039719940941244,0.5191420815761429
26790,0.03246004647991708,0.0628960798295488,0.9046438736905342
26791,0.03659283058326529,0.08691824748826071,0.8764889219284742
26792,0.15912814772385736,0.10020484598421084,0.7406670062919316
26793,0.08232362286165479,0.1634562515785947,0.7542201255597504
26794,0.031167327594734676,0.15053592503804825,0.8182967473672172
26795,0.11988110202902931,0.18387039221910667,0.6962485057518641
26796,0.040114200518934044,0.9592752650227998,0.0006105344582661504
26797,0.0356446448088412,0.483968669587251,0.4803866856039078
26798,0.39858994457703495,0.15028911785978927,0.4511209375631757
26799,0.11412134242804084,0.14092700452776566,0.7449516530441933
26800,0.02521266710294797,0.9672177186950321,0.007569614202019913
26801,0.07998323405973162,0.6301821881116206,0.2898345778286475
26802,0.10721623007535475,0.09131358172252826,0.8014701882021169
26803,0.06648654911538249,0.1641623151248003,0.7693511357598171
26804,0.05007946002288173,0.12351033964701473,0.8264102003301036
26805,0.010712414949386392,0.19440438173939956,0.7948832033112141
26806,0.0733278350602159,0.16363869002742135,0.7630334749123627
26807,0.07734002817252668,0.12777329726856113,0.7948866745589122
26808,0.06682022085928234,0.2378472785983152,0.6953325005424023
26809,0.06700769014751015,0.18119507863402579,0.7517972312184641
26810,0.03591770712279556,0.22498608279706928,0.7390962100801354
26811,0.033494024829018754,0.042766189585339155,0.9237397855856421
26812,0.09691734023988642,0.09705034663033223,0.8060323131297812
26813,0.08589626733746676,0.47501989338933953,0.4390838392731938
26814,0.1357930332087126,0.14436587311161975,0.7198410936796676
26815,0.14988487022827482,0.18327671398239603,0.6668384157893292
26816,0.04706368702721863,0.34345356949728706,0.6094827434754944
26817,0.11502522369457532,0.036352718578290845,0.8486220577271337
26818,0.11256135832109093,0.07427368141748554,0.8131649602614235
26819,0.09415263455642947,0.3144740444339198,0.5913733210096508
26820,0.11781463951805812,0.877173012967095,0.0050123475148468365
26821,0.1084151385454703,0.8853972894365154,0.006187572018014475
26822,0.1397748606237613,0.2086075417217081,0.6516175976545309
26823,0.015407917202098916,0.09450244495926473,0.8900896378386361
26824,0.1481791585291108,0.06388016393214847,0.7879406775387408
26825,0.0552059966777554,0.06343927113119545,0.8813547321910492
26826,0.07404471326486585,0.07523946609261783,0.8507158206425163
26827,0.057140719508680105,0.09719506599835355,0.8456642144929662
26828,0.023299577808208325,0.2374368577627175,0.739263564429074
26829,0.03345980632547311,0.20277888467223873,0.7637613090022882
26830,0.012946313496335696,0.0738515839198743,0.9132021025837901
26831,0.039249872398049716,0.060145643787104366,0.9006044838148458
26832,0.020984417348961417,0.041429020201159926,0.9375865624498786
26833,0.08410747458430164,0.08803468120474732,0.8278578442109511
26834,0.06014475510243538,0.15565177543559158,0.7842034694619732
26835,0.5857254857619112,0.12519305435143357,0.28908145988665523
26836,0.2161256260502254,0.4206793536945983,0.3631950202551763
26837,0.05385596664904186,0.039390299051314116,0.9067537342996439
26838,0.14009712931230792,0.3458739334464614,0.5140289372412308
26839,0.7718843071402846,0.03295043750558983,0.19516525535412574
26840,0.032442326798869436,0.3709455903302901,0.5966120828708404
26841,0.014506018410529255,0.020605314626737824,0.9648886669627332
26842,0.05496385679723131,0.17908172219635607,0.7659544210064125
26843,0.14811535975433154,0.07131179557901825,0.7805728446666502
26844,0.2113379698495042,0.34806358307619806,0.4405984470742977
26845,0.5348898223178735,0.05726051841751367,0.4078496592646128
26846,0.05272953281574716,0.12168650432736282,0.82558396285689
26847,0.10443466665482033,0.2276599785982277,0.6679053547469519
26848,0.06911668781793713,0.039790140257305914,0.8910931719247569
26849,0.20183113264068428,0.08821856687018523,0.7099503004891305
26850,0.06091814355085088,0.31179281156270844,0.6272890448864408
26851,0.08295159284916631,0.19084895730895649,0.7261994498418772
26852,0.13377036547091636,0.6510729748531252,0.21515665967595846
26853,0.12754437208491895,0.0700401686605102,0.8024154592545708
26854,0.06304065580696555,0.9330555076714602,0.0039038365215742377
26855,0.1127368035443031,0.308602687521305,0.5786605089343918
26856,0.06853952584931952,0.06186753549557866,0.8695929386551018
26857,0.11273884956175081,0.2547926011357714,0.6324685493024779
26858,0.1269150850695854,0.5848734561947668,0.28821145873564774
26859,0.05370627172342604,0.6118338159998364,0.3344599122767374
26860,0.0703132837379358,0.5604955214472671,0.3691911948147971
26861,0.13558476520878726,0.2355953878105466,0.6288198469806662
26862,0.06346162234034794,0.4636911904864948,0.4728471871731572
26863,0.029236369314071562,0.09917189594381534,0.8715917347421132
26864,0.06596676766760673,0.3055860656464181,0.6284471666859752
26865,0.1299942048059589,0.11963065166162652,0.7503751435324146
26866,0.027493525129128234,0.09672142080507981,0.8757850540657919
26867,0.05169810594084741,0.0707250789347799,0.8775768151243729
26868,0.03659360461282275,0.1923260147300301,0.7710803806571471
26869,0.03409112078842985,0.01966227883686442,0.9462466003747058
26870,0.018399202679391824,0.864291747977137,0.11730904934347117
26871,0.09921728896462596,0.11186894141017165,0.7889137696252024
26872,0.06047684813889124,0.21934156516958978,0.720181586691519
26873,0.08933660080257855,0.17954807443895568,0.7311153247584657
26874,0.12065251490998034,0.3262728661293269,0.5530746189606929
26875,0.061607273463524626,0.2681648293733384,0.6702278971631369
26876,0.06557543644700836,0.09664474815153419,0.8377798154014573
26877,0.09045274882715074,0.13917907700069485,0.7703681741721543
26878,0.0972260605522175,0.2808065929986482,0.6219673464491342
26879,0.07492968477533217,0.2100184766274809,0.7150518385971869
26880,0.3069523283389963,0.08914344299051105,0.6039042286704925
26881,0.046825423722011775,0.1929175224515315,0.7602570538264567
26882,0.4078493631362859,0.06489463949760528,0.5272559973661088
26883,0.052980872689621886,0.08337285686895345,0.8636462704414248
26884,0.05196333496819278,0.43826448817909786,0.5097721768527094
26885,0.2048636788948685,0.20267976039601998,0.5924565607091116
26886,0.10288572486774435,0.1343904157788955,0.7627238593533603
26887,0.022510418725065918,0.08538794472870713,0.8921016365462269
26888,0.18189542866030176,0.1412066298473163,0.6768979414923819
26889,0.03385468038540649,0.11286833051507672,0.8532769890995169
26890,0.03262778232782395,0.1195141258559943,0.8478580918161818
26891,0.059467709644763306,0.3211728553637025,0.6193594349915342
26892,0.08863526221221242,0.3574076494931348,0.5539570882946527
26893,0.050486217351674745,0.09305932889071408,0.8564544537576112
26894,0.09575008696769624,0.0834481185793029,0.8208017944530007
26895,0.11295795489380082,0.3270052500230437,0.5600367950831554
26896,0.07981441579036898,0.2442525860938332,0.6759329981157977
26897,0.050465185505606004,0.18394174860526682,0.7655930658891271
26898,0.05787883852731197,0.10409417458601837,0.8380269868866697
26899,0.06648228647387329,0.21925363230650644,0.7142640812196203
26900,0.08441960795504763,0.25887284806866306,0.6567075439762892
26901,0.054345914687042626,0.2555070331434016,0.690147052169556
26902,0.022571673518612053,0.023397876468142807,0.954030450013245
26903,0.1200695205436381,0.2517896592901266,0.6281408201662352
26904,0.5528730538888105,0.43444345790509037,0.012683488206099
26905,0.05420156224997728,0.08751232010970654,0.8582861176403161
26906,0.044917959795907916,0.0746645669841018,0.8804174732199902
26907,0.2482177442622037,0.09531889442473578,0.6564633613130606
26908,0.10261531575230144,0.2017273870792283,0.6956572971684705
26909,0.03462803113245966,0.5416892828923913,0.4236826859751491
26910,0.06664826903410617,0.28566662502043694,0.6476851059454569
26911,0.08563362320883731,0.25812353755998013,0.6562428392311825
26912,0.040445610871957124,0.07790534051758742,0.8816490486104555
26913,0.2490042473105942,0.1362805834053889,0.6147151692840169
26914,0.07467808007927157,0.23941592385893148,0.685905996061797
26915,0.11143935522122547,0.13640384452334528,0.7521568002554292
26916,0.08419535452101803,0.9133714205288755,0.002433224950106244
26917,0.05852628542011074,0.10620752103693373,0.8352661935429556
26918,0.049692801524831964,0.18011600173385703,0.7701911967413111
26919,0.45053112692222747,0.09420780367391365,0.4552610694038589
26920,0.08178993860339138,0.28272001266661734,0.6354900487299913
26921,0.03258401684763259,0.6608870283083471,0.3065289548440205
26922,0.05453155158382582,0.3660118728001698,0.5794565756160045
26923,0.05242247223252133,0.09850390959716435,0.8490736181703143
26924,0.10142680181529032,0.10078589691991127,0.7977873012647984
26925,0.08380707680197068,0.05595178772865095,0.8602411354693783
26926,0.08365654047299748,0.3027145153890343,0.6136289441379682
26927,0.05610824595338655,0.1611589645761199,0.7827327894704934
26928,0.04737708898025236,0.9449813429157063,0.007641568104041353
26929,0.0377146906218969,0.16010484503469527,0.8021804643434077
26930,0.061182578210192386,0.401685387980302,0.5371320338095055
26931,0.2977514805289155,0.6961946252961774,0.006053894174907108
26932,0.03389014095451756,0.7793754652357963,0.18673439380968618
26933,0.23061511768636236,0.13876350116886899,0.6306213811447686
26934,0.0625860321410374,0.0971770944508555,0.840236873408107
26935,0.05286199475164651,0.15976739961960326,0.7873706056287503
26936,0.10014627127446796,0.04541995785572829,0.8544337708698038
26937,0.07930588332252937,0.2760652071798082,0.6446289094976625
26938,0.1445375410722537,0.8497699522658888,0.005692506661857251
26939,0.5609741951314176,0.42575570393275436,0.01327010093582808
26940,0.08406237825774798,0.15924624815243485,0.7566913735898173
26941,0.09233899055555747,0.18992688965678972,0.7177341197876528
26942,0.23065550027497372,0.23511468481048065,0.5342298149145455
26943,0.07526045418460747,0.24505034566245265,0.6796892001529399
26944,0.04885508685104461,0.0889766430591029,0.8621682700898524
26945,0.13135756589633313,0.4701696489169784,0.3984727851866885
26946,0.05746643475029702,0.05242159625730887,0.8901119689923941
26947,0.04020198000800626,0.44384840791941177,0.5159496120725819
26948,0.07133592855040045,0.28010719373970555,0.648556877709894
26949,0.38614894944712996,0.14190577571434138,0.47194527483852866
26950,0.19881850015407954,0.2941670711474795,0.5070144286984409
26951,0.22109198268699556,0.44264661368118235,0.33626140363182205
26952,0.0780804240336002,0.18544199182775933,0.7364775841386406
26953,0.08847478635789185,0.032147809286085224,0.8793774043560231
26954,0.01463019771916988,0.08748076869861088,0.8978890335822194
26955,0.03074999323977905,0.5802337157306175,0.38901629102960344
26956,0.19281161085799936,0.2789085954659187,0.5282797936760819
26957,0.5842842317197038,0.12032053543939654,0.2953952328408997
26958,0.21246778240738198,0.2138885929567787,0.5736436246358393
26959,0.04817146308159781,0.24580658861412708,0.7060219483042751
26960,0.08781743923764661,0.1787866334385484,0.7333959273238049
26961,0.05857252964648812,0.08349228142789224,0.8579351889256197
26962,0.045747899604484527,0.6410620568742988,0.3131900435212166
26963,0.18477509887017937,0.10738250764271925,0.7078423934871013
26964,0.1862477495668474,0.16603458730762152,0.647717663125531
26965,0.07305355173590078,0.3738975645432159,0.5530488837208832
26966,0.07981441579036898,0.2442525860938332,0.6759329981157977
26967,0.045244107203640894,0.09192382220723816,0.8628320705891209
26968,0.16060644311629244,0.06532367382497842,0.7740698830587291
26969,0.033276725184801195,0.08164336816629911,0.8850799066488999
26970,0.0882390377243037,0.08735328394595449,0.824407678329742
26971,0.09512424421985687,0.2102365144521002,0.6946392413280431
26972,0.10431900667452605,0.19331539283350477,0.7023656004919692
26973,0.05480829605515753,0.07096255750416358,0.8742291464406787
26974,0.06417994153806032,0.06359519638092112,0.8722248620810186
26975,0.06432653632998293,0.0920952055214462,0.8435782581485709
26976,0.11423461896379723,0.8565608931345549,0.02920448790164802
26977,0.06508736601738108,0.1859631344035384,0.7489494995790805
26978,0.03559962794451871,0.1818155494220147,0.7825848226334666
26979,0.03573261624917688,0.30966417921092715,0.654603204539896
26980,0.08842799812109359,0.08274156345314522,0.8288304384257611
26981,0.12574526198876299,0.15519704651567134,0.7190576914955656
26982,0.027677032873775993,0.11251437171147782,0.8598085954147462
26983,0.05719629487299033,0.20928531162983818,0.7335183934971716
26984,0.0977151963209221,0.08742630634625737,0.8148584973328205
26985,0.14359259519526937,0.15897307575909328,0.6974343290456373
26986,0.03859993320215643,0.03795201346365033,0.9234480533341932
26987,0.13097838837185816,0.2976464168565198,0.5713751947716219
26988,0.11324878961595414,0.39076543807474046,0.4959857723093055
26989,0.11585993760474836,0.2024595328142938,0.6816805295809578
26990,0.0712663846206813,0.08213564309870164,0.8465979722806171
26991,0.06884082896215123,0.08963071904773817,0.8415284519901107
26992,0.10991777203648712,0.22740255095609746,0.6626796770074154
26993,0.10502083976332398,0.1998400963571158,0.6951390638795603
26994,0.09215587493058186,0.18570030958923622,0.7221438154801819
26995,0.051354149594335784,0.22556013438218347,0.7230857160234807
26996,0.02284003008625603,0.06604559237807849,0.9111143775356654
26997,0.23999372335864297,0.4444551362080681,0.3155511404332889
26998,0.17696811402149334,0.19028957674350067,0.632742309235006
26999,0.33416102173268947,0.06231902831019706,0.6035199499571134
27000,0.05188032471467852,0.42971058325915573,0.5184090920261657
27001,0.03981095624611441,0.30486421766477223,0.6553248260891134
27002,0.06278219540887421,0.2724230222808938,0.664794782310232
27003,0.17812974568292742,0.1532163526143148,0.668653901702758
27004,0.03950454145087149,0.17621793681260522,0.7842775217365232
27005,0.05223314590923617,0.2926528006483849,0.6551140534423789
27006,0.09770353929755578,0.08071674820790578,0.8215797124945385
27007,0.05618392747503275,0.7631196343362174,0.18069643818874992
27008,0.1013996450358371,0.17545684213391338,0.7231435128302495
27009,0.07622704728733751,0.21535683515449283,0.7084161175581697
27010,0.03544706871982623,0.11718527579631746,0.8473676554838564
27011,0.09155914568604327,0.4011840691743719,0.5072567851395848
27012,0.09790327466096944,0.07780909374590159,0.8242876315931291
27013,0.2937863308037915,0.11643566752168412,0.5897780016745244
27014,0.06743345955618617,0.4903462667595035,0.4422202736843104
27015,0.11675121532061189,0.2574108694430773,0.6258379152363107
27016,0.04699843449944765,0.1316763649897265,0.8213252005108259
27017,0.07177556535810863,0.12612230517469325,0.8021021294671982
27018,0.05180812462556077,0.1585598309662723,0.7896320444081668
27019,0.099347337668208,0.1519797387912743,0.7486729235405177
27020,0.03464977658635098,0.5185816288256957,0.4467685945879532
27021,0.06107015283516337,0.28065088819713424,0.6582789589677024
27022,0.058667915374002115,0.3183672717800213,0.6229648128459766
27023,0.09517256278770686,0.4294962653095288,0.4753311719027644
27024,0.0374470035804403,0.2202456849900461,0.7423073114295138
27025,0.2265925995898124,0.08364989982173159,0.689757500588456
27026,0.06591846986326692,0.14366758076809324,0.7904139493686398
27027,0.13320037825171635,0.09351630151775842,0.7732833202305254
27028,0.24592443494156346,0.07676948548292625,0.6773060795755104
27029,0.03584828337212929,0.11414451226514995,0.8500072043627209
27030,0.1714431481060608,0.48083996158843834,0.3477168903055009
27031,0.5519742157642794,0.18341329705239642,0.26461248718332414
27032,0.29797599064451225,0.11319768623934014,0.5888263231161476
27033,0.06918964810596287,0.03226029499678943,0.8985500568972479
27034,0.14542949488627396,0.1377925171283317,0.7167779879853944
27035,0.5669939285881769,0.12842936644965738,0.3045767049621657
27036,0.06243701624308963,0.042991216222855975,0.8945717675340542
27037,0.19464573567178892,0.1511359405484367,0.6542183237797743
27038,0.08846295075099338,0.10332416592399757,0.8082128833250092
27039,0.18191859692734513,0.1398855529593081,0.6781958501133467
27040,0.15254462508205277,0.09170134821198053,0.7557540267059667
27041,0.02440165592380036,0.028627225793932374,0.9469711182822671
27042,0.3232886130770125,0.6642713267349952,0.012440060187992269
27043,0.1101008317421179,0.11433718885428336,0.7755619794035986
27044,0.05925169737270018,0.16994428841836315,0.7708040142089366
27045,0.07267397798436362,0.12292582171426696,0.8044002003013696
27046,0.037196723984169164,0.09462027889680312,0.8681829971190278
27047,0.17861810984684892,0.5336540907995218,0.2877277993536294
27048,0.2503755446358856,0.7473253035942242,0.0022991517698902884
27049,0.07256980735453131,0.37771927252828225,0.5497109201171863
27050,0.03387351343421496,0.14270205016980952,0.8234244363959755
27051,0.0798214252856764,0.17135167390228445,0.7488269008120392
27052,0.023327975241710923,0.09042180175998858,0.8862502229983005
27053,0.06828489777993313,0.26668940580148875,0.6650256964185782
27054,0.04980078856592415,0.08419703343731044,0.8660021779967654
27055,0.12853433860095537,0.8641432401845494,0.007322421214495014
27056,0.33691135272307027,0.6585374014321224,0.004551245844807327
27057,0.03516057163374107,0.23987143644917264,0.7249679919170863
27058,0.10832668779247084,0.0881579053910474,0.8035154068164816
27059,0.10018345319408689,0.11037132366741077,0.7894452231385024
27060,0.05172348590458346,0.1208868038303671,0.8273897102650495
27061,0.5063739764180573,0.12050258402639256,0.3731234395555502
27062,0.18439882458379875,0.08807120794479599,0.7275299674714053
27063,0.05228168977165142,0.09758555180503037,0.8501327584233181
27064,0.050418849926728536,0.01618942306582452,0.933391727007447
27065,0.08398951294214332,0.42350884055867094,0.4925016464991858
27066,0.03324777090470629,0.07073716813745524,0.8960150609578382
27067,0.07465324485404208,0.15805375704919206,0.7672929980967659
27068,0.4167301383209254,0.09883178977576515,0.48443807190330934
27069,0.08410832828742894,0.08842313331754903,0.8274685383950221
27070,0.07384513594698297,0.03320911104926586,0.8929457530037511
27071,0.050054254752521454,0.08080866498416317,0.8691370802633153
27072,0.07031112296198541,0.24102379740392124,0.6886650796340933
27073,0.08896464571593363,0.1738064411893016,0.7372289130947649
27074,0.11611104379037929,0.3424706555882069,0.5414183006214139
