index,0,1,2
26457,0.0744478917969151,0.1386593977968626,0.7868927104062223
26458,0.22136700849955582,0.17833652888469595,0.6002964626157483
26459,0.06730252032055808,0.1135426762133607,0.8191548034660812
26460,0.09055196998560447,0.11566606920282747,0.793781960811568
26461,0.06658121279792503,0.2596559493839855,0.6737628378180895
26462,0.048654415457218284,0.21143187798510388,0.739913706557678
26463,0.37348385325504907,0.6158084015902853,0.010707745154665702
26464,0.10017870721435992,0.17967112430957782,0.7201501684760623
26465,0.024351845216378447,0.06375605547984349,0.9118920993037781
26466,0.0418472702150079,0.3202215122867106,0.6379312174982814
26467,0.22061659681522747,0.14496263330702067,0.6344207698777519
26468,0.06139923641901231,0.11732436419015695,0.8212763993908307
26469,0.638945642157696,0.09339090983453277,0.2676634480077712
26470,0.17880470421828445,0.11829046548579206,0.7029048302959235
26471,0.06511823918553225,0.07274807107939037,0.8621336897350774
26472,0.17595615506977375,0.2814043259963971,0.5426395189338292
26473,0.10372109553347712,0.06962642075275895,0.826652483713764
26474,0.13048213855845595,0.8641757775727624,0.005342083868781679
26475,0.2919999553101866,0.2285604498494532,0.47943959484036025
26476,0.04257626406209266,0.1303799206128164,0.827043815325091
26477,0.08555713695085987,0.12623142297399612,0.788211440075144
26478,0.029228555871507127,0.07999704150521944,0.8907744026232735
26479,0.08168090522640645,0.12466087810730993,0.7936582166662836
26480,0.08786994318683627,0.0813960217548537,0.83073403505831
26481,0.09266302550516463,0.2342306548014684,0.673106319693367
26482,0.16858958736141755,0.13190834976899052,0.6995020628695918
26483,0.039778105800389284,0.12211806827880545,0.8381038259208052
26484,0.1938908922756181,0.08022387542434685,0.7258852323000351
26485,0.08152693758292712,0.08100991942708569,0.8374631429899873
26486,0.07540528503154469,0.14546848551361924,0.7791262294548361
26487,0.10042418259318238,0.09377389368067168,0.805801923726146
26488,0.25016733964805243,0.7029869388712371,0.04684572148071048
26489,0.03817729795057512,0.15556855011598203,0.806254151933443
26490,0.11799416617639442,0.20131504339189527,0.6806907904317103
26491,0.04389139194231436,0.11703992120576659,0.8390686868519189
26492,0.06785449260138736,0.15065776327211144,0.7814877441265013
26493,0.2270373106544254,0.7708409085055021,0.002121780840072351
26494,0.24925695176673188,0.19507341656019692,0.5556696316730712
26495,0.04978450954660534,0.08815993525160394,0.8620555552017907
26496,0.07072673163155092,0.25121103736980166,0.6780622309986475
26497,0.04000961805125695,0.74593332368208,0.21405705826666313
26498,0.17462325561255646,0.4514480614206017,0.3739286829668419
26499,0.07984121701109229,0.1269264403120758,0.7932323426768318
26500,0.08895300425639727,0.30078262432294434,0.6102643714206584
26501,0.07343317930972404,0.14826562692213557,0.7783011937681403
26502,0.03565295866654218,0.061862754287219254,0.9024842870462386
26503,0.062098994601388326,0.6484423495099159,0.28945865588869574
26504,0.06280117340942351,0.12556633607347162,0.8116324905171048
26505,0.04655465142843545,0.052278816521653906,0.9011665320499107
26506,0.12709498019771304,0.8469125618509326,0.025992457951354353
26507,0.15488838640304964,0.8374395730904307,0.007672040506519702
26508,0.11554813752533946,0.33591996128647833,0.5485319011881822
26509,0.12181963444840005,0.16051172081604345,0.7176686447355565
26510,0.07217323869907781,0.21784303724566642,0.7099837240552558
26511,0.09111491963739787,0.0820937890165406,0.8267912913460617
26512,0.08349082219469565,0.2862591614924979,0.6302500163128065
26513,0.06038646800142759,0.21430333243876776,0.7253101995598047
26514,0.04658162292268756,0.0696332866220972,0.8837850904552154
26515,0.39387630528444156,0.05103571577954832,0.5550879789360101
26516,0.0403540788102256,0.253075911449528,0.7065700097402463
26517,0.2412295768323321,0.7493359686612516,0.009434454506416294
26518,0.06430476545139689,0.0994938447155077,0.8362013898330953
26519,0.3224063281492159,0.1627467020379581,0.514846969812826
26520,0.06485423617180931,0.7141971187955951,0.22094864503259562
26521,0.07757206673333142,0.25029884158848154,0.6721290916781871
26522,0.13757079753085877,0.14718224294298357,0.7152469595261578
26523,0.0926695119662887,0.22197227534009137,0.68535821269362
26524,0.03163365041705707,0.2614140295598854,0.7069523200230574
26525,0.29022721373414184,0.20880308950841098,0.5009696967574471
26526,0.06881814518995857,0.12321594589727687,0.8079659089127645
26527,0.07553778241272527,0.11249390080434392,0.8119683167829308
26528,0.24074476321330182,0.7354361390423111,0.02381909774438712
26529,0.23814939987174827,0.06378168394011259,0.698068916188139
26530,0.05155828068736118,0.05488630585055598,0.8935554134620828
26531,0.04708138278876184,0.12552856225864845,0.8273900549525898
26532,0.12123123107123246,0.12156043287963328,0.7572083360491342
26533,0.06050585306316246,0.1759645594570451,0.7635295874797924
26534,0.06728260555445435,0.17746751044133469,0.7552498840042109
26535,0.043228370249096634,0.11728565258768339,0.8394859771632198
26536,0.06886278299751726,0.5853473872785284,0.3457898297239542
26537,0.06666908542191977,0.030375894169483674,0.9029550204085967
26538,0.042083034235984154,0.47967628187683625,0.47824068388717966
26539,0.02694452550680864,0.16004894934919484,0.8130065251439966
26540,0.07849359519311183,0.606167834317054,0.31533857048983416
26541,0.10106236655179437,0.1476949817313662,0.7512426517168395
26542,0.0414796259838271,0.2662810353210653,0.6922393386951077
26543,0.06547740586930577,0.12572372552132197,0.8087988686093723
26544,0.1010555242552464,0.1359929793783241,0.7629514963664296
26545,0.09138628916406957,0.19556191604987933,0.7130517947860512
26546,0.1274649786913104,0.14023289891404422,0.7323021223946453
26547,0.050532220110405826,0.06549647122741195,0.8839713086621822
26548,0.12854175443832644,0.04641203030302745,0.825046215258646
26549,0.12836667750721026,0.867364288806461,0.004269033686328816
26550,0.07798239579827584,0.23832634036917275,0.6836912638325514
26551,0.06349392783936506,0.18386213867307358,0.7526439334875615
26552,0.0188580729708315,0.25809162252723794,0.7230503045019304
26553,0.04676020596036843,0.11238461603557899,0.8408551780040525
26554,0.08458401252169186,0.3994750885834127,0.5159408988948956
26555,0.06911067462484614,0.10123266509197912,0.8296566602831745
26556,0.06873099352995479,0.1744845118376574,0.756784494632388
26557,0.049444508342576333,0.14105639037044818,0.8094991012869756
26558,0.15418275563756065,0.12771697712963018,0.7181002672328092
26559,0.4528851849321507,0.133037651832834,0.41407716323501537
26560,0.07798081852141317,0.19944343758460964,0.7225757438939772
26561,0.05290091882981853,0.22299553388672066,0.7241035472834609
26562,0.07192541834608021,0.05708858515765367,0.8709859964962661
26563,0.05742839620494633,0.172622209143447,0.7699493946516067
26564,0.04700242503684733,0.17314295220834017,0.7798546227548125
26565,0.10030296783789491,0.28257168973310165,0.6171253424290034
26566,0.13198492332300782,0.13782189755759197,0.7301931791194002
26567,0.04267128845069485,0.21590740512655401,0.7414213064227512
26568,0.520115435302815,0.46428038743114997,0.015604177266035055
26569,0.05497194431982083,0.16348621290502593,0.7815418427751533
26570,0.13830567809326288,0.3208674253132946,0.5408268965934425
26571,0.0222228741359157,0.0758967914535235,0.9018803344105608
26572,0.07941839336855552,0.2648360711870349,0.6557455354444095
26573,0.034125353199700066,0.3379090987240143,0.6279655480762856
26574,0.2553405267128074,0.0842151865287234,0.6604442867584692
26575,0.08609129874090611,0.12334789445146832,0.7905608068076255
26576,0.10318336923961954,0.14320892955141445,0.7536077012089659
26577,0.08301424605886769,0.10002278396837402,0.8169629699727583
26578,0.1756383475249238,0.25624616000977796,0.5681154924652982
26579,0.12677660393538867,0.8673097614750575,0.005913634589553893
26580,0.060865449463266795,0.16729522574975164,0.7718393247869816
26581,0.07804046383958725,0.147933388403446,0.7740261477569667
26582,0.0192765625851828,0.07368536180819411,0.907038075606623
26583,0.0797563606392783,0.14351243358602664,0.7767312057746951
26584,0.08855330711081114,0.13549424170028007,0.7759524511889089
26585,0.126910895172494,0.3549558284464641,0.5181332763810419
26586,0.25179576278549415,0.4092606938132445,0.3389435434012613
26587,0.2580223803095924,0.28644498597780965,0.45553263371259795
26588,0.0850118449945424,0.20739358924460735,0.7075945657608503
26589,0.12118468598123455,0.11806200981929367,0.7607533041994718
26590,0.053386568924411515,0.5318747941206247,0.4147386369549638
26591,0.3255504949481466,0.6638809794056518,0.01056852564620146
26592,0.36581216193902794,0.0988804412399252,0.5353073968210469
26593,0.06420897682073118,0.11479332983837812,0.8209976933408907
26594,0.3706609175001535,0.11442867333908473,0.5149104091607617
26595,0.02694039968547196,0.06755153781359685,0.9055080625009312
26596,0.09840169070783615,0.26896261905970525,0.6326356902324586
26597,0.18223942779059038,0.39596880870327783,0.4217917635061318
26598,0.15348885565168424,0.1947324916071896,0.6517786527411261
26599,0.02976538843454731,0.05613346687040135,0.9141011446950514
26600,0.058701562699619056,0.12381175945011258,0.8174866778502683
26601,0.09583900148641908,0.19233402325863844,0.7118269752549424
26602,0.13476354618651307,0.14132546142817864,0.7239109923853083
26603,0.1011998050261776,0.12691648593602106,0.7718837090378012
26604,0.07226299831261193,0.10245469728052958,0.8252823044068585
26605,0.10088592864817414,0.17018556710178148,0.7289285042500444
26606,0.2364861486212888,0.22715711978818245,0.5363567315905288
26607,0.12512624368971492,0.84435826824265,0.030515488067635144
26608,0.018551660438629776,0.14502262802010282,0.8364257115412673
26609,0.1374891544845294,0.2117564675885355,0.6507543779269351
26610,0.3218406971549577,0.6286080108715947,0.049551291973447466
26611,0.07752120511074863,0.23896987209804849,0.683508922791203
26612,0.10365896466650422,0.2600453474260428,0.6362956879074531
26613,0.10494594388374182,0.10742025058658491,0.7876338055296733
26614,0.060405275047465165,0.10358145855689986,0.836013266395635
26615,0.06214449261624662,0.11745494423593084,0.8204005631478226
26616,0.05970323449430367,0.14605104792962947,0.7942457175760669
26617,0.13245398043929396,0.1573474888447101,0.710198530715996
26618,0.13293960033122987,0.24117950020294088,0.6258808994658291
26619,0.15797334747544073,0.16490976854427147,0.6771168839802877
26620,0.3972707035667308,0.5746435840959185,0.028085712337350705
26621,0.05597052373860269,0.12358112602255766,0.8204483502388396
26622,0.20827430506976988,0.31842589203190574,0.47329980289832435
26623,0.04948505767187146,0.5525090069855102,0.3980059353426183
26624,0.07693645232679476,0.1934847229663264,0.7295788247068788
26625,0.19672278316508895,0.20711084015902262,0.5961663766758885
26626,0.13846016827560553,0.09139124165270676,0.7701485900716877
26627,0.078850224370656,0.1861286274259784,0.7350211482033656
26628,0.0628191280654317,0.2555909963863119,0.6815898755482565
26629,0.05712066772376991,0.05876022491906517,0.884119107357165
26630,0.0891146610170066,0.22998084745211678,0.6809044915308766
26631,0.0425811314030441,0.0724407111791543,0.8849781574178017
26632,0.2778368862811228,0.08249029001473521,0.639672823704142
26633,0.08657214443247548,0.20994856183471472,0.7034792937328097
26634,0.05395639538244856,0.06791129955497134,0.8781323050625801
26635,0.07248544720176572,0.14800910061543499,0.7795054521827993
26636,0.04916928022461422,0.19758637298207224,0.7532443467933134
26637,0.014861960700044058,0.05031327227968304,0.9348247670202727
26638,0.04624114931865295,0.5116618296794764,0.4420970210018707
26639,0.20748382590738101,0.22344288300302723,0.5690732910895917
26640,0.10298047481041483,0.13181985026558013,0.7651996749240051
26641,0.1659516496403171,0.6369400906668327,0.19710825969285015
26642,0.03444790288343155,0.11190014634181411,0.8536519507747544
26643,0.06510635249612473,0.10464074372040003,0.8302529037834752
26644,0.045680276156862244,0.10045270423644874,0.8538670196066891
26645,0.0618100652097721,0.13816735167330113,0.8000225831169268
26646,0.4622577448341838,0.18885738080639436,0.34888487435942184
26647,0.08151905632551446,0.12692744437857412,0.7915534992959115
26648,0.13080948155120944,0.2772869656292795,0.5919035528195111
26649,0.05616877173777244,0.1780283639388241,0.7658028643234033
26650,0.38157969334541303,0.5289182672285873,0.08950203942599978
26651,0.5106005507022897,0.4691573470417646,0.020242102255945683
26652,0.23336093473341535,0.15169791165542582,0.6149411536111588
26653,0.2093645599534101,0.16965278596496666,0.6209826540816233
26654,0.11406372849353638,0.3667968810617594,0.5191393904447041
26655,0.07469421444800982,0.24288951261842393,0.6824162729335661
26656,0.06326235676558008,0.11350495308579493,0.823232690148625
26657,0.06206052490188694,0.22287072415230763,0.7150687509458055
26658,0.07465377392690495,0.18322361026415704,0.742122615808938
26659,0.17979770591367567,0.3036394123555167,0.5165628817308077
26660,0.042106784359427614,0.13022476754100848,0.8276684480995637
26661,0.1241673218935871,0.10750972354585009,0.7683229545605628
26662,0.051904548066967704,0.2513175250486952,0.6967779268843372
26663,0.09088178111083962,0.11729831837444774,0.7918199005147126
26664,0.09194219950712376,0.2063444507301427,0.7017133497627335
26665,0.18162545528708796,0.1535582819952624,0.6648162627176497
26666,0.08855865703473151,0.4803527019629311,0.43108864100233735
26667,0.0513119706120963,0.051583458636412546,0.8971045707514911
26668,0.08489748180613399,0.6073983930795566,0.3077041251143095
26669,0.07024299919668363,0.26916228467622444,0.6605947161270919
26670,0.24303092019680528,0.3288030041364519,0.4281660756667428
26671,0.17135471814027,0.07616651927817235,0.7524787625815577
26672,0.08202287337569805,0.05653580195604517,0.8614413246682568
26673,0.1766614587794493,0.27741033253473996,0.5459282086858107
26674,0.30885238038435797,0.11941094419670342,0.5717366754189387
26675,0.053316236859261554,0.07204702862776619,0.8746367345129723
26676,0.028393793909289238,0.0963313490963573,0.8752748569943535
26677,0.03739429014196347,0.10698592542007797,0.8556197844379586
26678,0.07411565535525504,0.19445521579303643,0.7314291288517086
26679,0.1693448932644885,0.1717923153666922,0.6588627913688192
26680,0.028212249029674508,0.07012127511633903,0.9016664758539864
26681,0.03324297582641274,0.09172830548762571,0.8750287186859615
26682,0.14641771774056916,0.21860892769694082,0.63497335456249
26683,0.08434747989970502,0.289141493112886,0.6265110269874089
26684,0.054912452012833214,0.12951961474349766,0.815567933243669
26685,0.2660321821605011,0.12358008275727743,0.6103877350822213
26686,0.038321125275107656,0.24986558934886646,0.711813285376026
26687,0.10036425501322443,0.13277128600949217,0.7668644589772834
26688,0.16660542503078807,0.5533850223598878,0.28000955260932414
26689,0.0741235828805181,0.1609909502764721,0.7648854668430098
26690,0.04633239139126485,0.10079960718844398,0.8528680014202912
26691,0.05471136056424501,0.054307027807782,0.8909816116279728
26692,0.031172756991507056,0.3825453122169107,0.5862819307915823
26693,0.19356571403472345,0.11098400336374177,0.6954502826015349
26694,0.5230791234579654,0.4619377395130953,0.014983137028939377
26695,0.05428637464555116,0.06380551954307938,0.8819081058113696
26696,0.11360377491924734,0.11859651972017671,0.767799705360576
26697,0.03298478660176012,0.04378179551126112,0.9232334178869788
26698,0.06780078871159229,0.08432749555596844,0.8478717157324394
26699,0.08978633519728534,0.27135207600036293,0.6388615888023519
26700,0.058300205598239875,0.19789364166845863,0.7438061527333015
26701,0.1139392952803265,0.39810584620941,0.48795485851026354
26702,0.08778040593844788,0.5258293413554501,0.38639025270610194
26703,0.07239876213688146,0.16844990966463264,0.759151328198486
26704,0.060750052027177905,0.1005323565067068,0.8387175914661154
26705,0.0666675777662512,0.07819243667708464,0.8551399855566639
26706,0.04891212487556926,0.1418252673964147,0.8092626077280161
26707,0.2890992734770849,0.0959940873879707,0.6149066391349443
26708,0.20138641706710061,0.21967592528012242,0.578937657652777
26709,0.05902099153231224,0.04927334164549182,0.891705666822196
26710,0.09171521700674219,0.12658339671481583,0.7817013862784419
26711,0.2269742724725392,0.0990974735514019,0.6739282539760588
26712,0.06429640915661736,0.1845105799251598,0.7511930109182229
26713,0.1304858647545921,0.502410592253072,0.36710354299233583
26714,0.06293468916908666,0.23024949763632,0.7068158131945934
26715,0.02866377657811283,0.37320389909342144,0.5981323243284657
26716,0.1091542181468739,0.6522558822270509,0.23858989962607519
26717,0.041812507380536226,0.24262209633112564,0.7155653962883382
26718,0.13821715330063178,0.22733111221145458,0.6344517344879137
26719,0.055912147605498376,0.1964259409461439,0.7476619114483576
26720,0.06300462892666941,0.2060986035094206,0.73089676756391
26721,0.06932970636533412,0.3638925585289411,0.5667777351057247
26722,0.15030398353746904,0.09644115534297522,0.7532548611195558
26723,0.09520794119277161,0.09411350734795215,0.8106785514592761
26724,0.08044738896915998,0.38105154178388095,0.5385010692469591
26725,0.02069488611418346,0.22341087181840344,0.7558942420674132
26726,0.20291546075923766,0.3181894118594281,0.4788951273813343
26727,0.022538337236760814,0.07635094843024992,0.9011107143329893
26728,0.08255774085802879,0.12392657600737148,0.7935156831345997
26729,0.1176346625686852,0.23934177349398222,0.6430235639373326
26730,0.1642302570208659,0.5357485026259449,0.30002124035318917
26731,0.07426217024512896,0.1988250864759229,0.7269127432789481
26732,0.2790102895027786,0.7150811951047886,0.005908515392432589
26733,0.06715300110467971,0.08075269958792367,0.8520942993073966
26734,0.04912721266324078,0.26473645271832674,0.6861363346184326
26735,0.08344541664148723,0.13324185928873614,0.7833127240697766
26736,0.08682385984713684,0.11832760429148606,0.7948485358613772
26737,0.06637688069228347,0.21627603450558053,0.7173470848021359
26738,0.06313408356677735,0.1600857892309792,0.7767801272022435
26739,0.34315226697153467,0.07935757604850441,0.5774901569799609
26740,0.021489505362001442,0.04899792761240808,0.9295125670255905
26741,0.21471901944719204,0.7635733822120221,0.021707598340785794
26742,0.04728837474941515,0.13206687714080087,0.8206447481097842
26743,0.16769420568889884,0.1841397672038078,0.6481660271072933
26744,0.1624356989555232,0.36568700593128406,0.4718772951131928
26745,0.06632461998100078,0.1475858888845469,0.7860894911344521
26746,0.16262399923853127,0.17457990871534396,0.6627960920461248
26747,0.06729559169257163,0.31917810086734494,0.6135263074400835
26748,0.18982583349580676,0.4014325373516224,0.40874162915257095
26749,0.09058239364895261,0.2025265036237987,0.7068911027272488
26750,0.07392414200001321,0.08594644538462429,0.8401294126153627
26751,0.05848836426080979,0.30043710905364424,0.6410745266855459
26752,0.10890566843613278,0.5100919552923162,0.381002376271551
26753,0.06919845227381002,0.09361784571548228,0.8371837020107076
26754,0.10288031427486317,0.03622522551398671,0.8608944602111501
26755,0.027411782284232244,0.044865590455462935,0.9277226272603049
26756,0.08729632702822393,0.11480771493091461,0.7978959580408616
26757,0.10102037168754614,0.08493273401405765,0.8140468942983963
26758,0.09076496628401906,0.1966016730162536,0.7126333606997273
26759,0.059506558621969366,0.22040217086477837,0.7200912705132523
26760,0.07660882710360391,0.2366176047255582,0.686773568170838
26761,0.03744738994407209,0.15006240410931287,0.8124902059466151
26762,0.11473299203625728,0.16028068157226566,0.724986326391477
26763,0.043507822162420794,0.1350914838248382,0.821400694012741
26764,0.09554155763218594,0.19684202467221928,0.7076164176955948
26765,0.11728140012548334,0.1842896395940352,0.6984289602804814
26766,0.10664193663427687,0.35295123832608033,0.5404068250396428
26767,0.10980379201440993,0.2426866515597556,0.6475095564258345
26768,0.03997097895895072,0.954396139858783,0.00563288118226613
26769,0.13762124063952627,0.26573828353060414,0.5966404758298696
26770,0.06278955737497803,0.2479656070980767,0.6892448355269453
26771,0.1789309077795706,0.7867859638255347,0.03428312839489472
26772,0.545241534347652,0.046686960676476395,0.4080715049758717
26773,0.0955111528818384,0.09527683174698917,0.8092120153711726
26774,0.033733318410676436,0.10336423880628413,0.8629024427830394
26775,0.030192163254983813,0.2639781445141682,0.705829692230848
26776,0.06216255245859005,0.17824812529687062,0.7595893222445393
26777,0.035045197600804365,0.11490814458836814,0.8500466578108276
26778,0.06782730847823486,0.11198412592519262,0.8201885655965725
26779,0.04992884200852601,0.13314349939831094,0.8169276585931631
26780,0.02289510278427687,0.1404147660101799,0.8366901312055433
26781,0.12258304950824858,0.14280925834837452,0.7346076921433768
26782,0.026934957148081133,0.06286159725260122,0.9102034455993178
26783,0.1423469695879296,0.28275419456680245,0.574898835845268
26784,0.13338777048972164,0.4672225506686839,0.39938967884159454
26785,0.05805287410137561,0.1651816649350714,0.776765460963553
26786,0.4770191938936291,0.12871956235053958,0.3942612437558313
26787,0.06495094021501824,0.09456929118734655,0.8404797685976353
26788,0.10211979885534428,0.1958057795312448,0.7020744216134108
26789,0.1886696846364207,0.2880137133129525,0.5233166020506268
26790,0.03504808465253451,0.07846382247647642,0.8864880928709891
26791,0.042677664764684375,0.09883196785377743,0.858490367381538
26792,0.17261818161245762,0.12093905120019517,0.7064427671873472
26793,0.08507962187060736,0.15635555409335408,0.7585648240360385
26794,0.029969631796418716,0.1482795321920246,0.8217508360115569
26795,0.11591760115552788,0.1896577928154825,0.6944246060289897
26796,0.04915449405677637,0.9493457956522121,0.0014997102910114736
26797,0.039474613113513156,0.47629715771634834,0.4842282291701384
26798,0.38943150347795114,0.15150388652339516,0.45906460999865367
26799,0.11253919060457193,0.15637530811300476,0.7310855012824233
26800,0.03491953715314962,0.9561387396738754,0.00894172317297506
26801,0.09189100455084297,0.5530710297944672,0.3550379656546899
26802,0.10793535631519213,0.107430095530153,0.7846345481546549
26803,0.07903118424833243,0.15915173389861068,0.7618170818530569
26804,0.06424287907854402,0.13625299654348186,0.7995041243779741
26805,0.01408930472790726,0.19628281919296348,0.7896278760791292
26806,0.07534265861585314,0.1517242835316906,0.7729330578524565
26807,0.08185917071090146,0.12496527643965168,0.793175552849447
26808,0.06442031736442624,0.24712950927950178,0.688450173356072
26809,0.07301779110207292,0.19689187595843335,0.7300903329394937
26810,0.0434051115874831,0.23858694529970684,0.71800794311281
26811,0.041240698089489346,0.0572341472893332,0.9015251546211773
26812,0.11276640369759197,0.09974763614615731,0.7874859601562507
26813,0.08860427841779743,0.5089644229762335,0.4024312986059691
26814,0.13418599760622155,0.1515163762015987,0.7142976261921797
26815,0.12724590863231422,0.1989739098818693,0.6737801814858165
26816,0.0479285728116592,0.32915381785363884,0.622917609334702
26817,0.11719708070837691,0.04024548226327175,0.8425574370283513
26818,0.1164836920809853,0.08269181642562655,0.8008244914933883
26819,0.09674094057711145,0.3094875511100178,0.5937715083128707
26820,0.1333405300051949,0.8593880708217518,0.007271399173053134
26821,0.1055284196060001,0.8867352940285562,0.007736286365443682
26822,0.15416470966597257,0.18801357235183325,0.6578217179821941
26823,0.017455190341371767,0.09530275144256525,0.887242058216063
26824,0.15791814499802287,0.07300213963019968,0.7690797153717774
26825,0.051231792416142286,0.05035067018488208,0.8984175373989756
26826,0.0745117541421572,0.0859916034552057,0.8394966424026371
26827,0.06637459021212556,0.10628644069866244,0.827338969089212
26828,0.028026118416694758,0.22920906902706398,0.7427648125562413
26829,0.03948070242379068,0.1793993753412162,0.7811199222349932
26830,0.015335195401088126,0.07529126340073708,0.9093735411981747
26831,0.049014904869256956,0.0685633325152678,0.8824217626154752
26832,0.02084740884567237,0.04273902077586766,0.93641357037846
26833,0.08935344648583696,0.08916713186690399,0.8214794216472591
26834,0.06903872058809102,0.17165867581826894,0.7593026035936401
26835,0.509592017315551,0.15709194704759152,0.3333160356368576
26836,0.2246985713579023,0.40327919892940683,0.37202222971269083
26837,0.04754441244752751,0.044973011311685504,0.9074825762407869
26838,0.13727162699017054,0.3165605518000938,0.5461678212097357
26839,0.7276927421420838,0.04155679817791493,0.23075045968000127
26840,0.03863309768977958,0.33760813771856246,0.623758764591658
26841,0.020044568680088103,0.026796940422511722,0.9531584908974002
26842,0.0621111515596543,0.1961550995347488,0.741733748905597
26843,0.1506399427985222,0.06978771873861442,0.7795723384628634
26844,0.20622063388833028,0.33423853398871956,0.45954083212295016
26845,0.4937432533203272,0.0639543297127283,0.44230241696694456
26846,0.048672205479684004,0.1389751404549238,0.8123526540653921
26847,0.10945800780226529,0.23547433942543164,0.655067652772303
26848,0.07495608418367476,0.05543495301833381,0.8696089627979914
26849,0.2150125143052588,0.09155409727882953,0.6934333884159116
26850,0.07162278078508855,0.2871738398503804,0.6412033793645311
26851,0.08372221770477009,0.15725730427997783,0.7590204780152521
26852,0.1383619464771422,0.5934381226707378,0.26819993085211996
26853,0.15299039386585955,0.061493159967045366,0.785516446167095
26854,0.0831244104034491,0.9126082427237033,0.004267346872847436
26855,0.09506586811476099,0.2862137592354805,0.6187203726497584
26856,0.0760063216918577,0.06953801374462434,0.854455664563518
26857,0.11245678679622235,0.25414898213530174,0.6333942310684757
26858,0.1253270772314256,0.5778283564295335,0.296844566339041
26859,0.05394401092515781,0.5867460102233585,0.35930997885148375
26860,0.07037683692538119,0.5116286311479357,0.41799453192668307
26861,0.14453722368383157,0.21434128737191244,0.641121488944256
26862,0.06759123386097732,0.4340442699024347,0.49836449623658796
26863,0.03160061144664713,0.11463366498774519,0.8537657235656078
26864,0.06849037498165444,0.3124238236291273,0.6190858013892183
26865,0.12071952256347451,0.1256601750217619,0.7536203024147635
26866,0.034368919028513654,0.11220901821951186,0.8534220627519744
26867,0.05380473605900917,0.07261164916857385,0.873583614772417
26868,0.04306172061884972,0.20497637940506624,0.751961899976084
26869,0.03888099679085142,0.023486810160092585,0.937632193049056
26870,0.028344918106881993,0.822619839022839,0.14903524287027897
26871,0.09017608007698774,0.11572213939307316,0.7941017805299391
26872,0.060761156664746685,0.26401503897345646,0.675223804361797
26873,0.08985483120788082,0.17955488635620137,0.7305902824359178
26874,0.13300384681999836,0.29331928593007517,0.5736768672499265
26875,0.07266147703170325,0.2468330272143075,0.6805054957539893
26876,0.08224479414955525,0.08943997617348767,0.8283152296769571
26877,0.09256129279090776,0.12372030836387751,0.7837183988452147
26878,0.09220740597780466,0.20489360084525457,0.7028989931769408
26879,0.08105050284882429,0.2183370993490838,0.700612397802092
26880,0.26037601054543374,0.08381170342974414,0.6558122860248222
26881,0.05042560691581009,0.20053775233180354,0.7490366407523864
26882,0.38299091291551884,0.07217712306520786,0.5448319640192733
26883,0.05992036446277778,0.08104009072297062,0.8590395448142516
26884,0.0586727759447717,0.3935323838384767,0.5477948402167516
26885,0.18665586102488457,0.19190451088277943,0.621439628092336
26886,0.11121561079564626,0.12885324837925516,0.7599311408250986
26887,0.02307761847890357,0.11356620202586927,0.8633561794952271
26888,0.16328177890643286,0.13466475338245476,0.7020534677111124
26889,0.05087788421963398,0.122289624904208,0.8268324908761582
26890,0.0344852729096813,0.13188547183881377,0.8336292552515049
26891,0.06962546044675433,0.2814866410381607,0.648887898515085
26892,0.09817172361694357,0.2684788370031229,0.6333494393799336
26893,0.06399126245610917,0.0901962787196684,0.8458124588242224
26894,0.132830869463862,0.09381050904472188,0.7733586214914162
26895,0.10647113995859296,0.30676611743294957,0.5867627426084574
26896,0.0844993698374982,0.24304563495912213,0.6724549952033796
26897,0.06038092255775335,0.18753364434232395,0.7520854330999227
26898,0.05257362117366995,0.10904186232857774,0.8383845164977523
26899,0.06478607243185942,0.1944422814392524,0.7407716461288881
26900,0.08696172023463353,0.28194115909221784,0.6310971206731486
26901,0.057729125700326886,0.2837097402452283,0.6585611340544448
26902,0.030975113447765025,0.036762452422383254,0.9322624341298518
26903,0.12498788827467944,0.25568585413310124,0.6193262575922193
26904,0.5181962457445048,0.4655757688093679,0.016227985446127184
26905,0.0688522052573077,0.09986322004970506,0.8312845746929873
26906,0.06042204676506653,0.08814064168313088,0.8514373115518026
26907,0.23304495662064664,0.10687522944998873,0.6600798139293647
26908,0.10791898557833943,0.19659954871446939,0.6954814657071913
26909,0.03988543597961707,0.4596787200017983,0.5004358440185845
26910,0.07027668109565013,0.3121493469028545,0.6175739720014954
26911,0.1022523895441205,0.2590627123965067,0.6386848980593729
26912,0.042362933609428895,0.07756760661014302,0.880069459780428
26913,0.2429218767292296,0.1314536624320391,0.6256244608387312
26914,0.07823616896098028,0.24429164763752573,0.6774721834014941
26915,0.1284907598611491,0.13274269678381737,0.7387665433550336
26916,0.09645501170008051,0.8986891100711629,0.0048558782287566405
26917,0.05857147557800344,0.11875149027731484,0.8226770341446817
26918,0.0635619824384777,0.17489701816306816,0.7615409993984542
26919,0.4614950038037479,0.09397934753115327,0.44452564866509875
26920,0.08789168686061113,0.2771400352548643,0.6349682778845247
26921,0.03455271502270364,0.619509425739769,0.34593785923752735
26922,0.06105848018424935,0.3428480100763077,0.5960935097394428
26923,0.054451419117995545,0.11275780155394295,0.8327907793280614
26924,0.0993408427214466,0.10165400417886936,0.7990051530996841
26925,0.09008645713684661,0.06367475119225421,0.8462387916708991
26926,0.09533712989570332,0.2511847579912543,0.6534781121130424
26927,0.06258039859645813,0.15792266016131445,0.7794969412422275
26928,0.05878344152290429,0.9319472262084622,0.009269332268633591
26929,0.041055233787161326,0.17203263539745012,0.7869121308153886
26930,0.06285529983796155,0.35264735774762657,0.5844973424144119
26931,0.27810157250504747,0.7135750760611757,0.008323351433776797
26932,0.049197645557481184,0.720473750960535,0.23032860348198395
26933,0.15857653828892698,0.15479083118714637,0.6866326305239265
26934,0.08241044706061489,0.11162594860955617,0.8059636043298288
26935,0.06202563417979443,0.1783237146279736,0.759650651192232
26936,0.10928099828831994,0.05722990623330696,0.8334890954783731
26937,0.07651363299099202,0.2783616663448091,0.6451247006641989
26938,0.18956000354565353,0.8017195886019663,0.008720407852380102
26939,0.45310070684888404,0.5274032351106424,0.019496058040473635
26940,0.08251581429027317,0.15124411952051905,0.7662400661892077
26941,0.09626845361359283,0.1918583899420359,0.7118731564443713
26942,0.18414731161881656,0.22515951883270544,0.5906931695484781
26943,0.08805586157693546,0.23584602211921718,0.6760981163038473
26944,0.05673126939315661,0.11145998858565212,0.8318087420211914
26945,0.12274989887819898,0.40977825612089747,0.4674718450009035
26946,0.06780078582257121,0.06408108160594897,0.86811813257148
26947,0.04717353242655228,0.41992507340147645,0.5329013941719712
26948,0.08290997812289977,0.2968460804615617,0.6202439414155385
26949,0.35123809061866174,0.16158886724733934,0.4871730421339989
26950,0.20862266771342944,0.2656557258980392,0.5257216063885314
26951,0.19456975990273376,0.4180892455100159,0.38734099458725024
26952,0.090866949567772,0.18834145503617294,0.7207915953960551
26953,0.09670822511350363,0.04038146853811936,0.862910306348377
26954,0.01664632782502849,0.09525410235592245,0.888099569819049
26955,0.028657174347084157,0.5310482857288256,0.44029453992409023
26956,0.18328268003060866,0.2946250757668639,0.5220922442025274
26957,0.5260563807326035,0.12948037301728088,0.3444632462501155
26958,0.2209441936331773,0.18342276244113703,0.5956330439256856
26959,0.05013939120967599,0.26798878537605747,0.6818718234142666
26960,0.09213913666794667,0.163104327602287,0.7447565357297663
26961,0.07231159479830346,0.10185113439223456,0.8258372708094619
26962,0.0463584482562574,0.5938200929175087,0.3598214588262338
26963,0.19356571403472345,0.11098400336374177,0.6954502826015349
26964,0.20517068087593676,0.22632945041800623,0.5684998687060571
26965,0.08537609824553065,0.37000432384778154,0.5446195779066878
26966,0.0844993698374982,0.24304563495912213,0.6724549952033796
26967,0.05264832271772646,0.11173450685315367,0.83561717042912
26968,0.15480190554822443,0.08075953673414246,0.7644385577176331
26969,0.041254276720443,0.0923861257974232,0.8663595974821338
26970,0.10406604863307198,0.09988325990766252,0.7960506914592657
26971,0.10905345385635165,0.23202366003282582,0.6589228861108225
26972,0.09561743758687732,0.19173072688304052,0.712651835530082
26973,0.049745753391843214,0.07116365558679419,0.8790905910213626
26974,0.06804763443353275,0.06645803969971717,0.8654943258667501
26975,0.07047838652043412,0.0946496903759729,0.8348719231035929
26976,0.09947535023611057,0.8726088106955903,0.027915839068299142
26977,0.0697049202517304,0.20794196630990208,0.7223531134383675
26978,0.04534619280984351,0.18093838432093623,0.7737154228692202
26979,0.044599611250165205,0.3019183996867081,0.6534819890631268
26980,0.0893610016084064,0.09127802492988123,0.8193609734617123
26981,0.12891219493433764,0.15484861055368507,0.7162391945119773
26982,0.031653358960052405,0.1068485246668768,0.8614981163730707
26983,0.06173007558372393,0.19420833016100403,0.7440615942552721
26984,0.10709123055494305,0.0991873937376446,0.7937213757074123
26985,0.1593002170723656,0.18435602452601108,0.6563437584016233
26986,0.061601942330840855,0.04716690419582428,0.8912311534733348
26987,0.13193836161230593,0.2722451421359821,0.5958164962517118
26988,0.13808009836198445,0.3302255850600223,0.5316943165779933
26989,0.11145700314715024,0.193701681854621,0.6948413149982288
26990,0.09109572428890766,0.09701689875072447,0.8118873769603677
26991,0.06934390279182667,0.1061701877996446,0.8244859094085287
26992,0.11697047142496782,0.2337500505006555,0.6492794780743767
26993,0.10992489772641682,0.20058207768902073,0.6894930245845625
26994,0.10433743656772052,0.18574043072120264,0.7099221327110767
26995,0.05675305052373898,0.22647342858632333,0.7167735208899377
26996,0.027783619733926283,0.08827357642633192,0.8839428038397417
26997,0.24664535375709368,0.4475253143453909,0.3058293318975154
26998,0.16774520713956143,0.15581415244654404,0.6764406404138945
26999,0.29375244617634,0.07208124752369435,0.6341663062999656
27000,0.05276753641044102,0.41419844684989193,0.533034016739667
27001,0.03776447272714879,0.2949626193873251,0.6672729078855262
27002,0.0653136409162035,0.2596556606539209,0.6750306984298756
27003,0.19736773361176324,0.1381475497113167,0.6644847166769201
27004,0.05117942943230051,0.18952733106093622,0.7592932395067632
27005,0.06297504320798693,0.3105585086364332,0.6264664481555798
27006,0.10424884741609763,0.08417690535364028,0.8115742472302621
27007,0.06155591353015942,0.7431237528914972,0.19532033357834339
27008,0.10762774059258884,0.17073289232611366,0.7216393670812974
27009,0.08488622389935849,0.21113374536914495,0.7039800307314964
27010,0.042591447654233054,0.13162345788238627,0.8257850944633806
27011,0.09442280003977813,0.35764612103258364,0.5479310789276381
27012,0.09693983651329795,0.08595007006111502,0.8171100934255872
27013,0.2781969894474915,0.12400240272828207,0.5978006078242265
27014,0.06565141365217173,0.44086991010971277,0.4934786762381155
27015,0.13336567337090655,0.2667055730708962,0.5999287535581972
27016,0.04510191253578612,0.14489765041187508,0.8100004370523388
27017,0.07753570864776049,0.131994704450779,0.7904695869014606
27018,0.05182522795574431,0.1689025242055162,0.7792722478387395
27019,0.12008997221158954,0.17439593842077306,0.7055140893676374
27020,0.038450549280893365,0.44920353159850634,0.5123459191206003
27021,0.06950641935023179,0.2692316723183423,0.661261908331426
27022,0.0706712578123069,0.29042501117524455,0.6389037310124486
27023,0.08232281055693974,0.4178723120757614,0.49980487736729884
27024,0.03956448594488184,0.20997014328500666,0.7504653707701116
27025,0.20208821788419112,0.08740420887623057,0.7105075732395784
27026,0.07757542361945426,0.15967159377250595,0.7627529826080398
27027,0.1312289636746399,0.10857621591941569,0.7601948204059444
27028,0.22521962848724955,0.08019271579520737,0.694587655717543
27029,0.044576251250724196,0.14428825559170594,0.8111354931575698
27030,0.16934853690620238,0.4738278861156628,0.3568235769781348
27031,0.4956933951723322,0.18722010202276357,0.31708650280490425
27032,0.26637085400670696,0.14558282410382803,0.5880463218894649
27033,0.08372045019044204,0.036457774036697164,0.8798217757728608
27034,0.1753488454874514,0.1716214025924516,0.653029751920097
27035,0.49979119260279814,0.16353189881533603,0.3366769085818658
27036,0.07942346214462677,0.04843658581291071,0.8721399520424626
27037,0.19071941124986494,0.15312177371851715,0.6561588150316179
27038,0.11245484998184792,0.11330201628091603,0.774243133737236
27039,0.1489825778791911,0.1506868995266748,0.7003305225941341
27040,0.1496469528501658,0.09986874910335511,0.750484298046479
27041,0.03357683639462493,0.03338983247303162,0.9330333311323434
27042,0.3241863072868057,0.6595496388306672,0.016264053882527135
27043,0.12113969541153727,0.12224820062560289,0.7566121039628599
27044,0.06624747888206221,0.17615019786403133,0.7576023232539064
27045,0.07418730102342105,0.12277999891928745,0.8030327000572914
27046,0.050343968675888126,0.09594005446507019,0.8537159768590417
27047,0.20872062208510025,0.4919132270214213,0.2993661508934785
27048,0.22056014304686683,0.7759191249319434,0.0035207320211897374
27049,0.07530864160636488,0.4085795340761096,0.5161118243175256
27050,0.03434971161240903,0.1518008340656946,0.8138494543218963
27051,0.07290678695887558,0.18156233154162119,0.7455308814995032
27052,0.02478477957631407,0.10144233783665198,0.873772882587034
27053,0.07123523202942991,0.280513107206009,0.6482516607645611
27054,0.06374442015706731,0.09728807529120116,0.8389675045517315
27055,0.1618767959415595,0.8272556052012161,0.010867598857224376
27056,0.3490742633292047,0.6426414345216911,0.008284302149104188
27057,0.03869000635413472,0.2298990582411232,0.7314109354047421
27058,0.10586058158774403,0.09224331326283922,0.8018961051494168
27059,0.10091073994610464,0.12506892143887058,0.7740203386150247
27060,0.06123991018297592,0.1415600910142898,0.7971999988027344
27061,0.449758384275052,0.1296108157978509,0.4206307999270972
27062,0.16763958035758417,0.09019725285525734,0.7421631667871585
27063,0.05824383219713756,0.10655427360709135,0.8352018941957711
27064,0.052718331465648936,0.020366817612680426,0.9269148509216706
27065,0.0711453995904755,0.4353334889630515,0.4935211114464729
27066,0.034983807956966075,0.06736506281886165,0.8976511292241722
27067,0.08503205438375068,0.160514066243386,0.7544538793728632
27068,0.3879699633676691,0.10527378132545469,0.5067562553068762
27069,0.10267505802734274,0.08817490801305845,0.8091500339595987
27070,0.07780064299266017,0.0401264523394156,0.8820729046679242
27071,0.056603046712028524,0.08174971613520059,0.8616472371527708
27072,0.07910205542625356,0.24283448061976404,0.6780634639539824
27073,0.10881953034551425,0.16953255164469735,0.7216479180097883
27074,0.1218130211952297,0.3460663359423971,0.5321206428623733
27075,0.2745223293519031,0.20644884637933933,0.5190288242687575
