index,0,1,2
26457,0.04580844294565302,0.16988629013131834,0.7843052669230285
26458,0.163490157504907,0.2853424275519547,0.5511674149431384
26459,0.10280573817102714,0.14254641441024662,0.7546478474187261
26460,0.07708261219330935,0.12113184191405009,0.8017855458926405
26461,0.060519551204150146,0.45006767463203945,0.48941277416381035
26462,0.040509652628004905,0.14617275770696503,0.81331758966503
26463,0.8773390582058332,0.1113466786148397,0.011314263179326971
26464,0.1346563326472837,0.11215150975454485,0.7531921575981714
26465,0.045478872294509434,0.05877941713178404,0.8957417105737064
26466,0.07000207302699808,0.10609752722194933,0.8239003997510524
26467,0.15191168903791127,0.10216882565465889,0.7459194853074299
26468,0.05322386484422869,0.09759955737477342,0.8491765777809978
26469,0.21078306720116322,0.2494275738755036,0.5397893589233331
26470,0.25174283649129503,0.1484523347882205,0.5998048287204845
26471,0.10321303323924116,0.12367874786772436,0.7731082188930344
26472,0.12224140088195465,0.27699913182962077,0.6007594672884246
26473,0.14219835895923905,0.05883079877916282,0.7989708422615982
26474,0.3954880506503073,0.5866725836846372,0.017839365665055493
26475,0.10348766071743709,0.15720372519423467,0.7393086140883283
26476,0.021427152288333137,0.07213502012059118,0.9064378275910756
26477,0.13053578722718773,0.15572635803782425,0.7137378547349881
26478,0.018739042129030836,0.06384969552581328,0.9174112623451559
26479,0.08426315070464399,0.08212899391112734,0.8336078553842287
26480,0.04003277858168105,0.08345395032390832,0.8765132710944107
26481,0.09320787451376278,0.19328486991889837,0.7135072555673388
26482,0.10629124354814977,0.09622127495678538,0.7974874814950648
26483,0.076282045627635,0.17003990423897808,0.753678050133387
26484,0.08894698795661708,0.19776285567864496,0.7132901563647379
26485,0.06408386807726545,0.09022707561629115,0.8456890563064434
26486,0.17813437851904504,0.2707375836518552,0.5511280378290998
26487,0.11863909080777321,0.19563159220176668,0.6857293169904601
26488,0.36854226629506665,0.6011816055151837,0.030276128189749698
26489,0.052503708800816624,0.2721680412307675,0.6753282499684159
26490,0.05533901716268209,0.3724226269213846,0.5722383559159333
26491,0.08762266169533907,0.12992367008429437,0.7824536682203664
26492,0.08263668291817482,0.2601780002585561,0.6571853168232691
26493,0.2719358249792622,0.7165624730637531,0.011501701956984627
26494,0.2512001140558062,0.21029492615718154,0.5385049597870123
26495,0.04070609117172418,0.043883623660039,0.9154102851682369
26496,0.048915825923375705,0.2647692618264911,0.6863149122501333
26497,0.03082499610271016,0.7265119060884112,0.24266309780887857
26498,0.21165195678311338,0.40266546120056224,0.3856825820163245
26499,0.10333802352884189,0.13291724466094543,0.7637447318102127
26500,0.04142990964645024,0.28222478563977593,0.6763453047137737
26501,0.1739744927376059,0.20697502058249242,0.6190504866799017
26502,0.03545438909155143,0.05375859593783731,0.9107870149706113
26503,0.11504701311414552,0.4717742386704567,0.41317874821539774
26504,0.10263848214036579,0.13789135189409543,0.7594701659655387
26505,0.035930420861119805,0.06022698574898615,0.903842593389894
26506,0.0970016472419252,0.8276737700155004,0.07532458274257431
26507,0.06986102372495047,0.919509049363589,0.01062992691146049
26508,0.14695235109340757,0.4374451279183249,0.41560252098826744
26509,0.028640844724033176,0.22813457659416023,0.7432245786818066
26510,0.06183001356609817,0.24069535272877374,0.6974746337051281
26511,0.09646851675781773,0.10074902303000004,0.8027824602121822
26512,0.07472082242889562,0.13248351066974978,0.7927956669013545
26513,0.15147317535919844,0.11653524752172986,0.7319915771190717
26514,0.10370784839403786,0.15283131341222547,0.7434608381937368
26515,0.4597396562952557,0.04370263024839511,0.49655771345634914
26516,0.08326157312337733,0.41689998338025586,0.49983844349636675
26517,0.16570467680773662,0.8091131569490773,0.02518216624318616
26518,0.05767032498998082,0.14045243013742387,0.8018772448725954
26519,0.24407401928476602,0.16865374297788127,0.5872722377373527
26520,0.04429548928841049,0.7939197588088645,0.16178475190272507
26521,0.06666101905669802,0.11339974735817802,0.819939233585124
26522,0.08807036249550544,0.2986062489009024,0.6133233886035921
26523,0.14966233119628208,0.20313054963120733,0.6472071191725106
26524,0.06412310836095694,0.3192020610297002,0.6166748306093428
26525,0.17533381336782294,0.17985752614805925,0.6448086604841178
26526,0.05267276342742203,0.2110633450418366,0.7362638915307413
26527,0.07103596307269966,0.1416597930722277,0.7873042438550726
26528,0.17819376184277233,0.8031739655228668,0.01863227263436089
26529,0.2590198744932951,0.0881913252506509,0.652788800256054
26530,0.03635254943548946,0.07170601310736974,0.8919414374571407
26531,0.027130996853406503,0.15838049437220864,0.814488508774385
26532,0.26970494904003905,0.09479428422820996,0.635500766731751
26533,0.03183717445015551,0.07395002810721446,0.89421279744263
26534,0.08358644981345613,0.061921300153814085,0.8544922500327298
26535,0.015598811320171586,0.19133528334467567,0.7930659053351529
26536,0.03474938462432248,0.18353043173255054,0.781720183643127
26537,0.043464985139955684,0.0361232054873933,0.920411809372651
26538,0.03680197514162444,0.36567217420137477,0.5975258506570008
26539,0.05685374119936221,0.2551577768810156,0.6879884819196223
26540,0.0598445042068674,0.6837314811071509,0.2564240146859817
26541,0.16802904121831166,0.19544217233601374,0.6365287864456746
26542,0.033767725311239505,0.12643161314500573,0.8398006615437548
26543,0.025459332716658813,0.12806754981241694,0.8464731174709242
26544,0.2633646487083542,0.19161158774232515,0.5450237635493207
26545,0.15229046980772623,0.3075668504454675,0.5401426797468062
26546,0.05442173577896089,0.4073181269746164,0.5382601372464226
26547,0.052139317253978114,0.04638844227407607,0.9014722404719457
26548,0.12980323195687812,0.10087448459857176,0.76932228344455
26549,0.17067833655990022,0.7644065237818917,0.06491513965820814
26550,0.06459149353391781,0.2633878246451385,0.6720206818209437
26551,0.08943869203168119,0.14484491089814544,0.7657163970701735
26552,0.034609545253719495,0.25074380446426076,0.7146466502820197
26553,0.01663598478180351,0.04623491230948991,0.9371291029087064
26554,0.08282197727953233,0.4026472087986447,0.514530813921823
26555,0.17764813460205003,0.03392704632730516,0.7884248190706449
26556,0.04750935953919036,0.2245278646830594,0.7279627757777503
26557,0.021802041146802894,0.09539333528238231,0.8828046235708147
26558,0.1027436651577123,0.09822998842649397,0.7990263464157937
26559,0.24427155541910842,0.18457192211889453,0.571156522461997
26560,0.07362438453536349,0.15749400442527026,0.7688816110393663
26561,0.05585862229852403,0.21559812203128703,0.728543255670189
26562,0.08326084877552267,0.03447538553015262,0.8822637656943249
26563,0.051496026363553556,0.1269055412884827,0.8215984323479637
26564,0.06538095594165504,0.137490898812844,0.797128145245501
26565,0.04534839727641785,0.6054558623357099,0.3491957403878723
26566,0.06617010712879069,0.13609478945596787,0.7977351034152413
26567,0.036160734804917154,0.13181423336272322,0.8320250318323595
26568,0.5061929942296776,0.4671945413031148,0.026612464467207653
26569,0.038201244200006125,0.10017416000531161,0.8616245957946822
26570,0.0949255363577487,0.37461247454664137,0.5304619890956098
26571,0.0451108733664816,0.1418820651906492,0.8130070614428692
26572,0.04058607577052315,0.1589020885652734,0.8005118356642034
26573,0.03862028327182115,0.11993604979487404,0.8414436669333047
26574,0.07208385204424292,0.08501818536326965,0.8428979625924875
26575,0.0860919240039118,0.2708692012250254,0.6430388747710629
26576,0.10465658902673634,0.0550806137522258,0.8402627972210379
26577,0.08981847847418714,0.08671709915426269,0.82346442237155
26578,0.07390461547146647,0.22536624942807545,0.700729135100458
26579,0.35828993316046187,0.6231897318550124,0.018520334984525745
26580,0.03184013454330083,0.07311629826970281,0.8950435671869964
26581,0.07126854546927577,0.13044829438427635,0.7982831601464478
26582,0.0554794746272065,0.03273463301290549,0.911785892359888
26583,0.16193949265359067,0.11033140269103249,0.7277291046553769
26584,0.04295697645095597,0.184231204662947,0.772811818886097
26585,0.12671050978528609,0.38248870684381114,0.4908007833709029
26586,0.3922619578955554,0.2296904670371756,0.378047575067269
26587,0.2785481005097573,0.48569046771200697,0.2357614317782357
26588,0.018068778075897785,0.15110305239430838,0.8308281695297939
26589,0.25992844979685076,0.09643104709082256,0.6436405031123267
26590,0.15685200885679845,0.501743436284066,0.3414045548591355
26591,0.21953226552023455,0.7593203540633802,0.021147380416385256
26592,0.15687115750325714,0.1049679192081462,0.7381609232885966
26593,0.055292064729084725,0.1732420075963505,0.7714659276745648
26594,0.30865662407624483,0.20149230492524725,0.4898510709985079
26595,0.035407728107130075,0.1421628475472688,0.8224294243456012
26596,0.0814869200120901,0.22203373218872421,0.6964793477991856
26597,0.12499297828334284,0.33002509067069924,0.5449819310459579
26598,0.16354132281500677,0.13154102267811096,0.7049176545068823
26599,0.16103359628329542,0.1656846803417954,0.6732817233749092
26600,0.08378858482767144,0.2211371641274118,0.6950742510449168
26601,0.15128217442513253,0.1893688764018669,0.6593489491730006
26602,0.0648547302886398,0.1782123135131308,0.7569329561982294
26603,0.3109397567957402,0.12689663343028829,0.5621636097739715
26604,0.08144903168165797,0.14647756227012282,0.7720734060482193
26605,0.19147584870344372,0.14880878944522108,0.6597153618513352
26606,0.09584162809933373,0.3150868587202885,0.5890715131803779
26607,0.09789587119071065,0.8820184062970275,0.020085722512261858
26608,0.06047322055310311,0.12574794244227944,0.8137788370046174
26609,0.13344873006984087,0.17483346381919393,0.6917178061109652
26610,0.36743569491464523,0.48654791134719827,0.14601639373815636
26611,0.06667321744302608,0.17618666168583172,0.7571401208711422
26612,0.091303001920082,0.282637969777868,0.6260590283020501
26613,0.09491920357035011,0.09903200091906225,0.8060487955105876
26614,0.16693860824231377,0.23658710845901817,0.5964742832986681
26615,0.10274253542658349,0.1624509142332121,0.7348065503402045
26616,0.03687388656084186,0.08301154538638854,0.8801145680527697
26617,0.0879814045615079,0.0631216675580378,0.8488969278804543
26618,0.12830302088518503,0.23997096832958184,0.6317260107852332
26619,0.0692342193186066,0.22576814322241012,0.7049976374589833
26620,0.34805379661465696,0.6055519620489656,0.04639424133637752
26621,0.020314904026708977,0.11217364335674854,0.8675114526165426
26622,0.1336486009363996,0.5800243532982295,0.2863270457653709
26623,0.02946576806263519,0.7161037508082043,0.25443048112916056
26624,0.045105192719225494,0.13354735470522183,0.8213474525755526
26625,0.1756996138493941,0.1107239811567212,0.7135764049938846
26626,0.17840633481651166,0.12583304687623764,0.6957606183072507
26627,0.01755743039452107,0.1274815394988288,0.85496103010665
26628,0.03824939619337557,0.24183722848844144,0.719913375318183
26629,0.1003674943193853,0.12063379600271643,0.7789987096778982
26630,0.09402974530853696,0.176991409220522,0.728978845470941
26631,0.02693317363192622,0.022640270342198728,0.9504265560258751
26632,0.30415069380217674,0.06672564095512419,0.629123665242699
26633,0.13429589898813163,0.08671787862104997,0.7789862223908184
26634,0.04444484543209456,0.11692710487799586,0.8386280496899097
26635,0.14530060213886622,0.31325359221481425,0.5414458056463195
26636,0.05878320455274984,0.15633577099750093,0.7848810244497493
26637,0.013914772922668947,0.04643507083869557,0.9396501562386356
26638,0.1287570087070711,0.446754289964853,0.42448870132807587
26639,0.1057852052213032,0.71709128093216,0.17712351384653668
26640,0.19517644550769356,0.11539334076834198,0.6894302137239644
26641,0.39911135020235683,0.27601089021813463,0.3248777595795085
26642,0.12249818498679295,0.19019182503536394,0.6873099899778432
26643,0.10801915619867411,0.19069215073630894,0.701288693065017
26644,0.028918496694624447,0.22486076445603323,0.7462207388493425
26645,0.05579370123841781,0.15811380512277834,0.7860924936388038
26646,0.5086191004216726,0.0857128997955139,0.4056679997828136
26647,0.06532841481329608,0.18365079314073313,0.7510207920459707
26648,0.08326847310306516,0.24786040473338455,0.6688711221635503
26649,0.1746336802048673,0.27118647242177085,0.5541798473733619
26650,0.32178811252649714,0.5042219939998941,0.17398989347360871
26651,0.3575133167120428,0.46786145638013565,0.1746252269078215
26652,0.33402632017252326,0.12751994875530542,0.5384537310721714
26653,0.045962893096934875,0.15158796000826838,0.8024491468947967
26654,0.14175895125644758,0.17789273527748806,0.6803483134660645
26655,0.0454103149866621,0.4189720545647863,0.5356176304485516
26656,0.0209598998137171,0.15508731056558922,0.8239527896206936
26657,0.033336205219121534,0.10623125184552357,0.8604325429353549
26658,0.11438249306381225,0.25636420013904077,0.629253306797147
26659,0.11422638999842273,0.2095620357182294,0.6762115742833479
26660,0.029080504218770818,0.18719282155385597,0.7837266742273733
26661,0.168273119411711,0.12207791812852303,0.7096489624597659
26662,0.03622924815088831,0.3185587445062618,0.6452120073428498
26663,0.05023632767440106,0.155614086261983,0.7941495860636159
26664,0.08426867460900411,0.13013017683480527,0.7856011485561907
26665,0.05834766514100554,0.21099699698147398,0.7306553378775205
26666,0.0349826011970961,0.5379103915417881,0.42710700726111567
26667,0.04439181005390437,0.12604043758799277,0.8295677523581028
26668,0.130693146669471,0.5709251939344775,0.29838165939605144
26669,0.14215778595168233,0.2441258640525637,0.6137163499957539
26670,0.175975664912091,0.21914475192790525,0.6048795831600038
26671,0.20692697536432766,0.1793874271658001,0.6136855974698723
26672,0.15583775229356656,0.1462866173911536,0.6978756303152799
26673,0.14666607281971836,0.09816167907907476,0.755172248101207
26674,0.07251446681581435,0.10057284139427491,0.8269126917899109
26675,0.07635714947034539,0.15627211961430865,0.7673707309153459
26676,0.07232893102173643,0.10347852957898512,0.8241925393992785
26677,0.05541899889094668,0.09302248828728799,0.8515585128217654
26678,0.09486230833498885,0.2136126918972604,0.6915249997677508
26679,0.19928387404394804,0.21844477797197095,0.5822713479840811
26680,0.07929310865520431,0.26997404921728474,0.6507328421275109
26681,0.006604190087590823,0.06112729735570926,0.9322685125566998
26682,0.13684718186531938,0.1664211534557633,0.6967316646789173
26683,0.12380877325282838,0.4165876910704279,0.45960353567674367
26684,0.06903189067611781,0.1896020337602155,0.7413660755636667
26685,0.19043135182682883,0.30950059812777647,0.5000680500453947
26686,0.03924150682783841,0.06622916631041945,0.8945293268617421
26687,0.10527331601884311,0.1864252551979498,0.7083014287832071
26688,0.34043086350661494,0.32207930755465747,0.33748982893872753
26689,0.0704299339718327,0.1842042140488765,0.7453658519792908
26690,0.0519167130287721,0.14537577094456844,0.8027075160266595
26691,0.049628730779419844,0.16361082557892812,0.7867604436416522
26692,0.02915482069030951,0.28119358065730726,0.6896515986523832
26693,0.31053013886934744,0.08534522426228118,0.6041246368683715
26694,0.45767999513605556,0.48410276234225114,0.058217242521693295
26695,0.025129099943479633,0.08886220440491653,0.8860086956516038
26696,0.18607932701993352,0.053336656085035294,0.7605840168950313
26697,0.015336674763797511,0.06965778560817275,0.9150055396280298
26698,0.10990147290869917,0.10468574375011332,0.7854127833411875
26699,0.09103477831557007,0.27833589833397,0.6306293233504598
26700,0.04808382186279793,0.2754943593848995,0.6764218187523025
26701,0.08417382400940973,0.15591601623909854,0.7599101597514917
26702,0.0914116338996754,0.5982220365035988,0.31036632959672583
26703,0.07131947649844667,0.16632470508929142,0.7623558184122619
26704,0.04845258848020012,0.06843296912872902,0.8831144423910707
26705,0.04574324943482664,0.07342077010418994,0.8808359804609834
26706,0.04161106573261896,0.10949318679772768,0.8488957474696534
26707,0.2500764495243527,0.13917288121924673,0.6107506692564006
26708,0.09825457764568048,0.16475584253446962,0.7369895798198499
26709,0.1896179291895728,0.08170102530817287,0.7286810455022543
26710,0.16390924139328827,0.1931404460468583,0.6429503125598534
26711,0.2042721556959073,0.13677275578623924,0.6589550885178534
26712,0.06622583011974006,0.18371386393753014,0.7500603059427298
26713,0.1813645980005503,0.3701279079344096,0.4485074940650401
26714,0.032855656680695226,0.1247222905088102,0.8424220528104946
26715,0.09809861976222628,0.30274923323921654,0.5991521469985572
26716,0.05903514214610581,0.5691269181539351,0.37183793969995904
26717,0.04828960599933968,0.10320109162921096,0.8485093023714494
26718,0.3615888720781506,0.2673364547368602,0.3710746731849892
26719,0.0688555453133744,0.24451324872364924,0.6866312059629763
26720,0.0841243940545865,0.3555452989668798,0.5603303069785337
26721,0.08512663614975272,0.408397949661265,0.5064754141889821
26722,0.12535722141720623,0.12996018941355142,0.7446825891692423
26723,0.06079149855758607,0.10415002221461873,0.8350584792277951
26724,0.1045966445248384,0.40765554376655727,0.4877478117086044
26725,0.06210587045781682,0.22747874668660634,0.7104153828555768
26726,0.09695419765934842,0.4302121406406231,0.47283366170002844
26727,0.031008461925787507,0.12892113039839645,0.840070407675816
26728,0.040814922642036885,0.1628716314429608,0.7963134459150022
26729,0.10813517806636921,0.37722989919675903,0.5146349227368717
26730,0.07104477193194138,0.40628738481324134,0.5226678432548173
26731,0.0839498474007988,0.11139004549345408,0.8046601071057471
26732,0.2594241777902618,0.7083489964143623,0.03222682579537585
26733,0.12085259250686685,0.11975069632064399,0.7593967111724892
26734,0.1100655972222221,0.2785559808712901,0.6113784219064878
26735,0.036029182152677926,0.1357524533163151,0.8282183645310071
26736,0.10511830222651256,0.1839005504077512,0.7109811473657364
26737,0.0711318815527456,0.21380364860650758,0.7150644698407469
26738,0.043067242287909334,0.10358161035022731,0.8533511473618632
26739,0.13478465439969842,0.07905712704014078,0.7861582185601609
26740,0.030839349179596284,0.17463733189770686,0.7945233189226969
26741,0.4557089378842911,0.513534803758873,0.030756258356835913
26742,0.0761899815196405,0.27542828991142443,0.6483817285689351
26743,0.2693523418661522,0.09925727979095503,0.6313903783428928
26744,0.1406979255095194,0.20541778309503536,0.6538842913954451
26745,0.07616152832147266,0.16032018778916998,0.7635182838893574
26746,0.3030111970568374,0.1661077262857284,0.5308810766574342
26747,0.12207410278471217,0.2861354941706556,0.5917904030446323
26748,0.1409824928229698,0.2974380936300694,0.5615794135469607
26749,0.03448894365474578,0.11499002042450732,0.8505210359207468
26750,0.09618554359687409,0.13881204105475903,0.765002415348367
26751,0.03478910357458706,0.18379176297991756,0.7814191334454953
26752,0.05684486434586439,0.4207433912374795,0.5224117444166562
26753,0.061704329217553776,0.11358383272925264,0.8247118380531936
26754,0.10662836677167603,0.10545491020234751,0.7879167230259766
26755,0.019906098205396048,0.01321896208598739,0.9668749397086166
26756,0.1965263621657977,0.1702582216020185,0.6332154162321838
26757,0.08350889480717909,0.11282297481816557,0.8036681303746552
26758,0.09696036264519013,0.31158661545458555,0.5914530219002242
26759,0.06026923847878995,0.1922164878337265,0.7475142736874836
26760,0.08825755290809714,0.15689228184242587,0.754850165249477
26761,0.030915043085375956,0.11174461228146035,0.8573403446331638
26762,0.08247097729357805,0.11704449519924195,0.80048452750718
26763,0.13575963422538478,0.17766620200128833,0.6865741637733268
26764,0.07381204666176751,0.19798111007763522,0.7282068432605973
26765,0.11693235417327941,0.09118335015590726,0.7918842956708134
26766,0.07844869591577976,0.24766570299858912,0.6738856010856312
26767,0.11077586033484367,0.19376707589619455,0.6954570637689618
26768,0.08218058052964103,0.9101061749272351,0.007713244543123902
26769,0.11877317579461934,0.20012167196797392,0.6811051522374068
26770,0.0850623375403282,0.26323148273580244,0.6517061797238695
26771,0.4658681375915561,0.490130277704484,0.04400158470395988
26772,0.3074352265426629,0.13064567024694718,0.5619191032103898
26773,0.052529997676812004,0.22681976254045733,0.7206502397827307
26774,0.024482031071848154,0.10177848467054035,0.8737394842576116
26775,0.07345430136601908,0.416267315346489,0.510278383287492
26776,0.09770628093447006,0.08176694739963469,0.8205267716658952
26777,0.014827618227155077,0.07183243256142617,0.9133399492114188
26778,0.10672971257513629,0.12712644237426843,0.7661438450505953
26779,0.09885834754955503,0.10468881560821457,0.7964528368422304
26780,0.020359939627031143,0.09329199021351094,0.8863480701594578
26781,0.08212403676159409,0.1311947953017174,0.7866811679366885
26782,0.047075195966578734,0.12983827604663262,0.8230865279867886
26783,0.11827502186676271,0.21381242092127023,0.6679125572119671
26784,0.05616266595365754,0.7647246952247603,0.1791126388215821
26785,0.011282436157396346,0.13870693924776517,0.8500106245948384
26786,0.4161912172281452,0.12582778552316778,0.45798099724868696
26787,0.0253940404648564,0.04172522117928,0.9328807383558635
26788,0.0677202734856887,0.26785554507643633,0.6644241814378751
26789,0.09144705211403155,0.13548549018632036,0.773067457699648
26790,0.024991465275521717,0.12092887640501344,0.8540796583194648
26791,0.022526188739933742,0.13534076753295649,0.8421330437271097
26792,0.35686089375045327,0.09013571991745804,0.5530033863320887
26793,0.13101579975447128,0.15073752706699084,0.7182466731785379
26794,0.0493279464895957,0.18822681571803104,0.7624452377923732
26795,0.15346703469078754,0.23268987354413023,0.6138430917650821
26796,0.2680212434040118,0.7122456040452034,0.019733152550784876
26797,0.04180866525483931,0.40391181447946634,0.5542795202656943
26798,0.1244723971936388,0.17758366946786994,0.6979439333384914
26799,0.17521201360370053,0.1547678542562698,0.6700201321400296
26800,0.024689149026491296,0.9591926767612106,0.016118174212298105
26801,0.09591383521202346,0.5297021349723602,0.37438402981561625
26802,0.040935936538076256,0.1276276537922925,0.8314364096696312
26803,0.13984528963959436,0.24289310196724764,0.617261608393158
26804,0.012048821984255303,0.1852443568813829,0.8027068211343618
26805,0.015890867845112563,0.06553221920709874,0.9185769129477886
26806,0.08635059060572568,0.08825401758699529,0.8253953918072789
26807,0.02741572559035083,0.09843405388842852,0.8741502205212207
26808,0.029484668985915282,0.18127279146297853,0.7892425395511062
26809,0.1220244139634747,0.33331242041715914,0.5446631656193661
26810,0.08953312100775343,0.5225694830088791,0.3878973959833676
26811,0.0773185781350378,0.0813566543330339,0.8413247675319283
26812,0.1053310276508862,0.06540296863797275,0.829266003711141
26813,0.02713485604007392,0.2733421188736406,0.6995230250862855
26814,0.10522178079394169,0.11873864195622655,0.7760395772498319
26815,0.07709604610031147,0.2414442855942518,0.6814596683054368
26816,0.06802995858484043,0.2178760805696771,0.7140939608454825
26817,0.11984109795529087,0.03402337046746948,0.8461355315772398
26818,0.1700659821765905,0.09694863490607127,0.7329853829173383
26819,0.31913301056422944,0.18273978711397545,0.4981272023217952
26820,0.22450064010935242,0.733263463456589,0.04223589643405875
26821,0.16119445936343235,0.8028869069119978,0.03591863372456986
26822,0.13951168295478877,0.25090368019430215,0.6095846368509091
26823,0.01754992703620164,0.0820334726047905,0.9004166003590078
26824,0.23744252474892907,0.07600246607586345,0.6865550091752075
26825,0.12734307459388589,0.11947441545783591,0.7531825099482782
26826,0.06314600739777292,0.06634460375334741,0.8705093888488796
26827,0.10733266158285022,0.25245115000027607,0.6402161884168738
26828,0.04030778120525325,0.21420358777596438,0.7454886310187824
26829,0.032774306269398173,0.1491478724778363,0.8180778212527654
26830,0.04484941223701092,0.2775925209309035,0.6775580668320855
26831,0.02279530296633192,0.08236998024090723,0.8948347167927608
26832,0.01470859699225171,0.0382103193426012,0.9470810836651472
26833,0.029264355377059303,0.0799081116497125,0.8908275329732283
26834,0.0402996966157784,0.19850889740863453,0.7611914059755871
26835,0.5698116096578377,0.11075773396705381,0.3194306563751085
26836,0.1315330327579748,0.3437730191242609,0.5246939481177644
26837,0.31111545319288997,0.08003619868756542,0.6088483481195446
26838,0.05089810428190959,0.39445653547410275,0.5546453602439877
26839,0.711832751121118,0.17070039249260402,0.117466856386278
26840,0.040480206141479104,0.2089239732645014,0.7505958205940195
26841,0.030933484079004578,0.07313542404459052,0.8959310918764049
26842,0.03933563820076612,0.22050868400392742,0.7401556777953064
26843,0.23363470559399346,0.08822505059303605,0.6781402438129706
26844,0.12041851123526377,0.4133414060138347,0.46624008275090173
26845,0.3879742085385504,0.022508753168465782,0.5895170382929839
26846,0.05346740737260366,0.1058524981687632,0.8406800944586331
26847,0.070099429852778,0.1620951144525641,0.7678054556946579
26848,0.08602427432847369,0.07789591510203911,0.8360798105694871
26849,0.15433405693181948,0.1343787319769429,0.7112872110912376
26850,0.08903880399689583,0.6097262306148918,0.30123496538821243
26851,0.07562721604560142,0.1098509040974498,0.8145218798569488
26852,0.1660549802779194,0.2719090929679138,0.5620359267541668
26853,0.10005081684902332,0.17537565236981997,0.7245735307811567
26854,0.052396213745551624,0.9387893553701578,0.008814430884290504
26855,0.04625618076915264,0.1631519193950195,0.7905918998358278
26856,0.07299252740590165,0.03518299961682673,0.8918244729772715
26857,0.1103706070686704,0.2860967902587018,0.6035326026726278
26858,0.0688034670191647,0.6715751204744191,0.2596214125064162
26859,0.07087642613946486,0.727963067933155,0.20116050592738005
26860,0.08893801066015336,0.6047717284130766,0.3062902609267702
26861,0.11150861138727468,0.19778469273816485,0.6907066958745606
26862,0.11174185656730813,0.1633107560901228,0.724947387342569
26863,0.0277801514783133,0.09415484372212823,0.8780650047995585
26864,0.039492937678704355,0.24764668099708412,0.7128603813242116
26865,0.07694171881059617,0.03771346386460138,0.8853448173248025
26866,0.10479324713825434,0.04592787729701145,0.8492788755647342
26867,0.06473423553176731,0.060713089166270155,0.8745526753019626
26868,0.02144710387853068,0.14554366380113193,0.8330092323203374
26869,0.01785716583204242,0.050735542959371806,0.9314072912085857
26870,0.0838849401909339,0.5436568639718042,0.37245819583726186
26871,0.10527331601884311,0.1864252551979498,0.7083014287832071
26872,0.05365126658043886,0.26069508306088096,0.6856536503586802
26873,0.03725864537762752,0.032113019088290166,0.9306283355340822
26874,0.22012207657024996,0.3022346938464795,0.4776432295832705
26875,0.09781502687973019,0.4329721874571094,0.4692127856631604
26876,0.1491587559598003,0.18621827528489077,0.6646229687553089
26877,0.0925700500764272,0.09346039606497464,0.8139695538585981
26878,0.04462084956644844,0.14564673200073394,0.8097324184328177
26879,0.05257686550243351,0.2068936271318939,0.7405295073656727
26880,0.3645633340104441,0.05663617222663847,0.5788004937629174
26881,0.02583734334224991,0.120695376038394,0.8534672806193561
26882,0.21153287929463258,0.0500063043175785,0.7384608163877889
26883,0.06102537743304392,0.0734330081643959,0.8655416144025602
26884,0.048478461856203706,0.541722254240993,0.4097992839028033
26885,0.04597668486639866,0.24792450259730636,0.706098812536295
26886,0.048383196515447084,0.1289002666253282,0.8227165368592247
26887,0.02983654273559527,0.07423533368374573,0.8959281235806591
26888,0.1710246733876008,0.13058848678059806,0.6983868398318013
26889,0.049238831747205246,0.07994227443129176,0.870818893821503
26890,0.026454702089283615,0.1556494688426628,0.8178958290680536
26891,0.01923179849721596,0.3459127482194512,0.6348554532833328
26892,0.14676674945881998,0.12158605297467635,0.7316471975665036
26893,0.1386548415593944,0.20684323253305706,0.6545019259075485
26894,0.048799953123326065,0.18344309300765585,0.7677569538690181
26895,0.1586919470181801,0.2786590608305771,0.5626489921512428
26896,0.10437002544376604,0.3825584329486267,0.5130715416076074
26897,0.09407404370471616,0.136973186617845,0.7689527696774389
26898,0.047790986256608964,0.18383566023518408,0.768373353508207
26899,0.027617562507860245,0.12369022924327625,0.8486922082488636
26900,0.12944718307656936,0.19389135029888654,0.6766614666245441
26901,0.03238916273711787,0.2528263655355889,0.7147844717272932
26902,0.09492378075260303,0.01811117631571489,0.886965042931682
26903,0.08250679493170653,0.27739233061172014,0.6401008744565733
26904,0.39113254964790667,0.5904673765186206,0.018400073833472707
26905,0.04071791998870179,0.14229073655981192,0.8169913434514864
26906,0.0363675065405218,0.15856109671298999,0.8050713967464883
26907,0.10752471813411475,0.043273777869203674,0.8492015039966816
26908,0.05241846369773777,0.04883813791180821,0.8987433983904541
26909,0.05724899465903265,0.3286527389777835,0.6140982663631839
26910,0.0837828913537813,0.3513177175296625,0.5648993911165562
26911,0.04262538130382516,0.25876453222349743,0.6986100864726773
26912,0.0381979582001432,0.06786498233320763,0.8939370594666493
26913,0.3758060796547056,0.10401294642078154,0.5201809739245129
26914,0.036270645211455683,0.19671102955011038,0.7670183252384339
26915,0.2723068335412384,0.23140459067552907,0.49628857578323265
26916,0.07959959890475275,0.9135716400864604,0.006828761008786915
26917,0.04638946426405306,0.09135718101122567,0.8622533547247212
26918,0.06135467355338938,0.18498560809219464,0.753659718354416
26919,0.6482423443126659,0.048099319485087645,0.30365833620224647
26920,0.18637253271438725,0.17411067185837611,0.6395167954272366
26921,0.08369403138868652,0.6564515308113021,0.2598544378000114
26922,0.05171610567505717,0.3560581356378408,0.5922257586871021
26923,0.06471464221753277,0.09626805634053517,0.839017301441932
26924,0.07356924235386117,0.1184668373860988,0.80796392026004
26925,0.019687243562978293,0.06778739041299647,0.9125253660240251
26926,0.07604524683116347,0.2483478989436149,0.6756068542252216
26927,0.019744885803731703,0.3267267667306083,0.65352834746566
26928,0.09252359050456696,0.8793699311341797,0.028106478361253347
26929,0.07542944203432154,0.2316581113869086,0.6929124465787699
26930,0.06861983519379009,0.3343242462551944,0.5970559185510155
26931,0.15916527120659352,0.810920054427712,0.02991467436569463
26932,0.1147246393489827,0.32368515191785374,0.5615902087331637
26933,0.09480626104772984,0.1222299733135773,0.7829637656386929
26934,0.040013980526420405,0.08712088700008251,0.8728651324734972
26935,0.08716986178549078,0.13384418950125215,0.778985948713257
26936,0.07299008428514028,0.05711166025122115,0.8698982554636385
26937,0.06333127073287965,0.20985731274080652,0.7268114165263138
26938,0.08543947559944552,0.8503838090981174,0.06417671530243707
26939,0.38231194577499195,0.5802473295903108,0.03744072463469718
26940,0.09931650304766283,0.208364845733935,0.6923186512184022
26941,0.062035501505741365,0.1831090166152322,0.7548554818790264
26942,0.10766632685485653,0.38556080409457155,0.5067728690505718
26943,0.09432724550293872,0.18428345838290988,0.7213892961141515
26944,0.06960127911416879,0.034120608422845186,0.896278112462986
26945,0.1008137073433909,0.2505311702421082,0.648655122414501
26946,0.022330006481193283,0.024347144140611524,0.9533228493781952
26947,0.06945795162830706,0.3082548604077686,0.6222871879639243
26948,0.09279842463732975,0.2167812831552262,0.690420292207444
26949,0.26189809833468736,0.09803208190092265,0.64006981976439
26950,0.08452464877846246,0.22030490062020472,0.6951704506013328
26951,0.3594049864742046,0.25254406008106,0.3880509534447354
26952,0.22531116298531076,0.23056124638560363,0.5441275906290857
26953,0.07566914597709283,0.043394475540210836,0.8809363784826963
26954,0.0113161692369134,0.07329463965562227,0.9153891911074644
26955,0.14748776545212053,0.4623540781417852,0.39015815640609414
26956,0.21849970915708877,0.23274537458477457,0.5487549162581365
26957,0.6130574035476652,0.0942064097945484,0.29273618665778633
26958,0.23041292896878046,0.09426420005832926,0.6753228709728902
26959,0.03614722522328113,0.30132675739334325,0.6625260173833757
26960,0.024841027175569335,0.032414578926265404,0.9427443938981652
26961,0.06136003350370232,0.040133920439352155,0.8985060460569456
26962,0.030846909144924644,0.7063345650493615,0.2628185258057138
26963,0.31053013886934744,0.08534522426228118,0.6041246368683715
26964,0.22998042285578416,0.2199413378200935,0.5500782393241224
26965,0.08865489138911828,0.45607650712531483,0.45526860148556675
26966,0.10437002544376604,0.3825584329486267,0.5130715416076074
26967,0.039122086416223695,0.05698803726732319,0.9038898763164531
26968,0.10339277778168546,0.10514764605097719,0.7914595761673374
26969,0.03805045308259504,0.08668419504487239,0.8752653518725326
26970,0.12325100941723505,0.30323092749526037,0.5735180630875046
26971,0.05163905866631541,0.21675417249785228,0.7316067688358322
26972,0.2093740486406642,0.3192962885662945,0.4713296627930413
26973,0.026477271315119767,0.15261195252197976,0.8209107761629004
26974,0.06095497263695514,0.06532507330879046,0.8737199540542544
26975,0.030806314612117188,0.02395122132620342,0.9452424640616794
26976,0.1696466227131126,0.7924266479284446,0.037926729358442775
26977,0.06355771317435166,0.39606337792972485,0.5403789088959235
26978,0.024934315418680245,0.23365058952003026,0.7414150950612894
26979,0.029334751093018432,0.28197714960023745,0.6886880993067442
26980,0.10681770100000276,0.09043910730285112,0.8027431916971461
26981,0.1470905659047975,0.22781358151967782,0.6250958525755247
26982,0.027555869782298174,0.0585588448844537,0.9138852853332482
26983,0.09705484562941377,0.14090471218548092,0.7620404421851052
26984,0.12007679657885337,0.2204203097770288,0.6595028936441178
26985,0.15034896462515912,0.40168217412442114,0.44796886125041974
26986,0.038879235615920056,0.08252230186156066,0.8785984625225192
26987,0.043650815069458566,0.5573843046328666,0.3989648802976749
26988,0.11649939107052487,0.5857181960043518,0.29778241292512336
26989,0.06878467986220478,0.18767719790465556,0.7435381222331398
26990,0.1537727793679492,0.13263705888606533,0.7135901617459856
26991,0.033359820996985055,0.11186339644371449,0.8547767825593006
26992,0.039605178272006554,0.6291565638464757,0.3312382578815179
26993,0.09003747694051069,0.10013823068124647,0.8098242923782428
26994,0.0630834920046065,0.2434178848952072,0.6934986231001864
26995,0.022029963070323306,0.33613540697603456,0.6418346299536423
26996,0.05384536545316594,0.08681311253471498,0.8593415220121191
26997,0.2189321102261001,0.40089176205472854,0.38017612771917125
26998,0.20750468648159398,0.1113475674272638,0.6811477460911421
26999,0.2569582960692376,0.08825910294670838,0.654782600984054
27000,0.0458741232807906,0.5953142211560128,0.35881165556319655
27001,0.11561454763875348,0.36114980175989403,0.5232356506013525
27002,0.0538105970676206,0.269378859218633,0.6768105437137465
27003,0.297514774163088,0.10759654476812247,0.5948886810687894
27004,0.05110537337380243,0.11976732311163168,0.829127303514566
27005,0.02134328572510532,0.5975690676595564,0.3810876466153382
27006,0.1644341515274462,0.07197889063871979,0.763586957833834
27007,0.050332079889923206,0.5035129783960872,0.44615494171398956
27008,0.07344380848584381,0.1364573217549532,0.790098869759203
27009,0.05258569081635265,0.17910753467517576,0.7683067745084715
27010,0.03797656028993114,0.1076334432396489,0.8543899964704199
27011,0.06277923286679231,0.45282257940515064,0.48439818772805704
27012,0.06541151311802622,0.0821645241450225,0.8524239627369513
27013,0.16964985043104752,0.1982867165495886,0.6320634330193639
27014,0.030155968575894223,0.770289794635295,0.19955423678881068
27015,0.10533623854747191,0.29619618916756435,0.5984675722849638
27016,0.0971375846722931,0.11331709717793643,0.7895453181497704
27017,0.06988701622264594,0.12864863857083114,0.801464345206523
27018,0.11105083628156279,0.15272177081503424,0.736227392903403
27019,0.08684156330681322,0.3340791017228764,0.5790793349703105
27020,0.05188314231463237,0.5090778877438605,0.4390389699415071
27021,0.01598840631770117,0.3294646684720532,0.6545469252102456
27022,0.08805985425443646,0.17185084726435368,0.7400892984812099
27023,0.058083063234165906,0.2160631983612523,0.7258537384045819
27024,0.08381551359730234,0.24220711730973027,0.6739773690929673
27025,0.21426472081824238,0.07125838358629105,0.7144768955954667
27026,0.0416998553883085,0.1009330174965707,0.8573671271151209
27027,0.0924352998270865,0.034336882166776106,0.8732278180061372
27028,0.23547467923049809,0.060768520327715465,0.7037568004417865
27029,0.022993775565385996,0.15288666403456408,0.82411956040005
27030,0.09268920084722954,0.573367420400865,0.3339433787519055
27031,0.475292279260616,0.20022220744526578,0.3244855132941181
27032,0.37140348156331315,0.2506033431439603,0.37799317529272664
27033,0.027867563048487014,0.08464112770860523,0.8874913092429078
27034,0.03928735828595734,0.15070897863197458,0.8100036630820681
27035,0.4559493358538187,0.09456903430322326,0.44948162984295803
27036,0.11855311180295122,0.04126149066654664,0.8401853975305021
27037,0.3040370070933655,0.219523183377745,0.4764398095288894
27038,0.07245281406866554,0.10702042400909233,0.8205267619222422
27039,0.24215228084067836,0.16079493372897377,0.5970527854303479
27040,0.1078547518557863,0.135519261364695,0.7566259867795188
27041,0.03522772473225237,0.09326899700625828,0.8715032782614893
27042,0.24228638633180555,0.7127420685306218,0.044971545137572684
27043,0.10293235232109663,0.184022558696809,0.7130450889820944
27044,0.055192838721863154,0.150202351258889,0.7946048100192478
27045,0.02855649703774777,0.17420414076654067,0.7972393621957116
27046,0.10089253290832205,0.2651960684649514,0.6339113986267265
27047,0.05524562906480519,0.7634163992685294,0.1813379716666653
27048,0.19397369963939146,0.7705302259668535,0.03549607439375504
27049,0.046575253403222404,0.4015277040870612,0.5518970425097164
27050,0.031012112902988782,0.2386661486175146,0.7303217384794966
27051,0.06911080757837686,0.22824371180321545,0.7026454806184077
27052,0.08461492554794879,0.11301480057964734,0.8023702738724038
27053,0.13868972927066325,0.11525027385075902,0.7460599968785778
27054,0.11026611541303512,0.1594277396686908,0.7303061449182741
27055,0.3625426841848855,0.5803396485857196,0.057117667229394944
27056,0.3994600256663691,0.5757594523007892,0.024780522032841777
27057,0.03302627826447444,0.5635955506390562,0.40337817109646945
27058,0.10679495699912937,0.13900332842796814,0.7542017145729024
27059,0.045277221495505525,0.07668968278936142,0.878033095715133
27060,0.02587445667969835,0.16538579272197915,0.8087397505983226
27061,0.4123263908237807,0.13775829215999796,0.44991531701622123
27062,0.1512511231906058,0.09499648874684598,0.7537523880625483
27063,0.1314584318473335,0.12171665841081782,0.7468249097418487
27064,0.057259154405781214,0.07128186973121739,0.8714589758630014
27065,0.1072748973325919,0.3159631136704645,0.5767619889969436
27066,0.015388299183357894,0.05667963472838996,0.9279320660882522
27067,0.10786561727968447,0.10169796062106638,0.7904364220992491
27068,0.46234015355158103,0.06453031316578792,0.4731295332826311
27069,0.02098821834826341,0.23123953719005855,0.747772244461678
27070,0.03487252685523045,0.03958809433993562,0.9255393788048338
27071,0.034825533221382515,0.09045113825641068,0.8747233285222068
27072,0.07204768208480843,0.2866172932151073,0.6413350247000843
27073,0.0914503870290964,0.21270852199579948,0.6958410909751042
27074,0.09517590764150843,0.4636600544784067,0.441164037880085
27075,0.2394628189427531,0.07533989252527715,0.6851972885319697
