index,0,1,2
26457,0.11743756854077257,0.1879595210101059,0.6946029104491216
26458,0.07398920259403055,0.2787163441481888,0.6472944532577807
26459,0.09734530603250617,0.1893939377130106,0.7132607562544834
26460,0.09226699048241316,0.0882688710953107,0.8194641384222762
26461,0.06970218002613775,0.33252593312550116,0.5977718868483611
26462,0.06438924115784618,0.16809961707047202,0.7675111417716818
26463,0.7771016775301383,0.19842025485719147,0.02447806761267041
26464,0.19197243076090198,0.22667996967259071,0.5813475995665074
26465,0.041538918915678166,0.07553076276428826,0.8829303183200337
26466,0.055196693494704414,0.14989135655321473,0.7949119499520809
26467,0.2733864715870439,0.15008244039538748,0.5765310880175686
26468,0.048235078181563106,0.12847947795866757,0.8232854438597693
26469,0.03148779642888358,0.12474904341815557,0.8437631601529607
26470,0.2394039318716839,0.17390578555454902,0.5866902825737671
26471,0.07524109515858851,0.0945191834843942,0.8302397213570174
26472,0.2300222630428268,0.3054774374535708,0.4645002995036024
26473,0.13863122946284298,0.08064294604962233,0.7807258244875347
26474,0.43790523614694027,0.5379643264709463,0.024130437382113495
26475,0.15301849107979473,0.15612861664536026,0.6908528922748449
26476,0.05206385702707608,0.15469874497558905,0.793237397997335
26477,0.17757276994899648,0.1766665985876092,0.6457606314633942
26478,0.018156493024069943,0.08442284204364431,0.8974206649322858
26479,0.09606467446276648,0.11392111606205214,0.7900142094751814
26480,0.1361603532934986,0.09947896746393461,0.7643606792425668
26481,0.10930807519259181,0.21393485672234197,0.6767570680850663
26482,0.1225157567738411,0.10447244121822931,0.7730118020079295
26483,0.06845571582514347,0.22179876287651148,0.709745521298345
26484,0.17845825916106753,0.2632864020795077,0.5582553387594248
26485,0.0725311289985828,0.09047899988355275,0.8369898711178644
26486,0.12939425221294495,0.2582013318028596,0.6124044159841955
26487,0.08541332343259322,0.08616195130434522,0.8284247252630617
26488,0.3979428517477324,0.5375900218895692,0.06446712636269837
26489,0.06011917700970008,0.3894679935514721,0.5504128294388279
26490,0.10115324683439043,0.45075692776671133,0.44808982539889824
26491,0.12120860176423826,0.14652721686833695,0.7322641813674249
26492,0.08356326471038547,0.24553721137460965,0.6708995239150048
26493,0.20946290253274727,0.776774105618862,0.013762991848390894
26494,0.16951599944212667,0.15022361696698927,0.680260383590884
26495,0.06791601955166676,0.06516840686544859,0.8669155735828847
26496,0.09771262755874448,0.22432140217364746,0.6779659702676081
26497,0.03664599686676531,0.4262836228111045,0.5370703803221301
26498,0.18957503849622598,0.4247226961929881,0.3857022653107858
26499,0.12985793589460984,0.16457612240541322,0.705565941699977
26500,0.0346092787793901,0.26712689518670996,0.6982638260339
26501,0.20507856797786056,0.21011665714073233,0.584804774881407
26502,0.060824755731138797,0.042523272950968555,0.8966519713178926
26503,0.09216630803039809,0.48270197802312487,0.42513171394647714
26504,0.07503250251305554,0.22952137140740542,0.695446126079539
26505,0.03772959320840084,0.04427353503755767,0.9179968717540415
26506,0.1618571187276947,0.7743397896224418,0.06380309164986357
26507,0.11505664776387875,0.8550251717863779,0.029918180449743204
26508,0.10350832835289447,0.24283865727648943,0.6536530143706161
26509,0.09260279266917203,0.2519249116999979,0.6554722956308301
26510,0.08186519749173474,0.3155090147117504,0.6026257877965149
26511,0.22928630085079965,0.11955477066353831,0.651158928485662
26512,0.18564312345657447,0.17741531707471797,0.6369415594687077
26513,0.15425016687112092,0.21363734048768196,0.6321124926411972
26514,0.17519212288690758,0.1850452113528423,0.6397626657602501
26515,0.5113296058040996,0.06942232369918169,0.41924807049671864
26516,0.059714146733639645,0.42472599354103147,0.5155598597253288
26517,0.1279672330066236,0.8172111991451535,0.054821567848223
26518,0.0772673872814582,0.15465373867044238,0.7680788740480995
26519,0.2392666524463507,0.1470520996025263,0.6136812479511231
26520,0.047227338682964214,0.6273551048416579,0.32541755647537796
26521,0.10029858648200263,0.1078429573849161,0.7918584561330814
26522,0.12495972746295635,0.24401541393330847,0.6310248586037353
26523,0.1485260300608427,0.17371962319069495,0.6777543467484624
26524,0.11499763141978694,0.20959350848969616,0.6754088600905169
26525,0.15639702002702466,0.1727165049192705,0.6708864750537048
26526,0.030565108537549054,0.19350469577438156,0.7759301956880695
26527,0.10623657924188928,0.1597230842092777,0.734040336548833
26528,0.146400651096449,0.8204342102388616,0.03316513866468937
26529,0.2545026732712204,0.06622847262081127,0.6792688541079683
26530,0.09021470813620049,0.1103826094798658,0.7994026823839336
26531,0.05667824847624261,0.2357198142845532,0.7076019372392042
26532,0.15160144267542375,0.11705763478457844,0.7313409225399978
26533,0.025556878119523698,0.08863724309299495,0.8858058787874813
26534,0.0660071273972964,0.16864747344430017,0.7653453991584034
26535,0.023800296186441687,0.11074190407833684,0.8654577997352215
26536,0.04997010545362628,0.1428736485728842,0.8071562459734895
26537,0.12361990319051595,0.0998002100706311,0.7765798867388529
26538,0.06915343231661791,0.36026924947682215,0.57057731820656
26539,0.0854213740488223,0.2057144683393361,0.7088641576118416
26540,0.05206523597159141,0.4805248308613868,0.4674099331670217
26541,0.1317052737209972,0.22262728696430104,0.6456674393147018
26542,0.06914331030113542,0.13223386761025985,0.7986228220886048
26543,0.06602746579338789,0.2334387329068598,0.7005338012997523
26544,0.245303746169214,0.13272297613890055,0.6219732776918855
26545,0.17946730368887998,0.16691485531752398,0.6536178409935961
26546,0.11938411192666451,0.2714732094183062,0.6091426786550292
26547,0.06718607257714992,0.07712833925724091,0.8556855881656091
26548,0.09483268504524686,0.12849182949963758,0.7766754854551154
26549,0.28470405033923935,0.6429953330081695,0.07230061665259103
26550,0.0647142620808622,0.3108905208775647,0.6243952170415732
26551,0.057349336281591015,0.13981923821299888,0.80283142550541
26552,0.06742787061459016,0.20318854725010838,0.7293835821353015
26553,0.039716356064024586,0.18114683893542874,0.7791368050005467
26554,0.11603481465567704,0.36442781638802774,0.5195373689562952
26555,0.24786588943579554,0.10168660724110254,0.6504475033231019
26556,0.04068036497994203,0.2292190692891879,0.7301005657308701
26557,0.049032950293349795,0.18881981932581904,0.7621472303808311
26558,0.17029048959488802,0.1083096262078598,0.7213998841972522
26559,0.16093796475285818,0.3011675388595678,0.5378944963875739
26560,0.14825133792479644,0.11451089078871131,0.7372377712864921
26561,0.0549394643453892,0.26792698545234295,0.677133550202268
26562,0.09435956907891412,0.07331865218061907,0.8323217787404668
26563,0.08203387806597574,0.15509312740747253,0.7628729945265518
26564,0.06987816212692081,0.10332988329553015,0.8267919545775491
26565,0.0749725744790313,0.3236041153582122,0.6014233101627565
26566,0.10986642378202165,0.1299386269275833,0.760194949290395
26567,0.05856433660725868,0.19566039728102497,0.7457752661117164
26568,0.4934123117160542,0.46299047974977203,0.04359720853417359
26569,0.05392738771123756,0.1156399611451455,0.8304326511436171
26570,0.1179466673201814,0.3043775480386666,0.577675784641152
26571,0.040519523232207956,0.08315524722696872,0.8763252295408234
26572,0.08580215386563445,0.17121953924743813,0.7429783068869273
26573,0.06004639925030029,0.16481231453473938,0.7751412862149604
26574,0.10735573178314663,0.06384403780960908,0.8288002304072443
26575,0.10411076559178953,0.1763355469757751,0.7195536874324354
26576,0.12344932696261554,0.1107848362380993,0.7657658367992851
26577,0.13117372147435255,0.11621286854118844,0.752613409984459
26578,0.12420329734230015,0.2750988037109374,0.6006978989467624
26579,0.43200966884417047,0.5373444780892438,0.03064585306658567
26580,0.04109102789243843,0.1282050109869276,0.8307039611206339
26581,0.05338991841503362,0.15543386502094286,0.7911762165640234
26582,0.06015253329133761,0.04306013660272602,0.8967873301059364
26583,0.2813387554777344,0.08401690760920902,0.6346443369130566
26584,0.13514145702327535,0.2044347857934737,0.6604237571832509
26585,0.1393197726054014,0.37505241456928895,0.4856278128253095
26586,0.43918331416657913,0.20633929347950347,0.35447739235391734
26587,0.2668021495550535,0.35349306776429923,0.37970478268064733
26588,0.07028208390866568,0.3504617756473526,0.5792561404439817
26589,0.14747320554593044,0.138068817453859,0.7144579770002105
26590,0.1917320787329252,0.4245901677786741,0.3836777534884006
26591,0.2123492014388569,0.7631349057875673,0.024515892773575725
26592,0.22031737221257122,0.10573710769142121,0.6739455200960076
26593,0.10780420123201799,0.17283417182809038,0.7193616269398917
26594,0.22275418457285645,0.3177258490526589,0.45951996637448467
26595,0.04659046106909562,0.18269362414395965,0.7707159147869448
26596,0.09479799538631953,0.21808970384009946,0.687112300773581
26597,0.1261414865906835,0.4235755733625889,0.45028294004672764
26598,0.13707838215340093,0.1551751340578806,0.7077464837887184
26599,0.09774434489459485,0.19669611406871892,0.7055595410366862
26600,0.10889148438090707,0.2596494471107154,0.6314590685083775
26601,0.1298614167738885,0.23969679561793,0.6304417876081815
26602,0.1577914092922321,0.12663929642128832,0.7155692942864795
26603,0.20463119809321542,0.19912675484964548,0.5962420470571391
26604,0.143689535055205,0.24803368834674375,0.6082767765980512
26605,0.16365763665395752,0.11481775552719384,0.7215246078188486
26606,0.06636896471323185,0.21852237013390943,0.7151086651528586
26607,0.11993004364695048,0.8502030640810772,0.029866892271972287
26608,0.11894415075924175,0.2181845052703639,0.6628713439703944
26609,0.17784681761630547,0.18099309222291649,0.6411600901607781
26610,0.3753837316106721,0.5264080564538589,0.09820821193546898
26611,0.060183381850477245,0.2697106357901105,0.6701059823594123
26612,0.07421663997705634,0.2388593105015123,0.6869240495214314
26613,0.09453887354145378,0.1728901691293506,0.7325709573291956
26614,0.16586972270563183,0.17070027715855457,0.6634300001358135
26615,0.1541609488714666,0.21136161116072463,0.6344774399678087
26616,0.04829979590285319,0.11171419085782815,0.8399860132393187
26617,0.07710098403943454,0.05391781349680843,0.8689812024637571
26618,0.15385461090141575,0.17364165012622124,0.672503738972363
26619,0.1093396762049041,0.27923683303232305,0.6114234907627729
26620,0.3590887467061639,0.574368758413984,0.06654249487985221
26621,0.02577893390443078,0.13065095457703796,0.8435701115185313
26622,0.20294861885327115,0.4609606175803369,0.33609076356639195
26623,0.10571565427564225,0.6573568605802256,0.2369274851441322
26624,0.04527544292400155,0.10953132335139854,0.8451932337246
26625,0.21414297557607775,0.1597541693376032,0.6261028550863191
26626,0.22428231480175767,0.1635249647246759,0.6121927204735665
26627,0.031086947723788325,0.153439976912418,0.8154730753637938
26628,0.0663695779094121,0.2007564763801976,0.7328739457103903
26629,0.08294137036269199,0.0759034848458637,0.8411551447914443
26630,0.08679613368192962,0.24675126316184448,0.6664526031562259
26631,0.04374208260194536,0.08262486564143098,0.8736330517566235
26632,0.2123818938844326,0.08671244646385476,0.7009056596517127
26633,0.1525735572619739,0.09670150202718099,0.7507249407108451
26634,0.061628548830833185,0.10007659513206049,0.8382948560371063
26635,0.08434159615421773,0.3641096664112865,0.5515487374344958
26636,0.04908006729190324,0.20649705398408447,0.7444228787240124
26637,0.015169696924972456,0.06738436984000931,0.9174459332350183
26638,0.1299387384542611,0.3349171397888981,0.5351441217568409
26639,0.18133572145203905,0.5742895986319395,0.2443746799160215
26640,0.12866390682681383,0.0848566505718074,0.7864794426013788
26641,0.07720629748251523,0.429920730522001,0.49287297199548363
26642,0.14784296400677657,0.15894747836722212,0.6932095576260013
26643,0.07400803504659383,0.218052416419292,0.7079395485341141
26644,0.0634975492479662,0.21478454150774648,0.7217179092442874
26645,0.1403924957187002,0.12492321278614185,0.7346842914951579
26646,0.5035089287746394,0.1011889615526272,0.39530210967273344
26647,0.07830034559623215,0.219991820484701,0.7017078339190668
26648,0.06704580316000515,0.10008846413472214,0.8328657327052726
26649,0.11603140348239424,0.18539724901030108,0.6985713475073047
26650,0.2830553340020118,0.5715482157957315,0.14539645020225664
26651,0.27615222875563034,0.48025902468976117,0.2435887465546085
26652,0.3839289814050533,0.09384391330761233,0.5222271052873344
26653,0.05144123839831963,0.10480031057915463,0.8437584510225257
26654,0.08322385443680584,0.24045466092820245,0.6763214846349916
26655,0.06955190654926165,0.35134530271627823,0.5791027907344601
26656,0.07259379934483494,0.1556431294690375,0.7717630711861275
26657,0.05359312191187155,0.16566793168375807,0.7807389464043705
26658,0.0935622063923919,0.24756937898005427,0.658868414627554
26659,0.1641081365129325,0.11836749749723244,0.717524365989835
26660,0.041559708991769015,0.25639660264992836,0.7020436883583028
26661,0.11809485070543049,0.1521883674958251,0.7297167817987444
26662,0.024194975003648637,0.2199599710215198,0.7558450539748316
26663,0.08653262172672986,0.2348326366380685,0.6786347416352017
26664,0.06962802262089776,0.09953059404857414,0.8308413833305281
26665,0.061740203863647036,0.13974219531235427,0.7985176008239987
26666,0.021289893890006246,0.5937010819118306,0.38500902419816324
26667,0.040311080162117485,0.13566344224224283,0.8240254775956396
26668,0.1039601138906248,0.4025218882479315,0.49351799786144374
26669,0.1471798466956077,0.2003856023853299,0.6524345509190624
26670,0.11560638985729264,0.262987938259988,0.6214056718827193
26671,0.16858018747724862,0.1727451058066311,0.6586747067161203
26672,0.1276469032476959,0.14900916672848227,0.7233439300238217
26673,0.16518930935068413,0.1101555398266684,0.7246551508226474
26674,0.07607484038411448,0.16051452281140832,0.7634106368044772
26675,0.028961816559189054,0.11240608810089676,0.8586320953399141
26676,0.1558527692247713,0.12855103453674144,0.7155961962384874
26677,0.09653006746678139,0.10336599607385942,0.8001039364593592
26678,0.10075416505985024,0.1747267506328773,0.7245190843072725
26679,0.11363316728942092,0.1797500830004556,0.7066167497101234
26680,0.06313852940180398,0.30257576847896467,0.6342857021192314
26681,0.07105589850250779,0.12636473032160409,0.8025793711758881
26682,0.17310014016677439,0.1568018803240071,0.6700979795092185
26683,0.0722648944325776,0.3095882468537982,0.6181468587136243
26684,0.048060110385119995,0.17929634373840408,0.7726435458764758
26685,0.11588114133164855,0.29417539071613,0.5899434679522214
26686,0.05309239675199374,0.13703461475170936,0.8098729884962969
26687,0.11230057777099889,0.14614367764978364,0.7415557445792175
26688,0.16987724094187615,0.38319720771206256,0.44692555134606127
26689,0.03463186437449568,0.11056562835915057,0.8548025072663538
26690,0.05295616999147032,0.14713049284491664,0.799913337163613
26691,0.110807227949702,0.2201501156242693,0.6690426564260287
26692,0.033709567953645596,0.22785979998135839,0.7384306320649959
26693,0.3917813370449625,0.08296795844138445,0.5252507045136531
26694,0.6197236742555078,0.3151160170830959,0.06516030866139637
26695,0.04156384256286906,0.0957965103697328,0.8626396470673983
26696,0.15629831467748728,0.06513996022228799,0.7785617251002247
26697,0.024992879975559705,0.10547808233704185,0.8695290376873984
26698,0.0837902693926452,0.10931576908112736,0.8068939615262274
26699,0.056681805630865584,0.3504070914428697,0.5929111029262647
26700,0.06765552624137139,0.36193585608314854,0.57040861767548
26701,0.08694445398085099,0.22663956811735228,0.6864159779017968
26702,0.12970705428937634,0.40103907585310333,0.46925386985752027
26703,0.08135541313265962,0.184106584861618,0.7345380020057224
26704,0.06808479064990004,0.09528857098097336,0.8366266383691265
26705,0.05179239373429786,0.06412272109011961,0.8840848851755826
26706,0.04475005065758198,0.16452549237431832,0.7907244569680997
26707,0.15840469455662606,0.11951744577052081,0.7220778596728531
26708,0.11721549611036731,0.2317351465807438,0.6510493573088889
26709,0.07882233630214956,0.0800538012566894,0.841123862441161
26710,0.21538180445819016,0.12413764575521424,0.6604805497865956
26711,0.13508441032993623,0.13131629316918442,0.7335992965008793
26712,0.09796857090950606,0.14923801857683078,0.7527934105136631
26713,0.19792189555255976,0.4406622483198335,0.3614158561276068
26714,0.06674195791629647,0.11371561255515075,0.8195424295285528
26715,0.06370117546380873,0.16231329726141885,0.7739855272747725
26716,0.09327698431464508,0.3756587528120656,0.5310642628732893
26717,0.04392654618057669,0.15460846396085784,0.8014649898585654
26718,0.4129678074633994,0.14394440208894274,0.4430877904476578
26719,0.09856154221348401,0.1915687300341617,0.7098697277523544
26720,0.07740301898835651,0.2827251458061308,0.6398718352055127
26721,0.09893884402289067,0.4768887617655233,0.4241723942115859
26722,0.07423726087422898,0.12518612867794035,0.8005766104478306
26723,0.08927509963336361,0.11198631633473094,0.7987385840319056
26724,0.11777016390124677,0.19707749029348473,0.6851523458052684
26725,0.06538779741899707,0.3117694629156729,0.6228427396653299
26726,0.08566998606579639,0.4020009178042988,0.5123290961299047
26727,0.07698284499951391,0.18473183080612962,0.7382853241943566
26728,0.10590205997651576,0.17780376439006423,0.71629417563342
26729,0.1047060127706698,0.3815690748456487,0.5137249123836815
26730,0.0981533726561998,0.5167858793393301,0.3850607480044701
26731,0.05071980344585583,0.0873354657856222,0.8619447307685221
26732,0.10361558134099255,0.8067128231555257,0.08967159550348182
26733,0.11746909544803005,0.047451965183523494,0.8350789393684465
26734,0.11983459134764872,0.15324906540012515,0.7269163432522262
26735,0.0854561588044166,0.14017000102826324,0.7743738401673201
26736,0.07665067108571727,0.19647984392860135,0.7268694849856814
26737,0.07642369736087061,0.1924979035828251,0.7310783990563043
26738,0.044619723770398134,0.17340389728139596,0.7819763789482059
26739,0.165908344751207,0.08625704934639629,0.7478346059023967
26740,0.025905757581061065,0.1629202915068693,0.8111739509120698
26741,0.2538515093495169,0.6972968949144863,0.048851595735996844
26742,0.10442151428554357,0.32668165008848876,0.5688968356259677
26743,0.2824034337389291,0.20003143634802573,0.5175651299130452
26744,0.14035732867908884,0.217847215240497,0.6417954560804141
26745,0.07417036080345843,0.17728494031700448,0.748544698879537
26746,0.29439245336740205,0.16372062187476502,0.541886924757833
26747,0.0975241857574349,0.3611840583270464,0.5412917559155186
26748,0.15857977967394118,0.25175599679083704,0.5896642235352217
26749,0.03992619395402532,0.19374663398619224,0.7663271720597825
26750,0.10306445180878245,0.09432193642894629,0.8026136117622713
26751,0.04192933754384526,0.25070738582175717,0.7073632766343976
26752,0.11865964460798352,0.33597552359503297,0.5453648317969835
26753,0.07016998884750549,0.1312855976273306,0.7985444135251639
26754,0.07963340717051007,0.06374118167903826,0.8566254111504517
26755,0.033175369126490245,0.036313559049241315,0.9305110718242685
26756,0.20905276573686957,0.07234746522432287,0.7185997690388076
26757,0.07634320017487271,0.15774850094239665,0.7659082988827307
26758,0.07050721246144198,0.1998005579619281,0.7296922295766299
26759,0.08567051950620601,0.18375037886671236,0.7305791016270816
26760,0.0985632903384855,0.23046984446557986,0.6709668651959346
26761,0.0337263095593862,0.14857229102693942,0.8177013994136745
26762,0.08632609175358984,0.07871411064371844,0.8349597976026916
26763,0.14381240822012556,0.2777376546018337,0.5784499371780407
26764,0.13106825242906556,0.186188252211008,0.6827434953599264
26765,0.0896103750476243,0.202719761740648,0.7076698632117276
26766,0.10728121888533287,0.3314670448908014,0.5612517362238657
26767,0.19805923204490825,0.1345453773788719,0.6673953905762199
26768,0.0800029277518034,0.9077422410930868,0.012254831155109891
26769,0.1413719612400126,0.2574205204738117,0.6012075182861757
26770,0.0914653210313721,0.24986860377597242,0.6586660751926555
26771,0.3014593661671577,0.6299044798078923,0.06863615402494999
26772,0.27400952293519026,0.13339624337637823,0.5925942336884316
26773,0.08868665663383757,0.28933706233826517,0.6219762810278973
26774,0.015960264663073407,0.05486777011331113,0.9291719652236153
26775,0.07392540624177567,0.31662434048840987,0.6094502532698144
26776,0.09443747474663167,0.1160900289179741,0.7894724963353942
26777,0.04767756961898327,0.07919302384208891,0.8731294065389279
26778,0.11415985464530522,0.12150654886189607,0.7643335964927986
26779,0.12653292104910385,0.13345036170617483,0.7400167172447213
26780,0.04535654996963839,0.12563856005564883,0.8290048899747127
26781,0.12352033935957507,0.15656332187988542,0.7199163387605396
26782,0.03234019315440286,0.17402383597571164,0.7936359708698856
26783,0.10597349511642529,0.187494111487276,0.7065323933962987
26784,0.14531369985830395,0.5492780479060625,0.3054082522356336
26785,0.06048512580855256,0.22612029370083866,0.7133945804906087
26786,0.4481208914300499,0.08558526827958103,0.4662938402903689
26787,0.02879267344392952,0.12025189391938276,0.8509554326366877
26788,0.06369275162280184,0.2550944359835616,0.6812128123936366
26789,0.08965571121975108,0.24798634528622335,0.6623579434940255
26790,0.036761499924810925,0.15926371428645664,0.8039747857887325
26791,0.036412822295224884,0.13557241314054275,0.8280147645642323
26792,0.18906227925390207,0.12091951945885282,0.6900182012872451
26793,0.08227109144214168,0.10798689009507548,0.8097420184627828
26794,0.04812168265385984,0.1553821743325761,0.796496143013564
26795,0.1234215422803637,0.2712075784254388,0.6053708792941976
26796,0.25279738282351205,0.6638062713597681,0.0833963458167198
26797,0.06425491398187975,0.3154156488644231,0.6203294371536971
26798,0.2078844775585577,0.11556909965915786,0.6765464227822845
26799,0.12378088019336982,0.22541981525680788,0.6507993045498224
26800,0.05036257162590792,0.9257245152776307,0.023912913096461406
26801,0.10863355007548821,0.3845615957269615,0.5068048541975503
26802,0.052123615308488025,0.1798593943695705,0.7680169903219415
26803,0.1099749755628978,0.19846505933147268,0.6915599651056296
26804,0.024402159706329887,0.26787764563236083,0.7077201946613092
26805,0.03011395537063576,0.17953330274392854,0.7903527418854358
26806,0.074151722641196,0.11918260717922585,0.8066656701795782
26807,0.0333431919966558,0.09869630163469219,0.8679605063686521
26808,0.01999871251415484,0.12394234508473503,0.8560589424011101
26809,0.08846986758113044,0.1755549374112027,0.735975195007667
26810,0.053428434910654105,0.45446860367082015,0.4921029614185257
26811,0.05641614722617623,0.11956884249969203,0.8240150102741318
26812,0.0769818822097484,0.09571378996681384,0.8273043278234378
26813,0.027794439578525995,0.4103423446738184,0.5618632157476556
26814,0.15820794757743908,0.11330994590329035,0.7284821065192706
26815,0.11542044695474107,0.21612110782997396,0.668458445215285
26816,0.08702677687469383,0.14135978397143323,0.7716134391538729
26817,0.09933397148519543,0.058035912623837255,0.8426301158909674
26818,0.1476240220653324,0.10030853758346663,0.752067440351201
26819,0.16339868814285435,0.21852013756458055,0.6180811742925651
26820,0.22223944515934327,0.7019588803133391,0.0758016745273177
26821,0.12266095674193818,0.8360217316846899,0.04131731157337189
26822,0.10232703338207245,0.2849856386101521,0.6126873280077755
26823,0.06901279038458535,0.06798491423535448,0.8630022953800602
26824,0.15422373043292478,0.11968548368207296,0.7260907858850023
26825,0.18299346824681922,0.16764501738675938,0.6493615143664214
26826,0.03653483283087462,0.08455726303095541,0.87890790413817
26827,0.07775972309161168,0.17468234017070247,0.7475579367376858
26828,0.065679684667371,0.2478619431390386,0.6864583721935903
26829,0.03468628601671638,0.2521372706589685,0.7131764433243151
26830,0.04576531135865561,0.19426232279081043,0.7599723658505338
26831,0.06192593226223029,0.11351854332136121,0.8245555244164086
26832,0.062335607872773924,0.1292172358907229,0.8084471562365031
26833,0.025092030078920944,0.09760247984469018,0.8773054900763889
26834,0.036816363046278486,0.3243388547650055,0.638844782188716
26835,0.5790060898854285,0.09729878463229426,0.32369512548227736
26836,0.17650279203272767,0.4407808130589635,0.38271639490830883
26837,0.12027550729995481,0.09373169990010034,0.7859927927999447
26838,0.06831722845492581,0.33961518990464173,0.5920675816404324
26839,0.6281919373714273,0.09146131524501933,0.2803467473835533
26840,0.036458458639173616,0.2548222347445725,0.7087193066162538
26841,0.022521776037968216,0.06495258234657438,0.9125256416154575
26842,0.062385376102855265,0.15618523478499843,0.7814293891121462
26843,0.16867416831293927,0.06517205099635434,0.7661537806907063
26844,0.11520538554388882,0.32174464274205206,0.5630499717140591
26845,0.37090707147980123,0.04751888981229589,0.5815740387079028
26846,0.14481162423611837,0.09477341446484787,0.7604149612990339
26847,0.07321595259903087,0.19136418323053606,0.735419864170433
26848,0.10125206518836355,0.15308663588980032,0.7456612989218362
26849,0.1767153242123238,0.21123435543497424,0.6120503203527019
26850,0.04771669983503946,0.2970964673083219,0.6551868328566387
26851,0.10266203486388804,0.17575572517343416,0.7215822399626779
26852,0.3870365270661704,0.23454236930345468,0.37842110363037484
26853,0.11653611163664016,0.18873488727923063,0.6947290010841292
26854,0.0597499470952286,0.9183308647312164,0.0219191881735551
26855,0.09519234510924743,0.19305109794505543,0.7117565569456972
26856,0.11015902856925468,0.054672920777283085,0.8351680506534623
26857,0.10800160562159153,0.28844517488482446,0.603553219493584
26858,0.11738211549996411,0.46316528173957555,0.41945260276046037
26859,0.11163643111563455,0.6368613710321146,0.2515021978522508
26860,0.08933169630524403,0.3877128443511384,0.5229554593436176
26861,0.09563178764547038,0.21602672276660778,0.688341489587922
26862,0.0558802627186712,0.22447896906195583,0.719640768219373
26863,0.04559735354623467,0.1426975646397998,0.8117050818139655
26864,0.06362590889950545,0.27231640705970805,0.6640576840407866
26865,0.07659520315427748,0.19836839135892742,0.725036405486795
26866,0.10506542551053508,0.0524922339459728,0.8424423405434922
26867,0.06527130877417524,0.08507639819493949,0.8496522930308852
26868,0.07110460889556534,0.2812824154336226,0.6476129756708121
26869,0.08622002357771973,0.10129105345910559,0.8124889229631748
26870,0.060980232880012836,0.5548200236908792,0.38419974342910806
26871,0.11230057777099889,0.14614367764978364,0.7415557445792175
26872,0.06418484501486242,0.18130235478101278,0.7545128002041248
26873,0.03808449256685847,0.08863079367639562,0.8732847137567458
26874,0.16764976145424457,0.2713528758388967,0.5609973627068587
26875,0.06298831124960592,0.3788045142066852,0.5582071745437088
26876,0.10524480811912212,0.14024852115892467,0.7545066707219531
26877,0.061920729410620316,0.12306005532851744,0.8150192152608623
26878,0.06475884692562978,0.08352870907170254,0.8517124440026677
26879,0.038842094502057396,0.12452210940803536,0.8366357960899073
26880,0.2968133743466078,0.1498755871090591,0.5533110385443332
26881,0.056547562403770825,0.11606761290876588,0.8273848246874632
26882,0.26278859229390156,0.13150200399930165,0.6057094037067967
26883,0.10522991079764585,0.04438272049464849,0.8503873687077057
26884,0.06363905511164171,0.41910334591341075,0.5172575989749474
26885,0.07158724475656765,0.2639358903217454,0.6644768649216869
26886,0.08707253362531156,0.21827862573578022,0.6946488406389082
26887,0.031798188198660066,0.1278650998761607,0.8403367119251792
26888,0.14185390503556142,0.15143161482410947,0.7067144801403291
26889,0.07799234889046254,0.12372809128532675,0.7982795598242106
26890,0.03167506853084841,0.2856046389300037,0.6827202925391479
26891,0.026971520629230035,0.2965569591955138,0.6764715201752562
26892,0.1830464407599982,0.251795340825574,0.5651582184144278
26893,0.05861729008247765,0.12848121955513583,0.8129014903623866
26894,0.08609565900200969,0.20380781140087065,0.7100965295971197
26895,0.23606581293334006,0.28602522462688484,0.47790896243977493
26896,0.1005082062203934,0.1930306747807272,0.7064611189988793
26897,0.1087917439281427,0.17105230528567197,0.7201559507861853
26898,0.037323165059098926,0.18083351974249276,0.7818433151984083
26899,0.029253797814968088,0.13553198935489305,0.835214212830139
26900,0.12193827540237243,0.18363697368127038,0.6944247509163572
26901,0.10809708947655582,0.2761631482190244,0.6157397623044198
26902,0.12783420856315555,0.056162049368737636,0.8160037420681068
26903,0.09467168561188151,0.1413751534385937,0.7639531609495248
26904,0.2897937707581948,0.6764190549550755,0.03378717428672966
26905,0.08247374341552718,0.1862158228396027,0.73131043374487
26906,0.06985615806152308,0.27968905938174254,0.6504547825567344
26907,0.13112047058311707,0.04932810199665767,0.8195514274202252
26908,0.06259413738222785,0.09800537917427796,0.8394004834434943
26909,0.05573190471228925,0.28959226416363865,0.6546758311240722
26910,0.11075124228694273,0.23839545636503146,0.6508533013480259
26911,0.04810203863698599,0.18803025900078443,0.7638677023622297
26912,0.06664632974492543,0.08011923226927824,0.8532344379857963
26913,0.23100450178421794,0.13081219255239643,0.6381833056633855
26914,0.05690648716133483,0.27586666859168235,0.6672268442469829
26915,0.1567414911154055,0.28432867417988983,0.5589298347047047
26916,0.05145505378359267,0.935867158638519,0.01267778757788832
26917,0.06684334788415253,0.06282203251755673,0.8703346195982906
26918,0.05610105933501796,0.16720389592457252,0.7766950447404094
26919,0.48066578263089704,0.13854285992100165,0.3807913574481013
26920,0.21159499429476217,0.1677023715382449,0.6207026341669929
26921,0.08748499303279342,0.5532248838750026,0.35929012309220393
26922,0.05465133239822323,0.5060121901880129,0.4393364774137639
26923,0.0758794722242752,0.08875523853469111,0.8353652892410336
26924,0.09924704770343569,0.18223760383104762,0.7185153484655167
26925,0.03293399064390174,0.07708435652987757,0.8899816528262207
26926,0.13708183989204983,0.31999356587048317,0.542924594237467
26927,0.05110027495368534,0.20219325610773392,0.7467064689385807
26928,0.10833220724696536,0.8330107587814171,0.05865703397161759
26929,0.048796542151676434,0.2313585061170956,0.7198449517312281
26930,0.06860634907046738,0.24164173674801112,0.6897519141815215
26931,0.12680819625962708,0.8048823626743996,0.0683094410659733
26932,0.10470008602657095,0.2554837338190614,0.6398161801543677
26933,0.2387278136486168,0.22455246605868995,0.5367197202926933
26934,0.0489120354429113,0.14058697847939206,0.8105009860776966
26935,0.1217212168212759,0.17738662731020574,0.7008921558685183
26936,0.06444555134835576,0.06613973527685602,0.8694147133747882
26937,0.04773933773953501,0.2558145176446102,0.6964461446158549
26938,0.19706288727490176,0.6806705262209027,0.12226658650419557
26939,0.30259678449523036,0.6213741060701119,0.07602910943465767
26940,0.17103757510185252,0.2935120910748706,0.5354503338232769
26941,0.09448596064314196,0.22924660753060674,0.6762674318262514
26942,0.09636844724007082,0.31800270497701943,0.5856288477829098
26943,0.06669524928595046,0.18526748760100795,0.7480372631130416
26944,0.19139090732866024,0.083794048690171,0.7248150439811687
26945,0.10815734344971684,0.2584002812232379,0.6334423753270452
26946,0.14355981319903824,0.066463970489383,0.7899762163115789
26947,0.07992580332144932,0.4096593657933368,0.5104148308852139
26948,0.16198867195416278,0.26414065950574594,0.5738706685400913
26949,0.15872047225818223,0.07988398687219758,0.7613955408696201
26950,0.1629603580744842,0.1603622754673334,0.6766773664581823
26951,0.12411686103018021,0.15337013300978472,0.7225130059600351
26952,0.16663128224856638,0.11879941341924742,0.7145693043321861
26953,0.12283477628722035,0.053130462321042335,0.8240347613917373
26954,0.033164887086386895,0.11986935897518204,0.8469657539384311
26955,0.06915693343746815,0.4562724325241786,0.47457063403835315
26956,0.2205172057961958,0.2544793057603053,0.5250034884434989
26957,0.5346999076661989,0.07541629950211642,0.3898837928316846
26958,0.1672593136515918,0.11539878772013616,0.717341898628272
26959,0.09700456539694347,0.22468765572835808,0.6783077788746984
26960,0.017987971864279646,0.10402867230187608,0.8779833558338442
26961,0.08430994193145216,0.054221441677476376,0.8614686163910715
26962,0.07033563707398152,0.5368115358846404,0.392852827041378
26963,0.3917813370449625,0.08296795844138445,0.5252507045136531
26964,0.1739077775267133,0.22906514907693865,0.5970270733963481
26965,0.04340636911976031,0.3641734172779459,0.5924202136022938
26966,0.1005082062203934,0.1930306747807272,0.7064611189988793
26967,0.037748968142741354,0.0366692695791559,0.9255817622781027
26968,0.05847647645915866,0.13947038097638684,0.8020531425644545
26969,0.03544927535908651,0.1005569375049912,0.8639937871359222
26970,0.11424406568052618,0.28031456797526916,0.6054413663442046
26971,0.053658451311335766,0.25603704035227515,0.6903045083363891
26972,0.25178935569228783,0.26047932383830924,0.487731320469403
26973,0.035313309635599276,0.1121268417931776,0.8525598485712231
26974,0.14010756524262652,0.06829286790597827,0.7915995668513953
26975,0.050049791722578216,0.03733067044402826,0.9126195378333936
26976,0.30192445626005254,0.6366479989814048,0.06142754475854266
26977,0.05076947649094503,0.26081092796157684,0.6884195955474781
26978,0.03532018194589928,0.1376692401412647,0.8270105779128359
26979,0.0634576533906773,0.28330734958605025,0.6532349970232725
26980,0.06973553187012603,0.10226826178852583,0.8279962063413481
26981,0.0940657132914093,0.16569788711310018,0.7402363995954905
26982,0.05684355855504221,0.1401687554355487,0.8029876860094091
26983,0.08648391886356935,0.14674133904033704,0.7667747420960936
26984,0.10566090856459212,0.16344611824391234,0.7308929731914955
26985,0.12108919479356794,0.4794944919761554,0.39941631323027665
26986,0.056113195108283546,0.07182148757095869,0.8720653173207578
26987,0.0745156397142199,0.418060352882916,0.5074240074028642
26988,0.16826231632865457,0.4584970057636983,0.3732406779076472
26989,0.06481566380906971,0.1562646408959186,0.7789196952950116
26990,0.17029136493390018,0.1422322617407066,0.6874763733253932
26991,0.03065036349559009,0.09753481105285804,0.8718148254515519
26992,0.05612687420475045,0.4912622238191202,0.45261090197612946
26993,0.06491717661183613,0.2106332632483227,0.7244495601398412
26994,0.09339007957979736,0.10184057770736084,0.8047693427128417
26995,0.03382500784462299,0.2996594804870415,0.6665155116683356
26996,0.03537229384784931,0.13163783897941356,0.8329898671727372
26997,0.15196288092389618,0.37909080498988396,0.4689463140862199
26998,0.1656580910352092,0.11340683312082143,0.7209350758439693
26999,0.2586039290681665,0.10760818521124783,0.6337878857205856
27000,0.04058187873334435,0.2859178291034442,0.6735002921632114
27001,0.06564471515051624,0.3724500404175453,0.5619052444319385
27002,0.049908000260915596,0.2709650902687023,0.6791269094703821
27003,0.221434091896457,0.13043473478565112,0.6481311733178919
27004,0.03472466544027148,0.09336210477945839,0.8719132297802701
27005,0.045447668093669485,0.46404258655933184,0.4905097453469987
27006,0.09102777771069402,0.056834033666385765,0.8521381886229202
27007,0.08648984243594102,0.501026174901739,0.41248398266232
27008,0.05409562098501582,0.08639597096281183,0.8595084080521723
27009,0.08302575342082233,0.1509008114547547,0.7660734351244229
27010,0.05257936184466906,0.20238520535132937,0.7450354328040015
27011,0.06015356051700576,0.4696627769184102,0.47018366256458405
27012,0.06573111083685072,0.177914742181399,0.7563541469817503
27013,0.11357748470425567,0.17494399145502834,0.711478523840716
27014,0.0725623195356272,0.4841730369016499,0.4432646435627228
27015,0.12496732426907833,0.34391539266005905,0.5311172830708626
27016,0.11695563317559757,0.09052896585028124,0.7925154009741213
27017,0.0750143038122408,0.19286925699635582,0.7321164391914033
27018,0.06343476940221893,0.22005849882252712,0.7165067317752539
27019,0.10186433098799315,0.31935590663779656,0.5787797623742104
27020,0.03058202537935702,0.4540025143153797,0.5154154603052632
27021,0.03000670270086889,0.4511692324348943,0.5188240648642367
27022,0.09727432064787828,0.1934115568890018,0.7093141224631199
27023,0.1000240192345257,0.1401965177340463,0.759779463031428
27024,0.11069548430178683,0.148957853362508,0.7403466623357052
27025,0.13126944908951738,0.09354598209218638,0.7751845688182963
27026,0.06726027008577926,0.17309804514419894,0.7596416847700218
27027,0.084548845756412,0.08769697424730688,0.8277541799962811
27028,0.16548882761395364,0.07750184929599631,0.7570093230900501
27029,0.05569792485320656,0.22500658565498322,0.7192954894918101
27030,0.13247760619576962,0.5859720356158457,0.2815503581883847
27031,0.1506826917266696,0.252201847178584,0.5971154610947464
27032,0.2576131250549984,0.35594570634289685,0.3864411686021048
27033,0.05125503702503284,0.12472087431267997,0.8240240886622872
27034,0.0773669026611604,0.11769932064230615,0.8049337766965334
27035,0.4020100330551497,0.08911152344225093,0.5088784435025994
27036,0.09153420071257895,0.04167076381339634,0.8667950354740248
27037,0.2372828430060661,0.20057583759276004,0.5621413194011738
27038,0.10291322125652419,0.0856808929440924,0.8114058857993834
27039,0.15000284831994223,0.23109789429111385,0.6188992573889439
27040,0.11655992379930294,0.08378250729016178,0.7996575689105353
27041,0.06638223537921616,0.12061081773369522,0.8130069468870886
27042,0.22892524863826672,0.7060704073848072,0.06500434397692607
27043,0.09576265723673433,0.17651195041494566,0.72772539234832
27044,0.08246200323515726,0.17881907693930046,0.7387189198255423
27045,0.07391828963362997,0.2249113856617642,0.7011703247046059
27046,0.11059727383091891,0.16400070982326645,0.7254020163458146
27047,0.11803874505197175,0.3732183488202317,0.5087429061277965
27048,0.28732607398740684,0.608051719958183,0.10462220605441014
27049,0.052448661586420656,0.33875695108633014,0.6087943873272492
27050,0.0782247427718236,0.2186255512772895,0.7031497059508869
27051,0.06212729288997736,0.2667258675465657,0.6711468395634569
27052,0.064434486007384,0.0980688713879665,0.8374966426046494
27053,0.09519693696920102,0.267444890293143,0.637358172737656
27054,0.16652891355340238,0.17225214309488449,0.6612189433517132
27055,0.31258513491738205,0.5906477001921099,0.0967671648905082
27056,0.4078895812574792,0.5551667593840521,0.03694365935846866
27057,0.057581919096078724,0.39245985505168607,0.5499582258522352
27058,0.16419597878739306,0.1564019429769008,0.6794020782357062
27059,0.09875752797945486,0.23855403306267883,0.6626884389578662
27060,0.049649575757661796,0.10684504454848175,0.8435053796938564
27061,0.4334897405066817,0.1397147667094334,0.42679549278388507
27062,0.08521378210292244,0.08347803227706728,0.8313081856200103
27063,0.08906769464034849,0.21393059293476419,0.6970017124248872
27064,0.06611282159417384,0.08805684675477027,0.8458303316510559
27065,0.05912804201259077,0.3510562622773659,0.5898156957100433
27066,0.03629079110037423,0.06747200890901683,0.896237199990609
27067,0.10886849302349404,0.1812235273429901,0.7099079796335158
27068,0.4931454653778675,0.08495687072070361,0.4218976639014287
27069,0.03327247132849531,0.14249273537369375,0.8242347932978109
27070,0.06143007561950658,0.10864700149446087,0.8299229228860326
27071,0.10944944949692006,0.09500200279366136,0.7955485477094186
27072,0.07794184959213257,0.4371333676674969,0.48492478274037065
27073,0.16117703876772788,0.25625107453072093,0.5825718867015512
27074,0.23020644312148694,0.341742304817356,0.4280512520611571
27075,0.28850321980185295,0.1391196730403504,0.5723771071577967
27076,0.1251958021392512,0.11994655706235269,0.754857640798396
