index,0,1,2
26457,0.07239538204543741,0.20657686948187512,0.7210277484726875
26458,0.20953271301604667,0.16498567589502294,0.6254816110889304
26459,0.0574708162445523,0.0726115667510001,0.8699176170044477
26460,0.12463878519143398,0.13859045424395353,0.7367707605646124
26461,0.08285424430081524,0.2983598514179915,0.6187859042811932
26462,0.06299690038904428,0.164576516765644,0.7724265828453117
26463,0.37292860112896703,0.619116054028853,0.007955344842180136
26464,0.16407623194880808,0.14682770321112973,0.6890960648400623
26465,0.019795857743038856,0.09063277116532263,0.8895713710916383
26466,0.03881985014517492,0.39481298316944335,0.5663671666853817
26467,0.14528649716392722,0.1906615816942325,0.6640519211418403
26468,0.06463316054701539,0.11562833599540222,0.8197385034575824
26469,0.37678505545627344,0.13189606739036652,0.4913188771533601
26470,0.132127512180745,0.12216251569441278,0.7457099721248425
26471,0.06410549842641533,0.046380066752089076,0.8895144348214956
26472,0.11404675624876476,0.164553818162466,0.7213994255887693
26473,0.09013822069430667,0.05039433763818117,0.859467441667512
26474,0.2427466395056985,0.7552428777434208,0.0020104827508808216
26475,0.2622305532805708,0.256114080731162,0.4816553659882672
26476,0.05418464671342252,0.12202329611497736,0.8237920571716001
26477,0.11254315224173285,0.19407287048730187,0.6933839772709653
26478,0.028456497607888466,0.08395908871883163,0.8875844136732799
26479,0.1123992907172286,0.18706139927230545,0.7005393100104661
26480,0.05969769301945887,0.1302554849173863,0.8100468220631548
26481,0.059612961666228405,0.19102590649600498,0.7493611318377666
26482,0.11167227977718076,0.07750449631228602,0.8108232239105334
26483,0.05193711157632074,0.09690219936193313,0.8511606890617461
26484,0.1501998946856786,0.14929855634862696,0.7005015489656945
26485,0.05828984486665916,0.05408436538261989,0.8876257897507209
26486,0.08474962113994554,0.19582692790401343,0.719423450956041
26487,0.08443632463014733,0.08491611077846412,0.8306475645913886
26488,0.2377574866873351,0.7358340450448831,0.02640846826778174
26489,0.0441408112616314,0.2415258000027382,0.7143333887356305
26490,0.1002768154248524,0.2751553592964768,0.6245678252786709
26491,0.08968323984542319,0.11734722701363384,0.792969533140943
26492,0.05355625097517325,0.12312567785500202,0.8233180711698247
26493,0.3706609451814101,0.6268145696428303,0.0025244851757597053
26494,0.20518939467055242,0.2883018857687929,0.5065087195606547
26495,0.04272944757843077,0.04646480490788985,0.9108057475136793
26496,0.07408166006467735,0.3038058711231587,0.6221124688121639
26497,0.05378475523884318,0.68452814858474,0.2616870961764169
26498,0.17790776693049562,0.4178661381538943,0.40422609491561
26499,0.095722080667889,0.1591405361048842,0.7451373832272268
26500,0.09935827330966641,0.376056003773923,0.5245857229164107
26501,0.16170268716939543,0.2197273703705052,0.6185699424600993
26502,0.025358733213208317,0.07622432375757483,0.8984169430292167
26503,0.1547049849783513,0.42361547283513484,0.42167954218651393
26504,0.07899199138862699,0.1756235387999306,0.7453844698114426
26505,0.045399973436090084,0.05167208233179816,0.9029279442321116
26506,0.059012813630436735,0.9218113660411185,0.01917582032844474
26507,0.11764470180656543,0.8754919483756382,0.006863349817796491
26508,0.11049602731545433,0.47604298358670666,0.4134609890978389
26509,0.13302876876571215,0.2538396677282789,0.613131563506009
26510,0.0773286383875859,0.21022586847906458,0.7124454931333495
26511,0.05092006221118159,0.08157335109036724,0.8675065866984512
26512,0.07531446447984434,0.15872873758973363,0.765956797930422
26513,0.06974655654427697,0.1992742913375438,0.7309791521181793
26514,0.07144149055533731,0.09327380716491342,0.8352847022797492
26515,0.35475345179992246,0.06012769899110322,0.5851188492089743
26516,0.06654055380581565,0.22447312786770937,0.708986318326475
26517,0.2692247545511608,0.724773194048116,0.0060020514007232
26518,0.08104119962088675,0.10037257963227927,0.818586220746834
26519,0.42122646241167844,0.09029581109049364,0.48847772649782795
26520,0.039338467668678094,0.8397305268836032,0.1209310054477189
26521,0.07091699379562909,0.22457817187540732,0.7045048343289635
26522,0.11586343273357375,0.16241108872185325,0.7217254785445731
26523,0.0987652984223739,0.27464640206482077,0.6265882995128054
26524,0.022967325676794638,0.14553266461765693,0.8315000097055484
26525,0.3014256886304514,0.1877677864446704,0.5108065249248782
26526,0.05436088634065932,0.10762838308516197,0.8380107305741787
26527,0.07175524867053547,0.11167701869120492,0.8165677326382599
26528,0.14308290326727183,0.842403190436551,0.014513906296177053
26529,0.3944865735659738,0.07097653324608127,0.534536893187945
26530,0.03492047037093398,0.07046292405601387,0.8946166055730522
26531,0.055450055568722095,0.13768996390743082,0.806859980523847
26532,0.23691658701074844,0.13923583872062964,0.6238475742686218
26533,0.04914311345486853,0.05343335942856348,0.8974235271165681
26534,0.0502993636198888,0.13764293883849302,0.812057697541618
26535,0.05607140378639237,0.18069626304908235,0.7632323331645252
26536,0.07580596315153897,0.25551256377522436,0.6686814730732366
26537,0.08936816421415905,0.03366300204299005,0.876968833742851
26538,0.03443302692877533,0.43201509349996814,0.5335518795712565
26539,0.058468636264866085,0.17369753574289123,0.7678338279922425
26540,0.08323604790377997,0.7434738875831635,0.17329006451305656
26541,0.08753386436500057,0.10566097660484151,0.8068051590301578
26542,0.03546910522793831,0.21514022400969984,0.7493906707623619
26543,0.057912447070747324,0.0896859193479869,0.8524016335812657
26544,0.10252755428074721,0.23049408716570763,0.6669783585535453
26545,0.0904846650443713,0.18900125798227352,0.7205140769733552
26546,0.10640330465732878,0.21175082978246199,0.6818458655602092
26547,0.06801277597932454,0.09459324767695144,0.8373939763437241
26548,0.066339914714217,0.0677532234133683,0.8659068618724148
26549,0.18507652016947543,0.8116178089098635,0.0033056709206613073
26550,0.08290115178262682,0.19415076500459572,0.7229480832127776
26551,0.04258318333807989,0.193225523789763,0.7641912928721571
26552,0.017484624735969623,0.20166838552708077,0.7808469897369495
26553,0.04157350392612834,0.10818022779821215,0.8502462682756596
26554,0.1355175629052092,0.34386214294018613,0.5206202941546046
26555,0.07800466780353997,0.09357251959959205,0.8284228125968678
26556,0.0589574711629328,0.14192693397678008,0.799115594860287
26557,0.05458570778508534,0.1262157641636323,0.8191985280512823
26558,0.39295184544310274,0.11625617268967217,0.4907919818672251
26559,0.2602121469355863,0.13766937477901298,0.6021184782854007
26560,0.08336349083338458,0.19686793934163027,0.7197685698249852
26561,0.03234182059001454,0.18047368925326931,0.7871844901567162
26562,0.09829219105634869,0.08202903735853716,0.8196787715851142
26563,0.04414727379639779,0.2243734703784555,0.7314792558251466
26564,0.05316790945155923,0.20438623781424453,0.7424458527341962
26565,0.11232667273057055,0.32890702004575156,0.5587663072236778
26566,0.17434522743768469,0.13872167928245566,0.6869330932798596
26567,0.020427174013295493,0.11367360059116048,0.865899225395544
26568,0.4219698879055885,0.5655624343138345,0.01246767778057719
26569,0.04940622646913744,0.11498754126034973,0.8356062322705128
26570,0.1473094313635899,0.3528158994799622,0.4998746691564479
26571,0.035979741437517886,0.06805641979643813,0.895963838766044
26572,0.07914052641024656,0.19296197321743322,0.7278975003723201
26573,0.04921359298227321,0.21337727263300377,0.737409134384723
26574,0.19029653730132476,0.0937854441312017,0.7159180185674736
26575,0.09187647461972107,0.18851949403693838,0.7196040313433406
26576,0.16313440044133629,0.08828812689180929,0.7485774726668545
26577,0.06519768803644202,0.10357858905699566,0.8312237229065623
26578,0.16588162321355332,0.2509764782882478,0.5831418984981989
26579,0.10938073762348116,0.8885962667239592,0.0020229956525597927
26580,0.09423124802530893,0.10756046103163713,0.7982082909430539
26581,0.07971082229609384,0.17517224576473447,0.7451169319391716
26582,0.02437912714058876,0.07932270336389431,0.8962981694955168
26583,0.10643260081051603,0.12160770186483914,0.7719596973246446
26584,0.05062983561755627,0.16105292954627057,0.788317234836173
26585,0.21199652932951382,0.3240295065268851,0.4639739641436011
26586,0.3355669843143623,0.31397018540074234,0.3504628302848954
26587,0.23120820608064782,0.37421837358455723,0.3945734203347948
26588,0.047488394216354396,0.19314058761784514,0.7593710181658004
26589,0.0978710687675688,0.13605938779885232,0.7660695434335789
26590,0.054847546743486,0.5971181260749445,0.3480343271815695
26591,0.30000713916209026,0.6905253122418976,0.009467548596012109
26592,0.3701579612936046,0.07901366119785774,0.5508283775085375
26593,0.08987457553545292,0.12730581602281366,0.7828196084417333
26594,0.2829439439648336,0.09072188668214286,0.6263341693530236
26595,0.02221966746016893,0.09331253603991815,0.8844677964999129
26596,0.09285960969955469,0.118772470628489,0.7883679196719563
26597,0.10684391291463502,0.4240560684823867,0.4691000186029784
26598,0.11230699548403832,0.16975425355545343,0.7179387509605083
26599,0.06112468679961829,0.0721662364328114,0.8667090767675703
26600,0.03317830693813707,0.11511929746818943,0.8517023955936736
26601,0.0975386010548618,0.19484638122486359,0.7076150177202746
26602,0.10883541869992017,0.08866459113320924,0.8024999901668705
26603,0.13918466735052618,0.11777534301474346,0.7430399896347304
26604,0.04261783162307879,0.0994080671671115,0.8579741012098097
26605,0.13373101426568296,0.18893017740679327,0.6773388083275238
26606,0.24101331412869598,0.19861616651431832,0.5603705193569857
26607,0.11880279549959,0.8658825720155918,0.015314632484818208
26608,0.015541889679715544,0.10835538872327904,0.8761027215970055
26609,0.09681550667375838,0.1521051751350055,0.7510793181912362
26610,0.2978042195475462,0.6356425551025724,0.06655322534988149
26611,0.08259867523279717,0.21683505382629267,0.7005662709409102
26612,0.060634486914720266,0.31356026956765404,0.6258052435176257
26613,0.12764135760736603,0.18302021746752953,0.6893384249251043
26614,0.05712198738508684,0.07366288466854133,0.8692151279463719
26615,0.03617625525688858,0.1463524814603971,0.8174712632827145
26616,0.030091866423503442,0.09922770610703759,0.870680427469459
26617,0.16113893426256778,0.1599780515855562,0.678883014151876
26618,0.1553120992151846,0.2743784467080677,0.5703094540767478
26619,0.20939587905207346,0.17249261945749644,0.6181115014904303
26620,0.28310175587441216,0.6915014620420761,0.025396782083511895
26621,0.03714773028317119,0.09135968254090256,0.8714925871759263
26622,0.18969556794490988,0.38404236771292105,0.42626206434216907
26623,0.03496128428060324,0.5936598345066098,0.37137888121278695
26624,0.06336858387169807,0.1901288147483933,0.7465026013799086
26625,0.22937880036236125,0.19718353336510897,0.5734376662725299
26626,0.17086247966632817,0.07807701943893576,0.7510605008947361
26627,0.07282126929148684,0.11615203204231678,0.8110266986661963
26628,0.05778733843168045,0.2686034538548033,0.6736092077135163
26629,0.05253700652073737,0.056376779768921546,0.8910862137103411
26630,0.06072060872040925,0.1752371240579718,0.7640422672216189
26631,0.04939763001132527,0.04770069566208639,0.9029016743265884
26632,0.16534927542911781,0.13048057695024196,0.7041701476206402
26633,0.04092188510940175,0.23155652834792428,0.7275215865426741
26634,0.09864162482518064,0.04812063583394259,0.8532377393408767
26635,0.0613024403917256,0.22561826767210916,0.7130792919361654
26636,0.04292772435969404,0.20216835432764935,0.7549039213126566
26637,0.013703066520194318,0.04086270308621663,0.9454342303935889
26638,0.04391172116448208,0.5124400161956153,0.44364826263990265
26639,0.3465285615039724,0.34250393883528224,0.31096749966074544
26640,0.05478379531169513,0.105436962714131,0.839779241974174
26641,0.10595528105385964,0.646827896262756,0.24721682268338432
26642,0.030367610053402164,0.078374924533936,0.8912574654126618
26643,0.057129919266610776,0.11310698481370153,0.8297630959196877
26644,0.03501676397616408,0.13521221963883276,0.8297710163850032
26645,0.09093125182760109,0.10089250801112012,0.8081762401612789
26646,0.39887803195672755,0.16457394024806632,0.43654802779520624
26647,0.1007916715410333,0.1389702869569013,0.7602380415020654
26648,0.08055374724228205,0.5646881808480425,0.3547580719096753
26649,0.038462578743539345,0.14085822523149372,0.8206791960249668
26650,0.6116663180468925,0.32641918855929686,0.06191449339381064
26651,0.35039913456361876,0.621070106363849,0.02853075907253221
26652,0.3092334990558418,0.1325090605984488,0.5582574403457093
26653,0.22971606849891107,0.144529206881131,0.625754724619958
26654,0.1480259175859696,0.285584956342885,0.5663891260711454
26655,0.09299365948227417,0.3637392685478764,0.5432670719698494
26656,0.10659544453832132,0.17234893348064667,0.721055621981032
26657,0.0856463649870833,0.19288052759550187,0.7214731074174149
26658,0.058028040106856686,0.2843225172252007,0.6576494426679426
26659,0.12370807470279745,0.33282127565435116,0.5434706496428515
26660,0.05521917782650872,0.1961194168102854,0.7486614053632057
26661,0.1135589262398863,0.111590077494193,0.7748509962659209
26662,0.04747467414195865,0.17423733166317004,0.7782879941948714
26663,0.04648846184173076,0.08917802377425404,0.8643335143840152
26664,0.06273376940018262,0.14634650409043576,0.7909197265093816
26665,0.18026140532555984,0.15396096391728575,0.6657776307571543
26666,0.02185804357154815,0.7386458119603052,0.23949614446814668
26667,0.03896757074051824,0.03348868570057755,0.9275437435589041
26668,0.12612455482315726,0.44235842310812623,0.43151702206871645
26669,0.061167588352779884,0.298893893129429,0.6399385185177912
26670,0.2622685004458935,0.38613580226780936,0.351595697286297
26671,0.12678826065152585,0.05903446855656433,0.8141772707919098
26672,0.09092566807864878,0.07846666977188453,0.8306076621494668
26673,0.13409457369821504,0.14801857618109338,0.7178868501206916
26674,0.25506133527428027,0.11696198457646,0.6279766801492598
26675,0.07543584483884083,0.1136431378404451,0.8109210173207141
26676,0.0655775261198772,0.12767401887909202,0.8067484550010307
26677,0.022232405931310914,0.08292308624256028,0.8948445078261287
26678,0.08346574694670873,0.2978239542581051,0.6187102987951862
26679,0.22498557351809823,0.10949693385590799,0.6655174926259938
26680,0.04850002250752114,0.06408259985114874,0.8874173776413301
26681,0.02178585206864927,0.05319814046000074,0.9250160074713499
26682,0.06706312559156544,0.2073952459176404,0.7255416284907942
26683,0.050690582855294354,0.35749763811782337,0.5918117790268824
26684,0.04462689445119932,0.14348319112472996,0.8118899144240708
26685,0.12479848057131365,0.14668853608751792,0.7285129833411684
26686,0.03755405006103643,0.19698279854166154,0.7654631513973019
26687,0.13135767903068649,0.11642398853197111,0.7522183324373425
26688,0.30537014495903697,0.47990917093534907,0.21472068410561382
26689,0.0626070974216532,0.1065052775515964,0.8308876250267505
26690,0.057046767587182586,0.14890534000314318,0.7940478924096742
26691,0.027988617256826553,0.07873803273340334,0.89327335000977
26692,0.021141547521439073,0.337277428314196,0.6415810241643649
26693,0.14805951327895658,0.09169443017666476,0.7602460565443788
26694,0.6374497183937596,0.33761788923722075,0.024932392369019705
26695,0.06475472647918348,0.10729679464351806,0.8279484788772984
26696,0.11949731352269904,0.07962761785293267,0.8008750686243684
26697,0.03448665395864965,0.041424090542058443,0.9240892554992921
26698,0.04694086663767472,0.06518366745582921,0.887875465906496
26699,0.08506438486219944,0.36503761058442313,0.5498980045533773
26700,0.056983885897707906,0.2842454831582216,0.6587706309440705
26701,0.11680081072949687,0.4455458122759637,0.43765337699453943
26702,0.18081634758720047,0.3770324757345891,0.44215117667821036
26703,0.04489622376167408,0.20077262388637448,0.7543311523519514
26704,0.06882641214633177,0.10259952457926208,0.8285740632744062
26705,0.04200011271950075,0.06951277815987016,0.8884871091206289
26706,0.07955623770546348,0.16036824215388054,0.760075520140656
26707,0.5485742395854823,0.04535811798478491,0.4060676424297327
26708,0.09316513280548988,0.13956204443235737,0.7672728227621527
26709,0.05328087627406353,0.04651078628527103,0.9002083374406655
26710,0.14022260062858216,0.1614214718340294,0.6983559275373884
26711,0.188928873172942,0.0967361592720986,0.7143349675549594
26712,0.10052803144042581,0.12608389004093737,0.7733880785186368
26713,0.20014390406215446,0.3468067249742244,0.45304937096362125
26714,0.030752785595553278,0.0808380449480496,0.8884091694563971
26715,0.05034913002577008,0.28634111418582325,0.6633097557884068
26716,0.15199174137606059,0.45056953571414804,0.39743872290979126
26717,0.049987470345420795,0.23385240456952916,0.71616012508505
26718,0.11644872085433172,0.20271809907404464,0.6808331800716236
26719,0.09980172513466336,0.15395910399886772,0.7462391708664687
26720,0.04642056379401751,0.2123352841979208,0.7412441520080617
26721,0.06422546881564525,0.3532718414132527,0.5825026897711021
26722,0.18437695093514364,0.12071997083582531,0.694903078229031
26723,0.07674048560921888,0.22490993850691635,0.6983495758838648
26724,0.073654604464569,0.33306927124299623,0.5932761242924349
26725,0.015069953622155933,0.33484501299783526,0.6500850333800089
26726,0.13013014915768042,0.45260544568226124,0.4172644051600583
26727,0.021240476725662084,0.0704679513660204,0.9082915719083174
26728,0.034136905848663614,0.07244911006222374,0.8934139840891128
26729,0.07273479654414541,0.21557957610544998,0.7116856273504047
26730,0.10468096511125163,0.42737254159179355,0.4679464932969548
26731,0.04908415969408367,0.1684993198851918,0.7824165204207246
26732,0.2074185155202085,0.7854914360783556,0.007090048401435808
26733,0.04803940788287138,0.10471122374569347,0.8472493683714352
26734,0.044993146270268375,0.2898988810339232,0.6651079726958085
26735,0.06959512998265584,0.18748189251998876,0.7429229774973554
26736,0.038096936497566486,0.1098264140381271,0.8520766494643063
26737,0.10251140439922804,0.21383441766984446,0.6836541779309275
26738,0.04183435486328065,0.11195843861836093,0.8462072065183585
26739,0.3723491030263777,0.09065115666678449,0.5369997403068377
26740,0.06435397027314155,0.06118600821670823,0.8744600215101502
26741,0.16295822737041565,0.8174784876208815,0.0195632850087028
26742,0.02593118896468706,0.1353980226132174,0.8386707884220956
26743,0.146360982286985,0.17979416829277528,0.6738448494202398
26744,0.11661582241180231,0.1602886632477587,0.7230955143404391
26745,0.04842344177982241,0.1322436474175178,0.8193329108026599
26746,0.14806503681136712,0.15329588051122356,0.6986390826774094
26747,0.10775511966983033,0.4039375857924696,0.48830729453770017
26748,0.21363492207506507,0.38114731442333993,0.405217763501595
26749,0.08091502998990846,0.2376456060160725,0.6814393639940192
26750,0.07358344334395948,0.15899114597174932,0.7674254106842913
26751,0.055975423318751244,0.27854044269818984,0.665484133983059
26752,0.059161550664334414,0.5999480390794916,0.34089041025617406
26753,0.10350963116733922,0.0693313873380183,0.8271589814946426
26754,0.10071169127824234,0.057019904726514664,0.8422684039952432
26755,0.03793773639970166,0.08656155028795846,0.8755007133123399
26756,0.046475490179708506,0.08796280316891582,0.8655617066513757
26757,0.15558945841081465,0.10030351892810073,0.7441070226610846
26758,0.0569922397234289,0.1340412545466455,0.8089665057299257
26759,0.06232137833930456,0.28325227947303355,0.6544263421876617
26760,0.10007115085076758,0.32692876316453234,0.5730000859847002
26761,0.06163982122926539,0.07855046871223362,0.859809710058501
26762,0.08426138420899555,0.17692316988488666,0.7388154459061177
26763,0.027719313363820674,0.10507573110067168,0.8672049555355076
26764,0.0468752939655176,0.14315430793987216,0.8099703980946102
26765,0.10090193139827054,0.11250632120930545,0.7865917473924239
26766,0.08273745319419311,0.38218651906497864,0.5350760277408283
26767,0.1067518695984309,0.22256508295951594,0.6706830474420532
26768,0.049982052952026984,0.9409999327230046,0.009018014324968565
26769,0.09860245650705123,0.2440789020969312,0.6573186413960177
26770,0.07396801578306982,0.21806995015756944,0.7079620340593608
26771,0.1774970845344937,0.7931514287438106,0.029351486721695737
26772,0.5692221685613054,0.05288406210043013,0.3778937693382644
26773,0.09139132205421908,0.06435871476944041,0.8442499631763405
26774,0.027098337715545786,0.11115362700063186,0.8617480352838224
26775,0.031645556684843125,0.21807685061745252,0.7502775926977043
26776,0.07724024035796183,0.15760315081756784,0.7651566088244703
26777,0.05195510600265578,0.0954431371650482,0.852601756832296
26778,0.03408261537271315,0.07950728140412625,0.8864101032231606
26779,0.10131467846476681,0.1337649282423334,0.7649203932928997
26780,0.0477416099041678,0.2037943934706861,0.7484639966251461
26781,0.08840867621629654,0.2174939463471393,0.6940973774365642
26782,0.042708240070065295,0.11241982672457042,0.8448719332053642
26783,0.162306414195646,0.2846350612216872,0.5530585245826668
26784,0.09360474562230198,0.4475636570999152,0.4588315972777828
26785,0.06602326684820209,0.18420640296702917,0.7497703301847689
26786,0.5239114606844031,0.07555704149298642,0.40053149782261044
26787,0.033644983139157064,0.050940562701661606,0.9154144541591814
26788,0.15067577520149247,0.14919253647615544,0.7001316883223522
26789,0.16511322684693494,0.23836453937031613,0.5965222337827489
26790,0.03439342309838216,0.09161266147881873,0.8739939154227989
26791,0.0616348133744227,0.08276349108488136,0.855601695540696
26792,0.17513661200497743,0.12616613511452648,0.6986972528804961
26793,0.06337676046295933,0.13472989761495446,0.8018933419220864
26794,0.020368778230924745,0.15019741849582152,0.8294338032732539
26795,0.10000811598837976,0.2650638110583405,0.6349280729532797
26796,0.051047661615153755,0.9480474929462257,0.0009048454386206222
26797,0.06706434350446795,0.382025030802756,0.5509106256927762
26798,0.2356425620594366,0.17523375821927606,0.5891236797212873
26799,0.12442011749497019,0.13623150951783788,0.739348372987192
26800,0.02137212816681734,0.9725096813032755,0.006118190529907187
26801,0.17427607700624936,0.33323823462691265,0.492485688366838
26802,0.08245052152880777,0.10852952665559626,0.8090199518155959
26803,0.08387990949912771,0.1521626715008861,0.7639574189999863
26804,0.06012763428891144,0.15042198431888323,0.7894503813922054
26805,0.013843847818108747,0.09777497611192637,0.8883811760699648
26806,0.05699646267139172,0.1309883654400946,0.8120151718885137
26807,0.11127096230229552,0.18054344330507704,0.7081855943926275
26808,0.04940822610868791,0.2102080154891042,0.740383758402208
26809,0.1008615597343343,0.1861648870238789,0.7129735532417867
26810,0.032643186892500044,0.14709332397470737,0.8202634891327926
26811,0.03668417006479068,0.05535617508432833,0.907959654850881
26812,0.053974498196429306,0.1251166052145093,0.8209088965890615
26813,0.067807030733161,0.431584648031675,0.500608321235164
26814,0.11435747130566366,0.15748940054966373,0.7281531281446725
26815,0.058487934410780124,0.23032659881923712,0.7111854667699828
26816,0.05055215497152949,0.3495237853592643,0.5999240596692061
26817,0.16352711608843198,0.04713687967293446,0.7893360042386335
26818,0.12715072557992504,0.09309673569932159,0.7797525387207532
26819,0.08836827032723586,0.17601886262779348,0.7356128670449708
26820,0.10953019478760041,0.8832561051211353,0.007213700091264235
26821,0.09519477019173611,0.8987205186060625,0.006084711202201482
26822,0.08848937666135934,0.27847443078749734,0.6330361925511433
26823,0.020451379090340584,0.06621012119800955,0.9133384997116498
26824,0.16712055951617064,0.09905129558233253,0.7338281449014967
26825,0.05242326815215552,0.07175090337608683,0.8758258284717577
26826,0.0690040895908735,0.07881382779446532,0.8521820826146612
26827,0.08624024941677927,0.11802477895886071,0.7957349716243599
26828,0.028567027739716113,0.128096555735868,0.8433364165244157
26829,0.019929768254833183,0.11509395059697956,0.8649762811481874
26830,0.05868484965646947,0.14529216160857303,0.7960229887349574
26831,0.03461988778196528,0.06625613828950913,0.8991239739285256
26832,0.011034528438749375,0.013822051442863987,0.9751434201183865
26833,0.07394688428615383,0.08582677237397447,0.8402263433398716
26834,0.07457268881291773,0.16175009903352955,0.7636772121535528
26835,0.4661327502141305,0.12841486901702745,0.40545238076884194
26836,0.2146568625263057,0.3768245261542584,0.4085186113194359
26837,0.12665790282147604,0.04335103666041997,0.829991060518104
26838,0.0896559754738103,0.329954618623175,0.5803894059030148
26839,0.6849073730701659,0.0641562244691361,0.2509364024606979
26840,0.11376150990002448,0.3335433566561408,0.5526951334438347
26841,0.024062206736442604,0.04743369499989827,0.9285040982636591
26842,0.05949988509296295,0.1768123332408459,0.7636877816661912
26843,0.15780543883011294,0.09362075828301371,0.7485738028868735
26844,0.2232212067837275,0.32322640631717303,0.45355238689909955
26845,0.5620962577776438,0.028193131516436286,0.4097106107059199
26846,0.08467940178738678,0.09911972323305807,0.816200874979555
26847,0.06344450954435363,0.24438950534694914,0.6921659851086972
26848,0.10008397836194471,0.06626690044392153,0.8336491211941336
26849,0.18727974714185294,0.09536023249747506,0.717360020360672
26850,0.061131694572059955,0.3307114365773657,0.6081568688505743
26851,0.12313239810171077,0.20537732411557139,0.6714902777827177
26852,0.18750193338281793,0.5647520216666835,0.2477460449504985
26853,0.07339678963777739,0.10594929895889792,0.8206539114033246
26854,0.04321897749565258,0.9507494463694305,0.006031576134916755
26855,0.13533309158235907,0.256461392460063,0.6082055159575779
26856,0.139713009679138,0.11002575417784217,0.7502612361430199
26857,0.13674774467515025,0.16960202078091302,0.6936502345439367
26858,0.05721018962212235,0.5620067321903881,0.38078307818748963
26859,0.07268358908390365,0.5933759307927274,0.33394048012336885
26860,0.09977838070697401,0.3971411434767202,0.5030804758163059
26861,0.1316881809646065,0.21493749688282254,0.6533743221525711
26862,0.10494543956773784,0.2519164440592477,0.6431381163730143
26863,0.044867420169525614,0.16630173242104077,0.7888308474094337
26864,0.03092165425990421,0.3326701193248351,0.6364082264152607
26865,0.059104858650351,0.0730273358589144,0.8678678054907345
26866,0.021195254381854777,0.08767775847488414,0.8911269871432612
26867,0.05444595116643602,0.059267140727222584,0.8862869081063413
26868,0.010740540800397672,0.08618010915144811,0.9030793500481543
26869,0.038104446410207535,0.008631565222908371,0.9532639883668842
26870,0.020938205655012386,0.8321350468776113,0.14692674746737627
26871,0.11599004686555783,0.13243627897004254,0.7515736741643996
26872,0.08045306656869085,0.2891523351208864,0.6303945983104229
26873,0.13070036982350766,0.16520557333602776,0.7040940568404648
26874,0.11454728393181718,0.23813478089646642,0.6473179351717163
26875,0.07014949820617279,0.2204153228313954,0.7094351789624318
26876,0.06233986241496123,0.12174334719904699,0.8159167903859916
26877,0.07886462494973154,0.11472863711873015,0.8064067379315383
26878,0.1384122224324353,0.14430021825118697,0.7172875593163778
26879,0.1354031775940572,0.19276174059857265,0.6718350818073701
26880,0.17683621520934328,0.08921405715554019,0.7339497276351167
26881,0.04440276940459433,0.2355508973647544,0.7200463332306513
26882,0.2483976242930506,0.05700867096184514,0.6945937047451042
26883,0.03536167871449272,0.052030898981938044,0.9126074223035693
26884,0.06835682310485168,0.2864389259737663,0.6452042509213821
26885,0.22668398407133428,0.16332887447011035,0.6099871414585554
26886,0.10417680034928657,0.11944539760056153,0.7763778020501519
26887,0.019554391352558768,0.11800496624626704,0.8624406424011741
26888,0.14760374056264655,0.16031745123953856,0.692078808197815
26889,0.06613078896610264,0.11164075185649733,0.8222284591774002
26890,0.027738964679694014,0.10911887604426451,0.8631421592760415
26891,0.060280303950295794,0.36130631975227917,0.5784133762974251
26892,0.12300286131842224,0.30415218466772465,0.5728449540138532
26893,0.04918883824351164,0.1291086046472407,0.8217025571092478
26894,0.08663839113398972,0.07115237468904288,0.8422092341769674
26895,0.1121370987169072,0.2682985359951591,0.6195643652879336
26896,0.08340521862892665,0.3403786609839464,0.5762161203871269
26897,0.05536504416809007,0.17302268971595594,0.7716122661159539
26898,0.037699755643942165,0.06612991719104964,0.8961703271650081
26899,0.04537243557959774,0.1796167884162421,0.7750107760041604
26900,0.11205264447339647,0.25606312627645633,0.6318842292501472
26901,0.06066456294763676,0.2801667443750356,0.6591686926773277
26902,0.03985467257846487,0.055556312255213625,0.9045890151663215
26903,0.09803652692690519,0.2675872524557945,0.6343762206173004
26904,0.5301312445373817,0.4582861662155107,0.01158258924710761
26905,0.09935009738863208,0.2842176565543267,0.6164322460570412
26906,0.03248049148651919,0.06719402693456446,0.9003254815789163
26907,0.10893197878906301,0.05456358152658272,0.8365044396843544
26908,0.04310964816642597,0.1492242220110294,0.8076661298225446
26909,0.038091813430472084,0.4777543747427007,0.4841538118268272
26910,0.10679866639620726,0.4252148766623289,0.4679864569414638
26911,0.17244377940936056,0.255037722881466,0.5725184977091735
26912,0.04411676522098639,0.10086977810100956,0.8550134566780041
26913,0.19529668401001282,0.1742029268372599,0.6305003891527273
26914,0.09866530836806907,0.2536593441635087,0.6476753474684223
26915,0.10287085246548634,0.09413579726975584,0.8029933502647579
26916,0.0722672318703982,0.9248118934099882,0.002920874719613756
26917,0.042087289287241536,0.1307295675392489,0.8271831431735097
26918,0.0898519218247396,0.14105579973581397,0.7690922784394464
26919,0.543081326080167,0.11193787279694986,0.34498080112288326
26920,0.04399983381165185,0.3984811007218543,0.5575190654664939
26921,0.015299027885898969,0.7278923386574708,0.25680863345663
26922,0.04611856983987538,0.49290618206757825,0.4609752480925463
26923,0.06121950308640032,0.12001325567363778,0.818767241239962
26924,0.07672532221200054,0.08443290529877427,0.8388417724892251
26925,0.0870629045047072,0.044866362400973615,0.8680707330943193
26926,0.07806442834038012,0.36849397969154246,0.5534415919680774
26927,0.04685710597761343,0.2161311187158497,0.7370117753065368
26928,0.1056670657136709,0.8848414352425568,0.00949149904377244
26929,0.06153942179728836,0.18979738528876355,0.748663192913948
26930,0.04172514560500145,0.4172320703291725,0.5410427840658261
26931,0.18459508609969658,0.8095190425889136,0.005885871311389884
26932,0.04730974607598071,0.6643584943345704,0.2883317595894489
26933,0.3046354564985853,0.14194762015796167,0.553416923343453
26934,0.12574422681015565,0.11831553830609907,0.7559402348837453
26935,0.06849266761248173,0.15119643491634693,0.7803108974711713
26936,0.0914279504578289,0.05600370729244133,0.8525683422497298
26937,0.07662318584554423,0.22483216120370814,0.6985446529507476
26938,0.12791067523190372,0.8603733139889979,0.011716010779098378
26939,0.33666185243430335,0.6517792854867616,0.011558862078935195
26940,0.06117506892077194,0.06438466102642543,0.8744402700528027
26941,0.06513840448454994,0.1372201318844165,0.7976414636310335
26942,0.23231894880894524,0.2156014240899366,0.5520796271011181
26943,0.04430024153747516,0.2810742503349511,0.6746255081275737
26944,0.0654057749698453,0.08512403944072233,0.8494701855894324
26945,0.11499106965574324,0.4001836461752762,0.4848252841689806
26946,0.06617421936021504,0.12107016546408521,0.8127556151756997
26947,0.05875047030172619,0.4049032189250196,0.5363463107732542
26948,0.09933618421986364,0.2988480561626823,0.6018157596174541
26949,0.3789097505064936,0.1412648380561725,0.47982541143733387
26950,0.24598490494369737,0.21199011333895293,0.5420249817173496
26951,0.27023883268498755,0.3725699238036457,0.35719124351136683
26952,0.12709289510085167,0.3207148645506608,0.5521922403484877
26953,0.07628295506452111,0.029496538000352564,0.8942205069351263
26954,0.01683113518207576,0.0706770646262685,0.9124918001916555
26955,0.03906637013481223,0.37888830974423404,0.5820453201209538
26956,0.19218463368412167,0.1462136337418559,0.6616017325740224
26957,0.5154675526404288,0.14042088650881565,0.3441115608507555
26958,0.18314700571330028,0.11920578806965762,0.697647206217042
26959,0.06025057163518921,0.3406406399567544,0.5991087884080564
26960,0.18255199946092648,0.11352881194576084,0.7039191885933127
26961,0.08365890122820437,0.10077352539872306,0.8155675733730725
26962,0.03269167474621466,0.5250033424581203,0.442304982795665
26963,0.14805951327895658,0.09169443017666476,0.7602460565443788
26964,0.07066070798311251,0.1601146455975149,0.7692246464193726
26965,0.06686173780424681,0.3499027772164114,0.5832354849793417
26966,0.08340521862892665,0.3403786609839464,0.5762161203871269
26967,0.054869984164499404,0.06139751093894859,0.8837325048965519
26968,0.0971912237921491,0.13087382561483873,0.7719349505930122
26969,0.032843058318585056,0.08018948887905875,0.8869674528023562
26970,0.14167591848479968,0.09030465464401803,0.7680194268711822
26971,0.06399143790495723,0.24655954904076466,0.6894490130542781
26972,0.09169459371895922,0.22489633901590256,0.6834090672651383
26973,0.0527326682068243,0.1455168933757992,0.8017504384173766
26974,0.06603671887486269,0.041835306453613406,0.8921279746715238
26975,0.08692342329165066,0.12951643625534354,0.7835601404530057
26976,0.1958029250963125,0.7798140281983705,0.024383046705316845
26977,0.06393140875600868,0.2848348731134387,0.6512337181305526
26978,0.034516361111424,0.11335209708855197,0.8521315418000242
26979,0.04331005049470044,0.3156824439592182,0.6410075055460814
26980,0.07781552983200178,0.08111839213394952,0.8410660780340489
26981,0.12169843612524354,0.17815187201338023,0.7001496918613762
26982,0.039679891311655606,0.11449836347135957,0.8458217452169848
26983,0.11349133132965615,0.24384399673097382,0.6426646719393699
26984,0.06419355183075384,0.16379930324299274,0.7720071449262534
26985,0.1340917906467804,0.2104369199817454,0.6554712893714743
26986,0.06790590330776361,0.05301616649101626,0.87907793020122
26987,0.15712190581842164,0.37570142434839676,0.4671766698331815
26988,0.13163157490323432,0.4053976462031214,0.46297077889364413
26989,0.04513730209212795,0.218858959648579,0.7360037382592931
26990,0.11104289201713914,0.08812625118870693,0.800830856794154
26991,0.05012302252516285,0.17653003673782341,0.7733469407370137
26992,0.10604768418244918,0.359024804405068,0.5349275114124828
26993,0.053628637420710806,0.1179523975298344,0.8284189650494548
26994,0.08822191887683428,0.21559729371351566,0.6961807874096502
26995,0.05082692366817265,0.29041707550437945,0.658756000827448
26996,0.03497795226498373,0.09381571529141874,0.8712063324435975
26997,0.24486320647416535,0.35780727224846365,0.397329521277371
26998,0.22397991549231583,0.11087340412369594,0.6651466803839882
26999,0.2048575544678463,0.11667530932346447,0.6784671362086891
27000,0.060144682201584816,0.5164283162600648,0.42342700153835044
27001,0.030896379242008998,0.26847035233772787,0.7006332684202632
27002,0.06251333229328121,0.2589486601532849,0.6785380075534339
27003,0.2650549001580218,0.12468901586907126,0.6102560839729069
27004,0.023551053171128076,0.23541561068520264,0.7410333361436693
27005,0.06912103008844799,0.20348367333060155,0.7273952965809504
27006,0.09273119981474033,0.10780218637044507,0.7994666138148144
27007,0.07389266168898562,0.6805368324305078,0.24557050588050666
27008,0.0925607245672106,0.1769816555358277,0.7304576198969617
27009,0.04016231461542463,0.21808132199703892,0.7417563633875365
27010,0.03281249046071097,0.1326352456618921,0.8345522638773969
27011,0.1459023993840989,0.4084452368640616,0.4456523637518394
27012,0.045219925969304284,0.06540190248343006,0.8893781715472656
27013,0.2963804322787173,0.12600339511208827,0.5776161726091945
27014,0.06314036387322536,0.5586794012252787,0.378180234901496
27015,0.08306020361537826,0.3039910945347595,0.6129487018498622
27016,0.06852249245816446,0.09150490581024105,0.8399726017315945
27017,0.10199405857753246,0.21776389080229175,0.6802420506201757
27018,0.041600534874085965,0.14512509711657293,0.8132743680093412
27019,0.1267971679612605,0.11670593020802458,0.7564969018307149
27020,0.06287375229041668,0.3004425896928973,0.636683658016686
27021,0.05908016647397274,0.27935841934931777,0.6615614141767096
27022,0.06591874855410179,0.12178873382679364,0.8122925176191046
27023,0.1383336225208031,0.3148748638164833,0.5467915136627135
27024,0.020677570209658602,0.16343648830169688,0.8158859414886444
27025,0.19159166240525194,0.10363242817953376,0.7047759094152142
27026,0.05500065725628942,0.1436302894968704,0.8013690532468403
27027,0.13088380195562815,0.05595739183427823,0.8131588062100937
27028,0.17218424257476903,0.17026472769482603,0.657551029730405
27029,0.04205076660153807,0.14160253071667453,0.8163467026817876
27030,0.14150794277999038,0.4599935110584914,0.3984985461615182
27031,0.6625262951682147,0.11946362458008876,0.2180100802516967
27032,0.21254304064974933,0.1000783313740987,0.687378627976152
27033,0.10409468167312795,0.08485640804145372,0.8110489102854183
27034,0.060821236906822465,0.0806944244623302,0.8584843386308474
27035,0.432292195654567,0.138866626069374,0.428841178276059
27036,0.07929982482734302,0.06155458759860995,0.8591455875740471
27037,0.16225023400955496,0.20204353525276905,0.6357062307376761
27038,0.10150878821001105,0.07872565530853014,0.8197655564814587
27039,0.16182733909986624,0.14098454554969922,0.6971881153504346
27040,0.10370299528930677,0.13424439012699269,0.7620526145837005
27041,0.017099357244562293,0.028210282079290685,0.9546903606761471
27042,0.39456396810440353,0.5945436572740767,0.0108923746215197
27043,0.08893670829287967,0.13078608318350043,0.7802772085236199
27044,0.05713008811241238,0.10970593983634615,0.8331639720512416
27045,0.02811315971096299,0.1254206546792977,0.8464661856097393
27046,0.026076414662166814,0.07907469513099898,0.8948488902068341
27047,0.08712055773403514,0.42601513865963125,0.4868643036063336
27048,0.22677884573385096,0.771212848646669,0.0020083056194801292
27049,0.07192854499438786,0.4478382244365129,0.4802332305690992
27050,0.04400548312275414,0.17692660096100765,0.779067915916238
27051,0.07363039508817995,0.22348148680160376,0.7028881181102162
27052,0.03154227429956737,0.10167313107944285,0.8667845946209898
27053,0.04617975993633064,0.22118478422889476,0.7326354558347746
27054,0.0826167282535887,0.12184378677914083,0.7955394849672703
27055,0.12730930079984518,0.8644495200511515,0.008241179149003285
27056,0.22922344714345808,0.7662032487935618,0.004573304062980269
27057,0.014552477856024489,0.26404058976551875,0.7214069323784568
27058,0.1790377229010744,0.11554367641517645,0.7054186006837491
27059,0.12546590176196457,0.0884352408600153,0.7860988573780201
27060,0.07581771166002677,0.16865516464131877,0.7555271236986545
27061,0.3574472273586653,0.10693293392497777,0.535619838716357
27062,0.11246342129294064,0.097428343972312,0.7901082347347473
27063,0.06266132475001605,0.11463843310240916,0.8227002421475749
27064,0.028989980382595374,0.04658657445167566,0.9244234451657288
27065,0.048692981601162415,0.2623908895196924,0.6889161288791452
27066,0.059735689440757536,0.06534615958650207,0.8749181509727404
27067,0.08779453633095449,0.1874901959047456,0.7247152677643001
27068,0.3376556978769427,0.06723020115296748,0.5951141009700899
27069,0.043980515513223385,0.09650714541788469,0.8595123390688919
27070,0.058015478598900556,0.050069431298577556,0.8919150901025219
27071,0.0494293503992062,0.042703657269962676,0.9078669923308311
27072,0.08774381882716863,0.35179196861288137,0.56046421255995
27073,0.08221002101105855,0.17042266006104448,0.747367318927897
27074,0.08764336230191218,0.39719706638784696,0.5151595713102409
