index,0,1,2
26457,0.07825052705342055,0.19173535863843075,0.7300141143081488
26458,0.20785367729223497,0.1707200244666144,0.6214262982411506
26459,0.05863450198790113,0.07697150990241147,0.8643939881096875
26460,0.12330753073651696,0.13728433540060106,0.739408133862882
26461,0.08005237250636474,0.2979798262928452,0.6219678012007901
26462,0.0608149368130989,0.17340108820677405,0.765783974980127
26463,0.39256850101559837,0.5997522549650888,0.007679244019312766
26464,0.16267731135111385,0.14853538975259764,0.6887872988962885
26465,0.019375906636309777,0.08061653600781221,0.900007557355878
26466,0.04029704749846175,0.42133333186130795,0.5383696206402303
26467,0.1449637685455119,0.18604158951343555,0.6689946419410526
26468,0.06308873755104831,0.11507956127902112,0.8218317011699305
26469,0.3835600950989345,0.1335830098762522,0.48285689502481327
26470,0.12596061759427138,0.12227455182463834,0.7517648305810902
26471,0.06858881243678988,0.04948427758451269,0.8819269099786975
26472,0.11471204691284861,0.1718648306817118,0.7134231224054397
26473,0.09322416235210453,0.05069717850424333,0.8560786591436522
26474,0.25260151443002204,0.7453620131534179,0.0020364724165601177
26475,0.2603295782459088,0.2659764594520074,0.4736939623020838
26476,0.05846357544900859,0.12855786040003572,0.8129785641509557
26477,0.11755145466459631,0.1910565026638468,0.691392042671557
26478,0.030265223051944252,0.0842349128466438,0.885499864101412
26479,0.11721322710434544,0.17206483845843407,0.7107219344372204
26480,0.054393444626272755,0.13761509975479472,0.8079914556189325
26481,0.053529794257416066,0.1835996549241676,0.7628705508184163
26482,0.11688572373088256,0.08057449241283755,0.80253978385628
26483,0.0482216329427153,0.09130016711114308,0.8604781999461417
26484,0.15752602691003487,0.1546565092668433,0.6878174638231218
26485,0.05838506205437334,0.053198327643183,0.8884166103024438
26486,0.08881056172886716,0.1904705346873554,0.7207189035837774
26487,0.09535365665081735,0.08533203661828259,0.8193143067309001
26488,0.25016928510830294,0.7235517319195102,0.02627898297218699
26489,0.04931313964923378,0.24229939857111427,0.7083874617796517
26490,0.1044350896811529,0.2526721022500073,0.6428928080688399
26491,0.08650084580870318,0.1161271518588022,0.7973720023324945
26492,0.053644942389122735,0.1278909183361517,0.8184641392747256
26493,0.3589304034658489,0.6385225045419802,0.0025470919921709756
26494,0.21885952177818924,0.2801642962006831,0.5009761820211277
26495,0.03692249606060976,0.04335864712725638,0.9197188568121338
26496,0.0723962006196873,0.2992248337342751,0.6283789656460376
26497,0.05445334663196404,0.6732339022565983,0.2723127511114377
26498,0.1736287696574908,0.40830177795761485,0.4180694523848945
26499,0.09443599149514005,0.15925896882458052,0.7463050396802795
26500,0.09645811998385288,0.3994663289729861,0.5040755510431609
26501,0.16629644365836668,0.23330112686048146,0.600402429481152
26502,0.02534952384279847,0.07447482576606877,0.9001756503911327
26503,0.15482896084615688,0.42155935701481406,0.42361168213902906
26504,0.07428465554503533,0.1577530825395244,0.7679622619154401
26505,0.04377148253150691,0.04974980172934941,0.9064787157391437
26506,0.05180874844800614,0.9294303137945275,0.018760937757466307
26507,0.11658191851916026,0.8767585097354875,0.006659571745352242
26508,0.10642180675900052,0.497639131287844,0.3959390619531555
26509,0.1348151585180618,0.26169048252061666,0.6034943589613216
26510,0.08090919564425048,0.21370742635024445,0.705383378005505
26511,0.051653302300502656,0.08650800357683545,0.8618386941226619
26512,0.07459163650144038,0.1687378369808153,0.7566705265177445
26513,0.06817730223111121,0.21137335300191046,0.7204493447669784
26514,0.0715353809654814,0.08949077949233586,0.8389738395421826
26515,0.3467022331470701,0.058412469347837497,0.5948852975050923
26516,0.07278882277162485,0.2170179319707755,0.7101932452575994
26517,0.2629558836785123,0.7307396194561174,0.0063044968653702405
26518,0.07789807913402491,0.09639898644327603,0.825702934422699
26519,0.4354980633248639,0.08589033395087334,0.47861160272426273
26520,0.035211421323207044,0.8350370320407466,0.1297515466360463
26521,0.06892045216233246,0.21708279670183667,0.7139967511358308
26522,0.126265874591891,0.16729333512859768,0.7064407902795112
26523,0.10065844702594166,0.2849245496741118,0.6144170032999466
26524,0.02342757431118549,0.137687463704889,0.8388849619839256
26525,0.2981225256305263,0.18698945241829107,0.5148880219511824
26526,0.05456018100278322,0.10656757475575417,0.8388722442414628
26527,0.07461082609039939,0.1162350183817087,0.8091541555278918
26528,0.13612800969689873,0.8502853769756045,0.013586613327496937
26529,0.3941963819358246,0.06642110920502091,0.5393825088591544
26530,0.032866082443530134,0.06402607536708652,0.9031078421893833
26531,0.055245949961625726,0.1445799831809619,0.8001740668574124
26532,0.257984378449277,0.13607086201355711,0.6059447595371659
26533,0.04423110579173246,0.05162474839511447,0.904144145813153
26534,0.05841807214979798,0.13710090188282845,0.8044810259673737
26535,0.05599392491096454,0.18080638830849233,0.7631996867805432
26536,0.07464224091385127,0.2540327189363245,0.6713250401498243
26537,0.08226977763627168,0.03453020894535858,0.8832000134183698
26538,0.03564489719460694,0.4462108429693625,0.5181442598360306
26539,0.062046259955224475,0.18606527183014532,0.7518884682146303
26540,0.08524181080243458,0.7439043964245431,0.17085379277302234
26541,0.087751612954475,0.10442013380573638,0.8078282532397888
26542,0.03758699447722779,0.2242084158061701,0.7382045897166021
26543,0.05764022303333393,0.08787753197796569,0.8544822449887005
26544,0.09484449007748198,0.2251866681438261,0.679968841778692
26545,0.09112908743338101,0.17583843505795232,0.7330324775086667
26546,0.10490197982461566,0.21189811761788743,0.6831999025574969
26547,0.06645936677625318,0.08605393853892597,0.847486694684821
26548,0.06507288884429686,0.061026718023596244,0.873900393132107
26549,0.18804393699237865,0.8088979624522857,0.0030581005553356254
26550,0.08159774263597655,0.1976284855918389,0.7207737717721845
26551,0.04069452509068302,0.18202935062151568,0.7772761242878015
26552,0.016922993606464952,0.19017386093772062,0.7929031454558143
26553,0.04616018520921076,0.11697428473449605,0.8368655300562933
26554,0.13755449952120766,0.33068403807778096,0.5317614624010114
26555,0.08197634715210914,0.09632417091616033,0.8216994819317306
26556,0.0596748024268693,0.1485748666352929,0.7917503309378378
26557,0.05101791934673364,0.12336719153764265,0.8256148891156238
26558,0.40372697443934463,0.11883553046187341,0.477437495098782
26559,0.27020748326912597,0.1426360262259583,0.5871564905049158
26560,0.08453439210861051,0.20775802496931883,0.7077075829220706
26561,0.03442503624054623,0.1851964114841889,0.7803785522752651
26562,0.10412389446232774,0.07788668248395395,0.8179894230537182
26563,0.047213249482841696,0.20925093537230607,0.7435358151448521
26564,0.05049916420160458,0.20601232903505254,0.7434885067633429
26565,0.11308751756591917,0.3364468263342708,0.55046565609981
26566,0.18093282607375177,0.1441438327964749,0.6749233411297733
26567,0.019727933451697002,0.1185829063458515,0.8616891602024516
26568,0.43857074190740336,0.5492662523882988,0.012163005704297784
26569,0.04481749065730853,0.10869769439759819,0.8464848149450931
26570,0.14375699207645953,0.3576353097250393,0.4986076981985012
26571,0.03442366022062289,0.06846811723220562,0.8971082225471716
26572,0.08290217100549133,0.19409508944672352,0.7230027395477852
26573,0.04421875862335291,0.2055177947327206,0.7502634466439264
26574,0.187564244458091,0.08566292980833777,0.7267728257335713
26575,0.09170520149051531,0.19770117694004932,0.7105936215694354
26576,0.16816800489089292,0.07941098302592502,0.752421012083182
26577,0.05836795965084478,0.08861675385627202,0.8530152864928832
26578,0.15642205484250926,0.25199169427206397,0.5915862508854268
26579,0.09546286925848878,0.9027172702226124,0.0018198605188987872
26580,0.09416233259054287,0.1126470328718656,0.7931906345375915
26581,0.07475265478373708,0.16339646771265467,0.7618508775036082
26582,0.023595632213979017,0.07772347022765899,0.8986808975583619
26583,0.10564602080849311,0.12555826065088455,0.7687957185406222
26584,0.04821198468012245,0.16097783967462906,0.7908101756452486
26585,0.20534212129688478,0.3407478127611277,0.45391006594198746
26586,0.35002080401557795,0.3050153565417111,0.34496383944271103
26587,0.2296332936196239,0.35566304615164335,0.41470366022873273
26588,0.04771766352422978,0.18642898665426327,0.7658533498215069
26589,0.09574475064757972,0.1484970422601794,0.755758207092241
26590,0.05314808210234746,0.5935572302405286,0.35329468765712385
26591,0.27646636289612314,0.7131198564647081,0.010413780639168554
26592,0.3768443765946162,0.07212401602523334,0.5510316073801504
26593,0.08982794591922585,0.11839872405434167,0.7917733300264325
26594,0.2920876290860352,0.0941170720981387,0.613795298815826
26595,0.021269291373437024,0.09978978644631785,0.8789409221802451
26596,0.08885923405693558,0.13135367776646562,0.7797870881765989
26597,0.11133623919929422,0.43074614534073274,0.4579176154599731
26598,0.1157710576475362,0.17064897093833642,0.7135799714141273
26599,0.06125426549343809,0.06624582700807723,0.8724999074984846
26600,0.032860348623547184,0.11511187417573868,0.8520277772007143
26601,0.10052634540653074,0.18326092410347228,0.7162127304899969
26602,0.11076811524410675,0.08807930110613474,0.8011525836497584
26603,0.1581481101751097,0.11108215595229119,0.7307697338725991
26604,0.04309957260516248,0.09994206668308449,0.8569583607117532
26605,0.13859544342415347,0.19239710551337638,0.66900745106247
26606,0.24965489333666457,0.1910810765366979,0.5592640301266375
26607,0.11790568804729522,0.8669531557867507,0.015141156165953934
26608,0.0178104287491283,0.10230296401206197,0.8798866072388096
26609,0.09961889539328823,0.14391519129080343,0.7564659133159084
26610,0.29879593544137895,0.636606045301975,0.06459801925664596
26611,0.07680800863021474,0.2089322522633776,0.7142597391064077
26612,0.06316865327201661,0.31775870176685367,0.6190726449611298
26613,0.12217814638104134,0.17440712087126659,0.7034147327476922
26614,0.05882208221460535,0.08308220512730584,0.8580957126580888
26615,0.03515112007471937,0.15221845324361302,0.8126304266816677
26616,0.030227470365500966,0.0959949766851535,0.8737775529493456
26617,0.1736425052691764,0.16266425641364562,0.663693238317178
26618,0.15280343174699668,0.27501208743388683,0.5721844808191165
26619,0.1988857808054769,0.1653876143636948,0.6357266048308283
26620,0.2906980020684347,0.68493089526535,0.024371102666215307
26621,0.03555519475120084,0.09552346225696128,0.8689213429918379
26622,0.19561138321243446,0.36323197085809594,0.4411566459294696
26623,0.03817971394765802,0.5895500026932001,0.37227028335914175
26624,0.06584097720952686,0.19184798948237608,0.7423110333080971
26625,0.22861406404491552,0.19311517253354096,0.5782707634215436
26626,0.16278897285238197,0.0778434212116015,0.7593676059360165
26627,0.0715729509720149,0.12302655294510129,0.8054004960828838
26628,0.057222149139057876,0.26661127498162257,0.6761665758793195
26629,0.05245601400443166,0.05601312605713064,0.8915308599384376
26630,0.054972211516153974,0.16099725857257852,0.7840305299112675
26631,0.05388481988512391,0.051846325116766304,0.8942688549981097
26632,0.17805265888843946,0.13257034034739423,0.6893770007641662
26633,0.040254274589872616,0.24369231266355174,0.7160534127465756
26634,0.1137577827700813,0.04436310746004173,0.8418791097698771
26635,0.06655111501284149,0.23200776420682054,0.7014411207803379
26636,0.04101572651225814,0.20197723702372514,0.7570070364640168
26637,0.013622070101937434,0.0453057844265199,0.9410721454715427
26638,0.04200521584264358,0.5212912516231298,0.43670353253422645
26639,0.3413932668324938,0.3321078330525352,0.32649890011497085
26640,0.059454210738806454,0.11359329757520206,0.8269524916859914
26641,0.09453521312887915,0.678655600354609,0.22680918651651186
26642,0.0302661907508431,0.07265585523931975,0.8970779540098371
26643,0.05703138572586923,0.11560801805266473,0.8273605962214658
26644,0.032484812286539246,0.12822070109080552,0.8392944866226552
26645,0.09005509580064047,0.09907345732143066,0.8108714468779289
26646,0.4084905418674156,0.1697323289081325,0.4217771292244519
26647,0.10244585006206836,0.1372858150864382,0.7602683348514934
26648,0.08293792780430784,0.578432528717326,0.33862954347836616
26649,0.039341470554572336,0.1422609981320379,0.8183975313133897
26650,0.612937445097354,0.3204008619929724,0.06666169290967346
26651,0.3362992665031603,0.6327454615494481,0.030955271947391623
26652,0.312932721444007,0.1294633613761185,0.5576039171798745
26653,0.21839010505563602,0.144873267093746,0.6367366278506179
26654,0.14102335726178145,0.2693515450515564,0.5896250976866623
26655,0.10011705478315838,0.35405037965253044,0.5458325655643111
26656,0.09188635693042083,0.17037620899082861,0.7377374340787506
26657,0.0902002308336658,0.20991819501224082,0.6998815741540935
26658,0.05861764890877067,0.28370150068826905,0.6576808504029603
26659,0.12188000142250646,0.3438124285722219,0.5343075700052717
26660,0.053348702610868944,0.20700846093643782,0.7396428364526935
26661,0.10803933657807831,0.10826796576506467,0.783692697656857
26662,0.047292262979888575,0.1761167675455435,0.7765909694745681
26663,0.051088755738657274,0.0947023243990058,0.8542089198623368
26664,0.061100179849754875,0.14523810401574316,0.793661716134502
26665,0.17853774198778632,0.15429154494885217,0.6671707130633615
26666,0.021542684453179455,0.7442431467812475,0.2342141687655732
26667,0.039543197042515396,0.03805056514421495,0.9224062378132698
26668,0.1283033953536691,0.4428970125883179,0.428799592058013
26669,0.0639346941477471,0.2987037311434141,0.6373615747088388
26670,0.2758319125355358,0.3764773860926631,0.3476907013718012
26671,0.12648031172783566,0.0563482462771967,0.8171714419949676
26672,0.09163703682701947,0.0739136816374257,0.8344492815355549
26673,0.13522484495754458,0.14418399400377163,0.7205911610386839
26674,0.2728771368253472,0.11421503051095835,0.6129078326636945
26675,0.07875420268245754,0.11603103132609904,0.8052147659914434
26676,0.06849401155253519,0.12428828755600208,0.8072177008914626
26677,0.021209970151659405,0.08663881744833966,0.8921512124000011
26678,0.09225635720050876,0.28053745919630113,0.62720618360319
26679,0.21135747585331263,0.11313397155330965,0.6755085525933777
26680,0.04161162954271333,0.07247860718519035,0.8859097632720963
26681,0.022598347266022292,0.048441863379187836,0.9289597893547901
26682,0.06663714620539753,0.21276898730042243,0.72059386649418
26683,0.04876340050326154,0.3642431507052675,0.586993448791471
26684,0.04085121730365801,0.14399763068748628,0.8151511520088557
26685,0.13414384727996065,0.15427809140935078,0.7115780613106886
26686,0.041025775341269305,0.20043214681183058,0.7585420778469002
26687,0.13178763948603908,0.1173463343558553,0.7508660261581057
26688,0.313076657056926,0.48655309725794543,0.20037024568512857
26689,0.06911967370464232,0.1139576433453757,0.816922682949982
26690,0.05838943083798325,0.1513340428475746,0.7902765263144421
26691,0.025225546099395986,0.07472837340927106,0.900046080491333
26692,0.018952332598756574,0.3306160931270365,0.650431574274207
26693,0.15167684823104358,0.08978104013273393,0.7585421116362224
26694,0.6501490368829976,0.32252164885296125,0.027329314264041064
26695,0.06154469029045891,0.10746613870392827,0.8309891710056128
26696,0.11816011159639515,0.08092599360469535,0.8009138947989095
26697,0.029642445899973637,0.03928941512586728,0.9310681389741593
26698,0.04553751860261793,0.05964621885998611,0.894816262537396
26699,0.09086489917431019,0.360564791252715,0.5485703095729747
26700,0.05713664468141821,0.2791629871952214,0.6637003681233604
26701,0.12196260277835341,0.4288963108133175,0.449141086408329
26702,0.1692038969202603,0.37994958218497543,0.45084652089476435
26703,0.041682578524414586,0.19199053298675192,0.7663268884888333
26704,0.06714342771312404,0.10275062816437551,0.8301059441225006
26705,0.04138229783744337,0.06872535223632627,0.8898923499262301
26706,0.07215631590781282,0.1487260313578287,0.7791176527343584
26707,0.5638840298432811,0.04430916734466447,0.3918068028120544
26708,0.09196845507757383,0.13820035351988486,0.7698311914025412
26709,0.056523542271638104,0.047013512157322586,0.8964629455710393
26710,0.14310826148187947,0.16132595080507223,0.6955657877130481
26711,0.2053957871324754,0.10320089664396957,0.6914033162235552
26712,0.0950828690814846,0.12860338607823502,0.7763137448402804
26713,0.17386658404461516,0.3955007509058538,0.43063266504953107
26714,0.029082811057095478,0.0759183007966673,0.8949988881462372
26715,0.05431884251499434,0.27617479177074483,0.6695063657142608
26716,0.14130299367486673,0.46610793391841465,0.3925890724067186
26717,0.047643267082362876,0.23842998581577388,0.7139267471018633
26718,0.11896265696037557,0.19727698619844894,0.6837603568411754
26719,0.09771004184597541,0.15738777134742385,0.7449021868066007
26720,0.04509962928547479,0.21183728094571433,0.743063089768811
26721,0.064742254391441,0.36155016809599794,0.5737075775125611
26722,0.18626704440390113,0.11371459885873766,0.7000183567373612
26723,0.0827337631584842,0.22670371501841663,0.6905625218230992
26724,0.07441316361575571,0.33972847664870254,0.5858583597355417
26725,0.013961223058979429,0.3311137709074256,0.6549250060335948
26726,0.12499942614047005,0.48193264097738037,0.39306793288214964
26727,0.0195673996560669,0.06728624528849317,0.9131463550554398
26728,0.03395531194211955,0.06941067349741849,0.896634014560462
26729,0.06947794367491132,0.21499255966631886,0.7155294966587699
26730,0.10416438437934303,0.4267915543806833,0.4690440612399737
26731,0.04873346014776782,0.15895974475440006,0.7923067950978321
26732,0.1994253137047822,0.7934174844394328,0.007157201855785203
26733,0.048106470523005124,0.11075063524909004,0.8411428942279049
26734,0.045912585719279586,0.2931998101420592,0.6608876041386611
26735,0.07351399084896036,0.18880160461504833,0.7376844045359914
26736,0.04013299958539751,0.10554602543723544,0.8543209749773671
26737,0.10565141675913463,0.2151614034873068,0.6791871797535586
26738,0.04165258950262854,0.11768092064394767,0.8406664898534237
26739,0.37472274857807364,0.09383914505113916,0.5314381063707873
26740,0.057087128871389066,0.0587909834404708,0.8841218876881402
26741,0.1600143733276153,0.8205879703745397,0.01939765629784503
26742,0.02577518745261253,0.12350341722151373,0.8507213953258737
26743,0.14503241795580696,0.17842268106163098,0.6765449009825619
26744,0.12044863403984382,0.1698672394235482,0.709684126536608
26745,0.04759211855869894,0.131820272994523,0.8205876084467779
26746,0.14880668633936878,0.16092675985312183,0.6902665538075095
26747,0.10252668539211206,0.3954411522752618,0.5020321623326262
26748,0.22399611060631297,0.3802464665375237,0.39575742285616333
26749,0.07869282478551219,0.227812787799831,0.6934943874146567
26750,0.0730314465244189,0.1638248204475217,0.7631437330280593
26751,0.05976768378680324,0.2897167876745073,0.6505155285386895
26752,0.06772878278251848,0.591339438925936,0.34093177829154553
26753,0.10634468739758719,0.07228064879833909,0.8213746638040734
26754,0.0946376548693825,0.05159955070929966,0.8537627944213179
26755,0.0407155484088872,0.09559679443909319,0.8636876571520197
26756,0.05038955252842214,0.08945407805581497,0.8601563694157627
26757,0.14687260997961343,0.09793286416185573,0.7551945258585309
26758,0.06037501425777677,0.15242756106005861,0.7871974246821647
26759,0.06256995020221304,0.2920145748501816,0.6454154749476053
26760,0.0954208959801576,0.3393339037520885,0.565245200267754
26761,0.06185092688229758,0.07766575667453667,0.8604833164431659
26762,0.09224025052988959,0.1746841466598898,0.7330756028102207
26763,0.02757053791899726,0.11084837930408585,0.8615810827769169
26764,0.04701205764531692,0.1449877427222948,0.8080001996323884
26765,0.1027912931259539,0.11955289470420229,0.7776558121698438
26766,0.0833242962438961,0.3998335978968658,0.5168421058592381
26767,0.0995279919934015,0.2327607333883621,0.6677112746182364
26768,0.0528412260812013,0.9385314319448029,0.008627341973995926
26769,0.09646206566052223,0.24326671239586012,0.6602712219436178
26770,0.07416735750871392,0.20228322230455667,0.7235494201867294
26771,0.16939125724568777,0.802607653278227,0.0280010894760852
26772,0.5680849435919992,0.05118291730107073,0.38073213910692993
26773,0.09919903540510148,0.061172597410839795,0.8396283671840588
26774,0.025498410640963785,0.12984146700268429,0.8446601223563519
26775,0.0305786762471756,0.21071761110399542,0.758703712648829
26776,0.08327679229120805,0.1571373703640869,0.7595858373447051
26777,0.04776965401595149,0.0932508163069392,0.8589795296771091
26778,0.03698511745547251,0.08460221325948128,0.878412669285046
26779,0.098561302480084,0.1289085221309849,0.7725301753889311
26780,0.042585246172681876,0.19700304635591073,0.7604117074714076
26781,0.0809313163634989,0.20373419474450605,0.715334488891995
26782,0.041347061090395036,0.10561874368731262,0.8530341952222924
26783,0.16359085474539928,0.29549843123280944,0.5409107140217913
26784,0.08790870821326621,0.48011220645666797,0.43197908533006574
26785,0.06875483353064735,0.17987277335661492,0.7513723931127377
26786,0.5167824092336166,0.07733994944823544,0.4058776413181481
26787,0.03300669347075075,0.05253780414527852,0.9144555023839707
26788,0.14289318071190224,0.15119457994701288,0.705912239341085
26789,0.16467708167373712,0.24080254696329875,0.5945203713629643
26790,0.03731083691100782,0.09780079634445395,0.8648883667445383
26791,0.06207862374873596,0.07999719043156941,0.8579241858196945
26792,0.17566357013713846,0.12491064356707465,0.6994257862957869
26793,0.062281600718493195,0.12621339888230632,0.8115050003992005
26794,0.018375386190693174,0.1499085211101512,0.8317160926991557
26795,0.10204650033100003,0.2594203989649044,0.6385331007040954
26796,0.0462400358251918,0.9529300992931174,0.0008298648816905864
26797,0.06251008341902446,0.38496020319932145,0.552529713381654
26798,0.22465493759657518,0.1712443011618931,0.6041007612415318
26799,0.13143355452130717,0.13355143041972892,0.7350150150589639
26800,0.021808859176199163,0.9716932195826432,0.006497921241157768
26801,0.1780286326065553,0.3284467427829547,0.49352462461049
26802,0.07958769891679689,0.10755037581637092,0.8128619252668323
26803,0.08367561349449734,0.15353328996460486,0.7627910965408978
26804,0.061438916222682854,0.1534012770640522,0.7851598067132648
26805,0.012963388500939702,0.10344229701622697,0.8835943144828333
26806,0.049456609650912316,0.13420557475084544,0.8163378155982423
26807,0.11034480109227698,0.18115441607992425,0.7085007828277987
26808,0.047746785459408185,0.21351048608646847,0.7387427284541234
26809,0.10440756825007493,0.1932291756815569,0.7023632560683681
26810,0.030983028543528593,0.13931533672016227,0.8297016347363091
26811,0.03749268695314971,0.0516974329276684,0.9108098801191817
26812,0.05562950626489509,0.1283469505857381,0.8160235431493669
26813,0.06712664226051515,0.43642439210351924,0.4964489656359655
26814,0.11760908617082359,0.16099995284251326,0.7213909609866632
26815,0.055680210050306995,0.23908932938622593,0.7052304605634669
26816,0.04919815635734404,0.334272168224479,0.6165296754181768
26817,0.16504968803615375,0.05041362132513689,0.7845366906387093
26818,0.12351516968747377,0.09606719035855746,0.7804176399539687
26819,0.09225560844968173,0.18576692599535527,0.721977465554963
26820,0.11054131911019666,0.8823873089245786,0.007071371965224691
26821,0.08991009179889228,0.9042916093473967,0.005798298853711105
26822,0.08753804376456999,0.27752005236231897,0.634941903873111
26823,0.021374050157456335,0.0664945043781904,0.9121314454643531
26824,0.17925458619716575,0.09541336842565228,0.7253320453771821
26825,0.046258427020730936,0.06850853264884513,0.885233040330424
26826,0.06799140628044568,0.08385618630464475,0.8481524074149096
26827,0.08096255570290863,0.12164512070757337,0.797392323589518
26828,0.030112749023260606,0.1407474329801157,0.8291398179966236
26829,0.020306534070134424,0.11040287258369667,0.8692905933461686
26830,0.06103610463570705,0.14234647922915428,0.7966174161351387
26831,0.03725401414223559,0.06899856677161778,0.8937474190861466
26832,0.012143598518686525,0.014436191272535969,0.9734202102087776
26833,0.06442853856971245,0.08770355921449183,0.8478679022157958
26834,0.07643843363641609,0.15781794407521904,0.7657436222883649
26835,0.47426846037467507,0.12976664110914604,0.3959648985161789
26836,0.2098672334220056,0.38012731026156377,0.4100054563164306
26837,0.1343069847430673,0.03880972574213962,0.8268832895147932
26838,0.09457137641174077,0.32499919094177504,0.5804294326464842
26839,0.7136856586729512,0.05789723370829964,0.22841710761874923
26840,0.11545714051037527,0.33615805924307174,0.5483848002465531
26841,0.021764836708060602,0.04688074687575618,0.931354416416183
26842,0.059398557724696995,0.1775134007727107,0.7630880415025924
26843,0.15440155638353215,0.09519754102521819,0.7504009025912498
26844,0.22615925397484274,0.3276853353671523,0.44615541065800496
26845,0.540753749254737,0.02979763630833819,0.42944861443692484
26846,0.08278303923170438,0.09483570756195493,0.8223812532063407
26847,0.06451939233062368,0.24400956108181954,0.6914710465875568
26848,0.09778684572186638,0.06461364192090842,0.8375995123572252
26849,0.18822634175335498,0.09770436708389531,0.7140692911627495
26850,0.06221713371995573,0.32862616146466644,0.6091567048153779
26851,0.10885102799448311,0.19289372188582543,0.6982552501196916
26852,0.17623305157827424,0.5624820656521922,0.26128488276953354
26853,0.06669689361355578,0.1028434791246931,0.830459627261751
26854,0.05047228757270358,0.9429430641292499,0.006584648298046463
26855,0.1266653278064068,0.26795422625755166,0.6053804459360416
26856,0.1429581901824624,0.11452888900171512,0.7425129208158225
26857,0.13679543655553628,0.17198796026041824,0.6912166031840455
26858,0.05784930803814027,0.5505301407646201,0.3916205511972396
26859,0.06583421868639969,0.6129738071294628,0.3211919741841373
26860,0.09714262489444225,0.38906669908709224,0.5137906760184655
26861,0.13776316670287814,0.2175593491477672,0.6446774841493548
26862,0.10261672650767234,0.24968028028686018,0.6477029932054675
26863,0.04457919869729839,0.16628710915564582,0.7891336921470558
26864,0.031893044131415645,0.34909879129219534,0.619008164576389
26865,0.05875314765984151,0.06706999265258909,0.8741768596875694
26866,0.02101898501483216,0.08809109882469864,0.8908899161604692
26867,0.05283325450612568,0.05832118765542509,0.8888455578384492
26868,0.009220737710678429,0.0819813904044592,0.9087978718848624
26869,0.02876560459065604,0.008642922347660863,0.9625914730616832
26870,0.021716270255553748,0.8255422674470831,0.15274146229736327
26871,0.11293491975099607,0.13272259260676791,0.754342487642236
26872,0.08347049933485708,0.26732949615651347,0.6492000045086296
26873,0.12170111182156426,0.1631337102050976,0.7151651779733382
26874,0.12110033727925894,0.2524848048930407,0.6264148578277003
26875,0.07162599196609089,0.22268739517044384,0.7056866128634651
26876,0.059767117052193716,0.1298193436839537,0.8104135392638526
26877,0.0791834450722259,0.12118330431487513,0.7996332506128989
26878,0.1346768035077691,0.16005071096154502,0.7052724855306861
26879,0.13233185410334397,0.19225069443764553,0.6754174514590106
26880,0.18256429787307363,0.08292434450934733,0.734511357617579
26881,0.04169924320733098,0.22900175649083498,0.729299000301834
26882,0.2549675573184343,0.05608550928274025,0.6889469333988255
26883,0.03669473178541389,0.0524944908278339,0.910810777386752
26884,0.0712061087021038,0.2857319430796675,0.6430619482182287
26885,0.22500160881233872,0.1748298303770001,0.6001685608106613
26886,0.10279557694032201,0.11432913487493625,0.7828752881847417
26887,0.01727040364518918,0.114522207243657,0.8682073891111538
26888,0.14402790109642113,0.1548331534784334,0.7011389454251454
26889,0.07262734619965869,0.11791128336189155,0.8094613704384497
26890,0.026149719183084102,0.11051395035649655,0.8633363304604192
26891,0.06150340097789778,0.35815978439937635,0.5803368146227258
26892,0.1200947717267183,0.317744036860316,0.5621611914129658
26893,0.047133838789372204,0.13336140844779393,0.8195047527628337
26894,0.08458049820117514,0.07328533025108691,0.8421341715477381
26895,0.10631649265796018,0.2754710486778284,0.6182124586642115
26896,0.07740364598186499,0.3489308464824532,0.5736655075356818
26897,0.059495131945633266,0.17425381856259867,0.7662510494917678
26898,0.03632014349257911,0.06981981146803633,0.8938600450393845
26899,0.04697279943109099,0.18599756266829137,0.7670296379006175
26900,0.1181891282797561,0.2631793680650751,0.618631503655169
26901,0.05858783615134304,0.2848952757553272,0.6565168880933298
26902,0.04184731576167577,0.05598740712687956,0.9021652771114448
26903,0.09735059610079379,0.26472347323196216,0.637925930667244
26904,0.5188692442948301,0.4689579914212929,0.012172764283877143
26905,0.09171394163326019,0.30671343322713474,0.6015726251396051
26906,0.03251650493841759,0.06213583263826166,0.905347662423321
26907,0.10579793151413888,0.052532616122378334,0.8416694523634827
26908,0.04560641743977842,0.14819076513585341,0.8062028174243683
26909,0.03299923467006843,0.5088943875424711,0.45810637778746055
26910,0.10601714802261172,0.42136843571764426,0.472614416259744
26911,0.17324593070066358,0.25491472767948914,0.5718393416198473
26912,0.04657342229384734,0.10981924561664475,0.8436073320895081
26913,0.19263930998753617,0.17662265850418662,0.6307380315082772
26914,0.09756873461617341,0.24988891481195552,0.652542350571871
26915,0.1110249827302495,0.0980510527071997,0.7909239645625508
26916,0.07194592351544828,0.9250759451826611,0.0029781313018906077
26917,0.04348602914976726,0.13117279108202598,0.8253411797682068
26918,0.09255183524771646,0.14058006926539487,0.7668680954868887
26919,0.5563930212021533,0.09679431344687464,0.3468126653509721
26920,0.04484592559927772,0.39773823364998306,0.5574158407507392
26921,0.014876793317001317,0.7339754021072492,0.25114780457574937
26922,0.04920219758187394,0.486443460851604,0.4643543415665221
26923,0.057939726592329835,0.12012567297418576,0.8219346004334843
26924,0.07634299017528469,0.08838902648327698,0.8352679833414384
26925,0.08802178018119598,0.0476194689512274,0.8643587508675766
26926,0.08192101178059207,0.3582741894410041,0.5598047987784038
26927,0.049713964901693886,0.248553740672457,0.7017322944258491
26928,0.10614709131149848,0.8843349956664426,0.0095179130220588
26929,0.05900960770462766,0.17933115856945853,0.7616592337259139
26930,0.042137340971803626,0.4247111968831491,0.5331514621450473
26931,0.1934937379620907,0.8001855629877656,0.006320699050143709
26932,0.04486792601300761,0.6671785610438454,0.2879535129431469
26933,0.2960528675864137,0.13465593361060188,0.5692911988029844
26934,0.10930501503023224,0.12402106308006547,0.7666739218897022
26935,0.0669683802371335,0.15305259909376603,0.7799790206691004
26936,0.09007946072994935,0.054712514604665335,0.8552080246653854
26937,0.07621503020159928,0.23516197744186967,0.6886229923565311
26938,0.12549341541741013,0.8618131882130844,0.012693396369505554
26939,0.3439511600259728,0.6437961156509465,0.012252724323080572
26940,0.06467960091934744,0.07046086385798483,0.8648595352226677
26941,0.06735792647476856,0.1397028126894628,0.7929392608357687
26942,0.22516926689315994,0.23130531903257465,0.5435254140742654
26943,0.04707457273925542,0.2831869737781846,0.6697384534825599
26944,0.06787808307595114,0.09099664635766448,0.8411252705663845
26945,0.11353640731975904,0.3787121128874883,0.5077514797927527
26946,0.06369038854346473,0.11915279965407105,0.8171568118024641
26947,0.05943777536403278,0.40226077942557475,0.5383014452103926
26948,0.10317472517192522,0.29906685007492706,0.5977584247531478
26949,0.40048427501662215,0.1387154936581662,0.46080023132521153
26950,0.23642654515862577,0.22607197277503638,0.5375014820663379
26951,0.2631321109307666,0.3936317256655602,0.34323616340367313
26952,0.1241085422206975,0.34113271219141456,0.5347587455878879
26953,0.07303909402684064,0.02891707448781158,0.8980438314853478
26954,0.01575607610046096,0.06963691247409412,0.914607011425445
26955,0.04133909489751657,0.36381035217638324,0.5948505529261001
26956,0.18289577189317185,0.15012399212962926,0.6669802359771988
26957,0.5227107798561885,0.13396143614476289,0.3433277839990486
26958,0.17728164620052325,0.11831570749648762,0.7044026463029891
26959,0.06522884482540828,0.3407029008132056,0.5940682543613862
26960,0.18000371650507618,0.11706068933079548,0.7029355941641282
26961,0.08926058325535581,0.11150719683116742,0.7992322199134768
26962,0.030909086119109273,0.5234982389009384,0.44559267497995225
26963,0.15167684823104358,0.08978104013273393,0.7585421116362224
26964,0.08172310159089267,0.176860481503823,0.7414164169052844
26965,0.06824308611934574,0.3393126473355524,0.592444266545102
26966,0.07740364598186499,0.3489308464824532,0.5736655075356818
26967,0.0502562969387745,0.061090799043887915,0.8886529040173374
26968,0.09566311064165256,0.12411423506227051,0.7802226542960771
26969,0.03296958314106301,0.07713152531329216,0.8898988915456448
26970,0.13931347830792648,0.08506415476473755,0.775622366927336
26971,0.06112788880864287,0.2491573214889248,0.6897147897024323
26972,0.08845714913332318,0.21826259457838848,0.6932802562882883
26973,0.04780375211529927,0.1638689690461748,0.788327278838526
26974,0.06629995979280254,0.04043038715429436,0.8932696530529031
26975,0.09265075296794942,0.11913405599047694,0.7882151910415736
26976,0.20417152776380199,0.7717130580492143,0.024115414186983535
26977,0.06089590020569916,0.29117384938123164,0.6479302504130693
26978,0.03230312940436528,0.12206607245953231,0.8456307981361024
26979,0.044898851938725115,0.3227519950817469,0.6323491529795279
26980,0.07937674095482396,0.08561690406222008,0.8350063549829561
26981,0.12094096744867057,0.17332124984875316,0.7057377827025763
26982,0.03800408284249039,0.12155023935230126,0.8404456778052083
26983,0.10248731566453273,0.23687800399017972,0.6606346803452876
26984,0.06427265711613915,0.155882105670285,0.779845237213576
26985,0.1316228744601329,0.19610934857630266,0.6722677769635645
26986,0.06871237064647756,0.05170306768447688,0.8795845616690455
26987,0.15828410361071155,0.3640806751208526,0.4776352212684358
26988,0.12768180487892386,0.4060486659506216,0.4662695291704544
26989,0.04299604793771843,0.21153756584409147,0.7454663862181902
26990,0.11023622610223952,0.08642218733828805,0.8033415865594724
26991,0.05631436199406103,0.16764500991062137,0.7760406280953176
26992,0.10713486624275849,0.34761510303690535,0.5452500307203363
26993,0.05522991001398152,0.11721034593405527,0.8275597440519633
26994,0.09001931383479683,0.2074333371833421,0.7025473489818611
26995,0.05067263933227059,0.2987909618677072,0.6505363988000222
26996,0.03377315415871091,0.09074399643712955,0.8754828494041595
26997,0.260891829452913,0.3510795393974802,0.38802863114960673
26998,0.2267609548224416,0.10919469336088376,0.6640443518166746
26999,0.21326187301233215,0.1116945580039807,0.6750435689836872
27000,0.059240509820505806,0.5401609083752265,0.4005985818042678
27001,0.03260380028047761,0.2810530197827554,0.6863431799367667
27002,0.06385092308945307,0.2668607031486717,0.6692883737618752
27003,0.27377996447817304,0.11426832248127045,0.6119517130405565
27004,0.02379614047294191,0.24313548345273311,0.7330683760743248
27005,0.06224361698012514,0.2046327593257099,0.7331236236941648
27006,0.08664885404418286,0.11196278910215055,0.8013883568536666
27007,0.06929921684572121,0.6781979214328893,0.25250286172138936
27008,0.09519675489948135,0.16185855772814062,0.7429446873723781
27009,0.04106021037494882,0.22217958005324825,0.736760209571803
27010,0.03294106909674962,0.13145761622725696,0.8356013146759934
27011,0.14630025650627207,0.41291799619486047,0.4407817472988675
27012,0.04377696625844242,0.06049676348968921,0.8957262702518685
27013,0.3196969897652069,0.12420630057404933,0.5560967096607438
27014,0.06063070743152628,0.5679228749955251,0.3714464175729486
27015,0.0779806307796656,0.2901648870172915,0.631854482203043
27016,0.06588205416031342,0.09157394053227902,0.8425440053074076
27017,0.1059212637420599,0.21652858558183732,0.6775501506761027
27018,0.040756299054560303,0.14605659486099026,0.8131871060844494
27019,0.12522583409998353,0.11773783145633271,0.7570363344436838
27020,0.061561346521771206,0.31651626513336295,0.6219223883448658
27021,0.05730884522178444,0.2750577809166249,0.6676333738615907
27022,0.06647467594569016,0.12211710316904109,0.8114082208852686
27023,0.14802579036175104,0.32762881906572733,0.5243453905725217
27024,0.021471361529102527,0.15613986356504217,0.8223887749058553
27025,0.19514239830254118,0.11428105332424988,0.6905765483732088
27026,0.0526456229760622,0.13945315307374367,0.807901223950194
27027,0.13038132501729527,0.054709967639081425,0.8149087073436233
27028,0.179900821701964,0.16186983307786698,0.6582293452201691
27029,0.04309065277510468,0.1425048231483824,0.8144045240765129
27030,0.14504369975923576,0.45287164175098593,0.40208465848977837
27031,0.6546225833961841,0.12479633487524916,0.22058108172856677
27032,0.23320921003290326,0.09233012908470196,0.6744606608823948
27033,0.10317126734754158,0.07961083773311087,0.8172178949193476
27034,0.060660267137774476,0.07981734617758411,0.8595223866846415
27035,0.43320539194364016,0.1391955947720105,0.42759901328434935
27036,0.0754802303953678,0.05941063367071935,0.8651091359339128
27037,0.16421004416731547,0.2036453425213027,0.6321446133113818
27038,0.10324378694972003,0.07552506121972445,0.8212311518305556
27039,0.16203107419141713,0.14690846246924866,0.6910604633393341
27040,0.09983650851789132,0.13319204919715572,0.7669714422849528
27041,0.01730081987967367,0.028498996812469642,0.9542001833078567
27042,0.3939059323734889,0.5951400566927071,0.010954010933803982
27043,0.08775351705527917,0.12368213877557489,0.7885643441691459
27044,0.054155975729221845,0.10900695304963894,0.8368370712211392
27045,0.02962488267691991,0.12581355548859546,0.8445615618344846
27046,0.025273786632096576,0.0712080678550586,0.9035181455128447
27047,0.0947021172991643,0.41952904190760304,0.4857688407932327
27048,0.23254979246219049,0.765625247752576,0.0018249597852335988
27049,0.06975000122897922,0.4458628026476894,0.48438719612333136
27050,0.04115194338332173,0.17210483633301935,0.7867432202836588
27051,0.07496760598972158,0.221458795592921,0.7035735984173574
27052,0.03204218856990226,0.1056858657092652,0.8622719457208323
27053,0.04648075163578154,0.21652567739098394,0.7369935709732345
27054,0.08359715830564303,0.11499788944147536,0.8014049522528816
27055,0.12535540912351145,0.8665663721750947,0.008078218701394003
27056,0.2191463999901915,0.776017060662216,0.004836539347592663
27057,0.0148404789374869,0.2502302866489622,0.734929234413551
27058,0.1778915098154229,0.11828848132455697,0.70382000886002
27059,0.12158594170564974,0.08663431581323583,0.7917797424811143
27060,0.08425633692025897,0.18292974216936944,0.7328139209103716
27061,0.361637778367538,0.1072284741427117,0.5311337474897504
27062,0.10746790190115794,0.10302100793832923,0.7895110901605129
27063,0.05864452756302058,0.10514501397797929,0.8362104584590001
27064,0.02547331288765194,0.0449041463172768,0.9296225407950712
27065,0.05021675799519928,0.2756686953395171,0.6741145466652837
27066,0.05633938161646162,0.06367198277553238,0.879988635608006
27067,0.08607952451725266,0.18689541498238674,0.7270250605003606
27068,0.3407504845344294,0.06907015682348917,0.5901793586420815
27069,0.046956378754839004,0.09703212524877822,0.8560114959963828
27070,0.05899431624395644,0.04800479376058552,0.893000889995458
27071,0.04907653057025014,0.04291437268119351,0.9080090967485562
27072,0.08692835964391567,0.358782539860331,0.5542891004957534
27073,0.08323701746699062,0.16782423496441806,0.7489387475685911
27074,0.0878157975865081,0.39156539000803436,0.5206188124054575
