index,0,1,2
26457,0.07358271934534806,0.1917629631048749,0.7346543175497771
26458,0.2046523739004477,0.16928256138286138,0.626065064716691
26459,0.056102297222097725,0.06881843717451733,0.8750792656033851
26460,0.12887709515621038,0.13956404996931324,0.7315588548744765
26461,0.08012078528275546,0.3031255275214365,0.6167536871958081
26462,0.06110364610578822,0.17025090627966,0.7686454476145518
26463,0.3922456390732071,0.5998611429213683,0.007893218005424406
26464,0.16378525833309449,0.1434403759507761,0.6927743657161294
26465,0.018721441059874742,0.07984451106421991,0.9014340478759052
26466,0.03771475372793141,0.4238454121301473,0.5384398341419214
26467,0.14329264705870634,0.18563120248349063,0.6710761504578031
26468,0.06585645269437426,0.11222595949598577,0.8219175878096399
26469,0.4023633958376622,0.12339806027507767,0.4742385438872602
26470,0.13265674788546528,0.11811154420875344,0.7492317079057813
26471,0.060043876499459484,0.04804563479657937,0.8919104887039612
26472,0.10848279406632329,0.15347031904987973,0.7380468868837972
26473,0.0899137071662962,0.04865144242764904,0.8614348504060547
26474,0.24726141297062507,0.7507468945024297,0.0019916925269452316
26475,0.27460230044417006,0.25445890723098274,0.4709387923248472
26476,0.05334067021102382,0.12596704486231197,0.8206922849266642
26477,0.11581060425181329,0.19773921989258364,0.686450175855603
26478,0.02993100178635869,0.0826045780492334,0.887464420164408
26479,0.1129360188708312,0.17385684391905448,0.7132071372101143
26480,0.05336576313126715,0.13151711802601979,0.815117118842713
26481,0.05772263495011778,0.1889375138817681,0.753339851168114
26482,0.11837620416118187,0.07385636631815938,0.8077674295206588
26483,0.05178178308003924,0.0921671846868098,0.8560510322331508
26484,0.16953246024335572,0.14651592638458602,0.6839516133720582
26485,0.055152187041164515,0.05404005555713152,0.890807757401704
26486,0.08583057842587011,0.1970269152853366,0.7171425062887933
26487,0.09373279594914387,0.08111393759975309,0.825153266451103
26488,0.24569722144815326,0.7269515291811197,0.02735124937072707
26489,0.04668242471374238,0.2423025803440326,0.7110149949422251
26490,0.10380370625101266,0.2570203119942648,0.6391759817547225
26491,0.08575940872348839,0.11668221012216742,0.7975583811543442
26492,0.04908492787005607,0.1276554177917382,0.8232596543382056
26493,0.3716937028735915,0.6258590494992561,0.0024472476271524954
26494,0.21322957285031297,0.2866579240310359,0.5001125031186511
26495,0.033864300132659335,0.04539003394013689,0.920745665927204
26496,0.0704568344999689,0.3064676941804199,0.6230754713196112
26497,0.054077057772357266,0.7005337032756674,0.24538923895197526
26498,0.183572157980481,0.4227391365409524,0.3936887054785666
26499,0.09605889208320513,0.1579310055461337,0.7460101023706612
26500,0.09324254266286225,0.37694127560074153,0.5298161817363962
26501,0.15955062107158383,0.2355722541989868,0.6048771247294292
26502,0.02530449686301061,0.08038646050530295,0.8943090426316865
26503,0.1630224278531374,0.4147649171100375,0.4222126550368251
26504,0.07871460731632084,0.165882873184636,0.7554025194990431
26505,0.04175507161046761,0.048430059802699314,0.909814868586833
26506,0.04684946568984936,0.935274293765503,0.01787624054464771
26507,0.11885793147024695,0.8746628243585574,0.006479244171195517
26508,0.1046961234819097,0.505694097927202,0.38960977859088824
26509,0.12885998061417572,0.25630060588202447,0.6148394135037999
26510,0.07820493027830949,0.21435878852379672,0.7074362811978936
26511,0.0543858647446559,0.08339176706284669,0.8622223681924974
26512,0.07357574283193406,0.17102914154014087,0.755395115627925
26513,0.0646237209579178,0.20943935562162888,0.7259369234204532
26514,0.07429564613703014,0.08955073987153829,0.8361536139914314
26515,0.34792266161852187,0.05733920122928955,0.5947381371521885
26516,0.07479593069925375,0.23054586461035517,0.6946582046903911
26517,0.2598728481334362,0.734681505106017,0.0054456467605467915
26518,0.08325906016850243,0.0952835159108065,0.8214574239206912
26519,0.43811513438767574,0.08929133463743319,0.47259353097489115
26520,0.037683028763022305,0.844360243246092,0.11795672799088554
26521,0.06738002503907622,0.2209622621591004,0.7116577128018233
26522,0.11722985014666555,0.1628014533833134,0.719968696470021
26523,0.10245455415113568,0.2786897393037585,0.6188557065451058
26524,0.023676376765336005,0.13094630482901562,0.8453773184056482
26525,0.29794706324981723,0.18831046107782262,0.5137424756723602
26526,0.05162279900356959,0.1054764186571199,0.8429007823393107
26527,0.07050740933930455,0.11284599011969396,0.8166466005410016
26528,0.13956246811615694,0.8472520526264617,0.013185479257381469
26529,0.4141505426632986,0.06681820706412842,0.519031250272573
26530,0.029810925337487852,0.05692648691913141,0.9132625877433809
26531,0.057816087197756744,0.1343666205445412,0.8078172922577022
26532,0.24939871494629537,0.13802096310443096,0.6125803219492737
26533,0.04332346073821946,0.046688980831275505,0.9099875584305049
26534,0.052004309446456384,0.14319758906300056,0.8047981014905431
26535,0.05731323997951508,0.18423855188462318,0.7584482081358617
26536,0.06946949970043344,0.24044560132779996,0.6900848989717666
26537,0.07794934499873735,0.03205113021234745,0.8899995247889152
26538,0.03462373184404984,0.4399696098459161,0.5254066583100342
26539,0.06089648979877446,0.19128816557590553,0.7478153446253201
26540,0.08930569804213455,0.7406633682413053,0.17003093371656017
26541,0.0873936929254301,0.10128243508843919,0.8113238719861308
26542,0.03657486240993615,0.22098704194643554,0.7424380956436282
26543,0.0546886902882915,0.08224423442314857,0.86306707528856
26544,0.09758583770914911,0.21040867345146294,0.6920054888393881
26545,0.09127307952167231,0.1912362804866515,0.7174906399916761
26546,0.09832400916370627,0.2119032170742213,0.6897727737620724
26547,0.06410075184576504,0.08949553929406008,0.8464037088601749
26548,0.060483883071765145,0.061499084144178415,0.8780170327840565
26549,0.18377864155867693,0.8129603104660846,0.0032610479752385336
26550,0.08079279007133791,0.19255715969517964,0.7266500502334825
26551,0.043186356375240466,0.19109067296451965,0.76572297066024
26552,0.015240979538537527,0.19668542752777543,0.7880735929336871
26553,0.042637513944323024,0.10704429551059765,0.8503181905450793
26554,0.1352219615352724,0.32617398167814604,0.5386040567865815
26555,0.07903044532856428,0.09297796821763124,0.8279915864538047
26556,0.05866724006295054,0.154380924489808,0.7869518354472415
26557,0.05452561993101959,0.11387190514181054,0.83160247492717
26558,0.4078625423601469,0.10804550235425708,0.4840919552855959
26559,0.2713269216258603,0.14171281633198493,0.5869602620421548
26560,0.08101070601389249,0.19446707028145813,0.7245222237046494
26561,0.03373910122300697,0.18394129767152612,0.7823196011054669
26562,0.10158095439102219,0.07814198366654249,0.8202770619424352
26563,0.04627510538009326,0.1989095076391239,0.7548153869807828
26564,0.04719993584124021,0.2036614162340839,0.7491386479246759
26565,0.11126389691254318,0.3465534783029167,0.5421826247845399
26566,0.17950713206224764,0.1390811090871563,0.681411758850596
26567,0.019477081753469735,0.11165035886918323,0.8688725593773473
26568,0.4377759613626733,0.5505874404547444,0.01163659818258244
26569,0.047640584754425355,0.10616972933099274,0.8461896859145818
26570,0.14588683358949828,0.3590485131240197,0.4950646532864821
26571,0.03321928763417817,0.0692684173101338,0.8975122950556883
26572,0.0834962943268564,0.18806697061405345,0.7284367350590899
26573,0.04727482704908136,0.2142883802615291,0.7384367926893896
26574,0.18419860706708463,0.08749593434544543,0.7283054585874701
26575,0.09726904855695065,0.19535713108107564,0.7073738203619738
26576,0.16758496382824356,0.07834968119803735,0.7540653549737192
26577,0.057126272051588475,0.09138157078898121,0.8514921571594304
26578,0.1558818510105398,0.2463364790682886,0.5977816699211715
26579,0.09109703937347256,0.9072501511561285,0.0016528094703990076
26580,0.09890321132637944,0.10682067492191179,0.7942761137517089
26581,0.07468702820671388,0.1643010763986137,0.7610118953946723
26582,0.02306413286794413,0.07592101867481557,0.9010148484572403
26583,0.11181607423013867,0.12605327240825523,0.7621306533616061
26584,0.046444245588808504,0.1636704473484202,0.7898853070627714
26585,0.20767466784586663,0.36166712160490244,0.430658210549231
26586,0.34008068846561373,0.31753290577476584,0.34238640575962037
26587,0.22152379408797981,0.38236782067817016,0.39610838523385006
26588,0.04701874368663932,0.19126183164105706,0.7617194246723035
26589,0.09334832785577456,0.1328868926232447,0.7737647795209807
26590,0.053023121372903305,0.6152035203596857,0.33177335826741106
26591,0.27087032810935996,0.7195871307436178,0.009542541147022264
26592,0.38987091846717725,0.07700823329311748,0.5331208482397053
26593,0.09255063035215852,0.11796979989965696,0.7894795697481847
26594,0.29039480178019983,0.08394682252250847,0.6256583756972917
26595,0.02099031524959858,0.09857873433514777,0.8804309504152534
26596,0.08969036038958889,0.12886672085415843,0.7814429187562527
26597,0.10603981954743016,0.43035096244440557,0.46360921800816424
26598,0.11546354417588225,0.17158855865612702,0.7129478971679907
26599,0.0597637952735978,0.06568177664142273,0.8745544280849796
26600,0.03448275374384164,0.11371500704662234,0.8518022392095361
26601,0.10495868327583861,0.19040156797684807,0.7046397487473134
26602,0.1108151323850688,0.08977012729592322,0.799414740319008
26603,0.15058463095785435,0.11681953528468532,0.7325958337574604
26604,0.04054900934870204,0.09856907674474964,0.8608819139065482
26605,0.14323803280650718,0.19119504776610421,0.6655669194273888
26606,0.24304233172755632,0.18515104671076893,0.5718066215616748
26607,0.12143048509134494,0.8641434236877578,0.014426091220897146
26608,0.01651204266041561,0.10765253073388427,0.8758354266057001
26609,0.10245140830773733,0.14133522155341266,0.7562133701388499
26610,0.3187479608231049,0.6132481290243648,0.06800391015253045
26611,0.08033196221444412,0.2011235055275096,0.7185445322580463
26612,0.0658174956912761,0.32880828872870954,0.6053742155800143
26613,0.11314787404215527,0.17924005189039774,0.707612074067447
26614,0.054360961602696246,0.07368439023501937,0.8719546481622843
26615,0.032441625315448294,0.14808767044927953,0.8194707042352721
26616,0.02752078708678372,0.08985452688760194,0.8826246860256143
26617,0.15732680201762816,0.1617031851882353,0.6809700127941365
26618,0.15541823197445018,0.2751434480689142,0.5694383199566355
26619,0.19893780645619774,0.1733688805992972,0.6276933129445049
26620,0.28561089746218726,0.6903048883441573,0.02408421419365547
26621,0.035240717850050736,0.08795419809948249,0.8768050840504668
26622,0.18666738630152588,0.39132845288659784,0.4220041608118763
26623,0.03772382437110739,0.5849508412267961,0.37732533440209665
26624,0.0642868802531478,0.20180148453803462,0.7339116352088176
26625,0.23400541736408845,0.19315588358872451,0.572838699047187
26626,0.16726382876791004,0.0810315830841834,0.7517045881479064
26627,0.0740804365223761,0.12403785128600771,0.8018817121916162
26628,0.054736545812915934,0.2637084887960961,0.6815549653909879
26629,0.04942887946793864,0.06033316736714201,0.8902379531649193
26630,0.059716119659860095,0.16747951010871526,0.7728043702314247
26631,0.047599943561476336,0.048761183837263695,0.9036388726012601
26632,0.17561499832362346,0.13795051004419862,0.6864344916321777
26633,0.039714817054393906,0.24415469664300635,0.7161304863025998
26634,0.10593075364819561,0.04717875694980373,0.8468904894020006
26635,0.06277188619034496,0.2296626218875356,0.7075654919221196
26636,0.04119385772025668,0.20041010322437933,0.7583960390553639
26637,0.012047758304827747,0.04198216590519898,0.9459700757899733
26638,0.04183688543623428,0.536786567190969,0.42137654737279656
26639,0.3642400497503188,0.3221038297265764,0.3136561205231048
26640,0.05897226828979818,0.11269438891253475,0.828333342797667
26641,0.09378189707145589,0.6739734223373953,0.2322446805911489
26642,0.029305143488942267,0.07423814397638549,0.8964567125346724
26643,0.0533432529769172,0.11362120218734313,0.8330355448357397
26644,0.033218761710078176,0.13030582874325083,0.8364754095466711
26645,0.09046280383917275,0.09605776203200428,0.813479434128823
26646,0.4026470119144408,0.1695762331815609,0.4277767549039984
26647,0.10194045560898088,0.14028734264557785,0.7577722017454412
26648,0.07978325950910915,0.5828922198090195,0.3373245206818715
26649,0.039282504225128065,0.14089177024813482,0.8198257255267372
26650,0.6014631633400939,0.3361258248635066,0.06241101179639961
26651,0.3426057868362362,0.6301174434584665,0.027276769705297303
26652,0.31033800403889583,0.13333461282512757,0.5563273831359766
26653,0.22357345688414343,0.14918584435581703,0.6272406987600394
26654,0.14472008843964523,0.2685593596031921,0.5867205519571627
26655,0.09089957096883369,0.35967645964328043,0.5494239693878858
26656,0.10182684155868713,0.17321280508816275,0.72496035335315
26657,0.08890484093409898,0.20586868503376815,0.7052264740321328
26658,0.06035292341989839,0.2853724721430789,0.6542746044370226
26659,0.12127836012391931,0.3443976720457622,0.5343239678303182
26660,0.0518306144408346,0.19562472401225842,0.7525446615469069
26661,0.11178339647471526,0.1037385275392328,0.784478075986052
26662,0.044625889731255565,0.16200756792212043,0.793366542346624
26663,0.045244074584604714,0.09267423477054841,0.8620816906448467
26664,0.0616252028534201,0.14203062802928856,0.7963441691172914
26665,0.17941967087431981,0.1562829305716143,0.6642973985540658
26666,0.019160086520419062,0.7597498410224066,0.2210900724571743
26667,0.03866188555385611,0.0345526475760323,0.9267854668701115
26668,0.12513406143027955,0.459779377261599,0.4150865613081214
26669,0.06040875364686577,0.31179119530728505,0.6278000510458492
26670,0.2767452951426911,0.3741828376779776,0.34907186717933136
26671,0.1360237493457526,0.059808986216001614,0.8041672644382457
26672,0.0918460985719676,0.07133694703853094,0.8368169543895014
26673,0.13399515640018544,0.15473602280691695,0.7112688207928975
26674,0.2662749928067361,0.11588895082284259,0.6178360563704214
26675,0.06964051232041991,0.11222659189024357,0.8181328957893365
26676,0.06442920790765942,0.12255116320416344,0.8130196288881772
26677,0.01957835243678454,0.07968962121986532,0.9007320263433501
26678,0.08397644797262854,0.29951395715003054,0.6165095948773409
26679,0.21204792640408524,0.10254448086583635,0.6854075927300782
26680,0.04030207045738467,0.06935441170615245,0.8903435178364629
26681,0.019045870559948632,0.046950772310396974,0.9340033571296543
26682,0.06511327792078021,0.2038408268600122,0.7310458952192076
26683,0.05093744772170338,0.36999870259459017,0.5790638496837064
26684,0.04310764511552979,0.15090765966418873,0.8059846952202816
26685,0.13232198834984982,0.1479115929127071,0.7197664187374431
26686,0.03773257672691998,0.19449761674928143,0.7677698065237987
26687,0.13276511287669238,0.11753405637283472,0.7497008307504729
26688,0.3171950826141225,0.4869370468815338,0.19586787050434376
26689,0.06805810916271891,0.11013430757197153,0.8218075832653096
26690,0.05313235108999729,0.15076289384925462,0.7961047550607481
26691,0.02666809748089387,0.07667109071598723,0.896660811803119
26692,0.019490412078029574,0.3350134704258776,0.6454961174960928
26693,0.15073996658664016,0.09240889839480629,0.7568511350185536
26694,0.6492341875241275,0.32592424008973736,0.02484157238613522
26695,0.06440115886236071,0.10152455436811288,0.8340742867695263
26696,0.11884850280293942,0.08117769541775709,0.7999738017793037
26697,0.03209013059487645,0.038889803502958245,0.9290200659021655
26698,0.04443323137251597,0.06286646088127387,0.8927003077462101
26699,0.08368033184035004,0.35611995319589973,0.5601997149637501
26700,0.054063078915917794,0.2886023410878976,0.6573345799961845
26701,0.11114178177567366,0.4589746536481343,0.42988356457619203
26702,0.18212245146406866,0.36814372758201613,0.4497338209539152
26703,0.04404961856192002,0.19334149481580334,0.7626088866222767
26704,0.06711544011029394,0.10194377482496526,0.8309407850647408
26705,0.039271693251208634,0.07398383656471404,0.8867444701840773
26706,0.07143958501368611,0.14779070698631638,0.7807697079999976
26707,0.5602707349194543,0.04330430851146241,0.3964249565690832
26708,0.0969738271452029,0.1396706469259442,0.7633555259288529
26709,0.055122512943941306,0.050591185620687644,0.8942863014353709
26710,0.14109093031587874,0.1639867263224227,0.6949223433616986
26711,0.19467519305078357,0.10586756429732902,0.6994572426518874
26712,0.10763376390437401,0.12167985312821455,0.7706863829674114
26713,0.17436686511848337,0.36403479105034436,0.4615983438311722
26714,0.027919545576894557,0.0787117902122192,0.8933686642108861
26715,0.05112839881098022,0.2832035524261737,0.6656680487628462
26716,0.14064349770916218,0.47744295061348085,0.381913551677357
26717,0.04887251925682755,0.24112564624235686,0.7100018345008156
26718,0.12116287061200134,0.18737647865862886,0.6914606507293698
26719,0.09992006701053001,0.1622375245886562,0.7378424084008137
26720,0.044862495117926796,0.20410975874337203,0.7510277461387012
26721,0.060866784217977754,0.35841679596230247,0.5807164198197197
26722,0.1875493967782089,0.11672373787297792,0.6957268653488131
26723,0.07980564425039785,0.23451754915570983,0.6856768065938925
26724,0.07098521546205393,0.35237864876229696,0.5766361357756491
26725,0.014591255704821563,0.33764664252624066,0.6477621017689378
26726,0.1247613386597938,0.47642318974291203,0.3988154715972942
26727,0.020965006430434134,0.06926225609310113,0.9097727374764646
26728,0.03355664943445236,0.06655024067684812,0.8998931098886995
26729,0.07160621007678976,0.2259017037469104,0.7024920861762998
26730,0.10590445125568058,0.42758391229739134,0.4665116364469282
26731,0.04466912631510748,0.16430329040482172,0.7910275832800708
26732,0.19285031477886141,0.800692639500329,0.006457045720809726
26733,0.04606672481262308,0.11435267702929756,0.8395805981580794
26734,0.042655624661293794,0.30062737626609404,0.6567169990726123
26735,0.07441489568765845,0.19051265176261806,0.7350724525497233
26736,0.03633463162174763,0.10214871733685822,0.8615166510413944
26737,0.11056800461674718,0.21145673971209608,0.6779752556711568
26738,0.03786461239322626,0.11580155007531319,0.8463338375314605
26739,0.38164884762902346,0.09369930952063013,0.5246518428503465
26740,0.058240040545115355,0.05957373738206487,0.8821862220728197
26741,0.15305968717187443,0.8291057485728766,0.01783456425524895
26742,0.023903869289697524,0.1217380208090557,0.8543581099012467
26743,0.14538680229735687,0.1761301505217561,0.678483047180887
26744,0.11918256258647876,0.16135160125013542,0.7194658361633858
26745,0.0491507844131117,0.1329093504116709,0.8179398651752174
26746,0.14982768675353694,0.1585531982960047,0.6916191149504584
26747,0.1043983803497953,0.39827977952912463,0.49732184012108
26748,0.21971533289613723,0.38664697580580604,0.3936376912980568
26749,0.07881051009196068,0.23722004332101862,0.683969446587021
26750,0.0757960139260077,0.15452468101485742,0.769679305059135
26751,0.05470916850555905,0.27574635154899974,0.6695444799454412
26752,0.06232320561719437,0.5999648798641107,0.33771191451869503
26753,0.10846693248370085,0.07139012733314969,0.8201429401831495
26754,0.09885385446220049,0.052817480276856225,0.8483286652609433
26755,0.0397982107099697,0.08903892179171131,0.871162867498319
26756,0.048540210724902576,0.08918176061087073,0.8622780286642268
26757,0.15067950466069896,0.10228429462451032,0.7470362007147906
26758,0.06109799169164528,0.14473155796544618,0.7941704503429086
26759,0.05809444342261474,0.28039029382200054,0.6615152627553847
26760,0.09763326491464444,0.33803570632217306,0.5643310287631825
26761,0.06351730539153302,0.0756939133801104,0.8607887812283564
26762,0.08513540889065904,0.1690381162318138,0.7458264748775272
26763,0.026707641999572877,0.10308301123265498,0.8702093467677722
26764,0.043271997300741015,0.1509286502388157,0.8057993524604432
26765,0.09565661493825332,0.1068077850218691,0.7975356000398776
26766,0.07737929464472168,0.39564374289308424,0.5269769624621942
26767,0.10082128698338479,0.2301455467053906,0.6690331663112247
26768,0.05163541472516058,0.9402415653380753,0.008123019936764054
26769,0.09249173632597438,0.25412302562239747,0.6533852380516281
26770,0.07415606314707739,0.21180943318499443,0.7140345036679282
26771,0.17381095641538497,0.8000098212157105,0.02617922236890431
26772,0.5827639045782873,0.048630497901299356,0.36860559752041333
26773,0.09128747611819601,0.06199629450202833,0.8467162293797756
26774,0.02461652157337925,0.1262673350432744,0.8491161433833463
26775,0.029637601588973043,0.21074633297294598,0.759616065438081
26776,0.08006946860471793,0.15910333815147987,0.7608271932438021
26777,0.049555695000376,0.1036111314982783,0.8468331735013457
26778,0.03469125154846308,0.07786390022863585,0.8874448482229013
26779,0.09764098624490435,0.13317490668430035,0.7691841070707952
26780,0.04162665027415808,0.19835763361995085,0.7600157161058909
26781,0.08690536833769774,0.20993821087499628,0.7031564207873059
26782,0.03922039157228292,0.1071787416764696,0.8536008667512475
26783,0.15880837631284386,0.2986819689209889,0.5425096547661672
26784,0.08896498878124973,0.4601209228593596,0.4509140883593908
26785,0.06659047123868009,0.18475467617117644,0.7486548525901433
26786,0.5451680945340723,0.07062284188087002,0.38420906358505763
26787,0.03183331051242748,0.05010398119534597,0.9180627082922267
26788,0.15338440615621157,0.14578722648731893,0.7008283673564695
26789,0.16282187708934312,0.24150821407975262,0.5956699088309042
26790,0.036083210376637934,0.09028723784404301,0.8736295517793189
26791,0.06321935892146995,0.07530504394574393,0.8614755971327861
26792,0.17552154507897114,0.11698375308510424,0.7074947018359247
26793,0.06573608629989769,0.1313950847543878,0.8028688289457145
26794,0.01814569743811489,0.14710970233209306,0.8347446002297919
26795,0.10077970071704674,0.2605600797082258,0.6386602195747274
26796,0.0480125057439223,0.9511793293073182,0.0008081649487594117
26797,0.06061808252019767,0.3957281763501337,0.5436537411296687
26798,0.21524778601110653,0.1830007996925558,0.6017514142963376
26799,0.12964785107483354,0.1364037549642978,0.7339483939608688
26800,0.02173129809119904,0.9721867021713572,0.006081999737443669
26801,0.18209759295410227,0.3370645692435748,0.4808378378023229
26802,0.08151261210500867,0.09986488565343923,0.8186225022415521
26803,0.08486446369336495,0.16256648441791785,0.7525690518887171
26804,0.0592904915626366,0.1501212201387937,0.7905882882985696
26805,0.014222513453451565,0.08999547613678228,0.895782010409766
26806,0.05518644319189794,0.14015365838398638,0.8046598984241157
26807,0.10800206512243563,0.18816190388746712,0.7038360309900973
26808,0.04890288526768361,0.2213029528525978,0.7297941618797186
26809,0.10242557365908604,0.18486300632927782,0.7127114200116362
26810,0.030480983928778,0.12343162591371908,0.846087390157503
26811,0.03557183070425924,0.05167254261174145,0.9127556266839992
26812,0.05253328258307285,0.12714034932051427,0.820326368096413
26813,0.06951809341401939,0.4161493021820869,0.5143326044038937
26814,0.11610306449804411,0.1641827349118671,0.7197142005900886
26815,0.054513051331803446,0.219977052792324,0.7255098958758726
26816,0.05004560135694444,0.34839805330437307,0.6015563453386825
26817,0.174125169597534,0.049917105093154696,0.7759577253093113
26818,0.13008290910417916,0.09409442525945597,0.7758226656363647
26819,0.09018509352044886,0.18333694581163934,0.726477960667912
26820,0.10126230611414218,0.8912000085690531,0.00753768531680473
26821,0.09233422094851432,0.901881715981119,0.005784063070366874
26822,0.08997760932927415,0.27734061269545923,0.6326817779752665
26823,0.02174138070119534,0.060686622752822425,0.9175719965459822
26824,0.16807149914491998,0.09417825194290665,0.7377502489121733
26825,0.04773451468975899,0.06921023244497208,0.8830552528652689
26826,0.06277574322870327,0.07952433747523933,0.8576999192960574
26827,0.07958503684470397,0.1179110793057966,0.8025038838494993
26828,0.03210165014873089,0.13439712908076248,0.8335012207705065
26829,0.02107821464744283,0.10156664433404622,0.877355141018511
26830,0.06370585000412293,0.14905893869478173,0.7872352113010954
26831,0.03732295600175338,0.07126350815696814,0.8914135358412785
26832,0.011464924991461437,0.01424090953659687,0.9742941654719417
26833,0.06434750708822852,0.08220648869488903,0.8534460042168824
26834,0.0767213437630854,0.15733243147502038,0.7659462247618942
26835,0.4779416101920983,0.12487484611661849,0.39718354369128306
26836,0.21309583700071977,0.38459416122178974,0.4023100017774905
26837,0.14069680745746554,0.03853328859835374,0.8207699039441806
26838,0.09033700055237878,0.3303118211049979,0.5793511783426233
26839,0.7133511463587687,0.05750893024626545,0.22913992339496564
26840,0.11559895521032276,0.33029585373580794,0.5541051910538692
26841,0.022265324419128926,0.04864461940053974,0.9290900561803314
26842,0.06022231782791344,0.17712233034918184,0.7626553518229048
26843,0.15594129067708998,0.09208479000352075,0.7519739193193893
26844,0.22173091962626892,0.33288927366587745,0.44537980670785354
26845,0.5631237139652279,0.029126316983796478,0.4077499690509757
26846,0.07926355234008366,0.09376117060850069,0.8269752770514155
26847,0.05883958826142317,0.23588965848410384,0.705270753254473
26848,0.10560978799839275,0.06649135402096508,0.8278988579806423
26849,0.18143100498477643,0.09212144708660784,0.7264475479286159
26850,0.06166786843703188,0.3359766492709932,0.602355482291975
26851,0.11348855480777832,0.2056629999339328,0.6808484452582891
26852,0.17652093880436726,0.5757431157178864,0.2477359454777464
26853,0.06631307978353093,0.10317244301465317,0.8305144772018159
26854,0.04194645803555724,0.951918339546515,0.006135202417927861
26855,0.13374015736259579,0.2689036105135526,0.5973562321238517
26856,0.14006530901320072,0.10959577413403218,0.7503389168527671
26857,0.13984997344686184,0.1713259455103587,0.6888240810427795
26858,0.05199246918399704,0.5607828560164747,0.38722467479952827
26859,0.06861399395381551,0.6107030706428412,0.32068293540334325
26860,0.09611829583600034,0.4099420804871626,0.49393962367683714
26861,0.1366913923303786,0.22574219531141596,0.6375664123582054
26862,0.10452125138453298,0.2522427751308763,0.6432359734845907
26863,0.046674043977602636,0.16729141300206546,0.7860345430203318
26864,0.027376822548036674,0.33332380739714573,0.6392993700548175
26865,0.05988461543718742,0.07543637467572326,0.8646790098870893
26866,0.020473387343073034,0.08735405176739143,0.8921725608895354
26867,0.05252782029088169,0.05816844810947155,0.8893037315996467
26868,0.009376530389210885,0.09000319439692424,0.9006202752138649
26869,0.031298619884111055,0.010059678732981943,0.9586417013829072
26870,0.02072485195968148,0.8266819738677714,0.15259317417254709
26871,0.11411232315062808,0.12755092732982656,0.7583367495195453
26872,0.08867695997294067,0.25956909664529715,0.6517539433817622
26873,0.12524602594067477,0.16833109250543188,0.7064228815538933
26874,0.12473083122527624,0.24994037025584154,0.6253287985188823
26875,0.07091650745830365,0.2222652678977976,0.7068182246438987
26876,0.05895840456026603,0.12908984646836222,0.811951748971372
26877,0.07588616207350359,0.12064994956938759,0.8034638883571089
26878,0.12218662373831907,0.13484819651126456,0.7429651797504163
26879,0.13193343677366992,0.19919844258527777,0.6688681206410523
26880,0.18446959996956877,0.0858838337749153,0.7296465662555159
26881,0.04197209736205858,0.22138612913005887,0.7366417735078826
26882,0.25417331238945473,0.052424617482437146,0.6934020701281083
26883,0.036038672401686275,0.05273337996712663,0.911227947631187
26884,0.06504496323480836,0.2928779735981651,0.6420770631670265
26885,0.22336531255101796,0.16590987464121126,0.6107248128077709
26886,0.09552942199133378,0.120881344333687,0.7835892336749791
26887,0.018464535089096946,0.11497101557258096,0.8665644493383221
26888,0.14810678914210731,0.15989045935319846,0.6920027515046941
26889,0.06582884674195148,0.11534581085183193,0.8188253424062167
26890,0.02565375084998211,0.10657518898167097,0.8677710601683469
26891,0.06198229839711312,0.3688163149049496,0.5692013866979373
26892,0.12087852308569005,0.32983998057525526,0.5492814963390547
26893,0.04319401399431462,0.1239684104457108,0.8328375755599746
26894,0.08235773017082937,0.07209473682201385,0.8455475330071568
26895,0.10935698558427893,0.28172723252020304,0.6089157818955181
26896,0.08050441631827145,0.32519391862330327,0.5943016650584253
26897,0.0565451909664495,0.18706445477067776,0.7563903542628728
26898,0.03524986924277219,0.06468645793375177,0.900063672823476
26899,0.04477394349558814,0.1867001140164293,0.7685259424879827
26900,0.1168265135609832,0.2542677667211051,0.6289057197179116
26901,0.05695907451211288,0.2871193900159181,0.655921535471969
26902,0.042643520679519833,0.05496123347259436,0.902395245847886
26903,0.09612391489486678,0.2640764014895629,0.6397996836155702
26904,0.5310084471805795,0.45734178242936174,0.011649770390058784
26905,0.09502429721177653,0.28490344212939617,0.6200722606588271
26906,0.029368474143481857,0.05754612792598121,0.9130853979305368
26907,0.10476802322265252,0.04844010323904635,0.8467918735383012
26908,0.04607748849997176,0.1506759617125043,0.8032465497875239
26909,0.032954313383637766,0.5183252641050564,0.44872042251130567
26910,0.10519331475456203,0.41155242328312475,0.4832542619623133
26911,0.1627824812584961,0.2544345841482864,0.5827829345932175
26912,0.044330691460105084,0.10160271138398204,0.8540665971559128
26913,0.19111845638515373,0.1744051196248699,0.6344764239899764
26914,0.09627056346642049,0.24977958250268045,0.653949854030899
26915,0.11030635132276373,0.08862775493917739,0.8010658937380589
26916,0.06819933665055418,0.9290882778806185,0.0027123854688272703
26917,0.04426606264226784,0.12655719498118173,0.8291767423765504
26918,0.09303284406345365,0.13677512541746184,0.7701920305190845
26919,0.5423118266682803,0.1047745848726819,0.35291358845903786
26920,0.0467006474716846,0.38824288257526174,0.5650564699530538
26921,0.01609040979754687,0.732051713879118,0.251857876323335
26922,0.045412687184298285,0.4876219510319631,0.4669653617837387
26923,0.06026239728128638,0.1242103618943199,0.8155272408243939
26924,0.07562300652021779,0.0845517740889561,0.8398252193908262
26925,0.0867215750537285,0.045560980411450056,0.8677174445348215
26926,0.07929101187118773,0.353814130037653,0.5668948580911594
26927,0.05138637094412847,0.221794457942552,0.7268191711133195
26928,0.10823745211231704,0.8826974789838417,0.009065068903841272
26929,0.06040136030522206,0.19100774142048846,0.7485908982742894
26930,0.04172628252844887,0.43084116004427814,0.527432557427273
26931,0.20236149636936773,0.7919770084933269,0.005661495137305424
26932,0.04590631326532668,0.683224515569319,0.27086917116535447
26933,0.3003985440743834,0.13501916317066823,0.5645822927549484
26934,0.11896398608199524,0.11584798228965983,0.7651880316283449
26935,0.06696614271669375,0.1455498269589213,0.787484030324385
26936,0.08645894986450474,0.055679520091106036,0.8578615300443893
26937,0.0782262745163283,0.23248925421516678,0.689284471268505
26938,0.1372349709110447,0.8503686948927542,0.012396334196201337
26939,0.3587531880329767,0.6296551373293976,0.01159167463762568
26940,0.06290709104541284,0.06997517778259278,0.8671177311719944
26941,0.07215454896699765,0.14102727010097194,0.7868181809320305
26942,0.22425488739957947,0.2308297197423578,0.5449153928580627
26943,0.04599595932287745,0.29333113922688114,0.6606729014502413
26944,0.06770758143498821,0.08576955649259756,0.8465228620724142
26945,0.10981633237230506,0.3966279146942328,0.49355575293346216
26946,0.06325880234252718,0.11358821886061307,0.8231529787968597
26947,0.060598697548702805,0.40213400373166647,0.5372672987196306
26948,0.10367198521780466,0.299604641061835,0.5967233737203604
26949,0.3949337393279551,0.13591447713717938,0.4691517835348655
26950,0.2442668776278275,0.22677281415558348,0.528960308216589
26951,0.25639995827444095,0.37829534958863437,0.36530469213692457
26952,0.12482236862757436,0.3253686377586582,0.5498089936137673
26953,0.06825857420294991,0.0270125960295459,0.9047288297675044
26954,0.015861240741112052,0.07831646009290812,0.9058222991659798
26955,0.03984436692203842,0.3771241261713369,0.5830315069066248
26956,0.18575309352644576,0.15286193824373712,0.6613849682298171
26957,0.5292193431463518,0.13386696340471818,0.33691369344892996
26958,0.1824901090906802,0.12193661750805154,0.6955732734012682
26959,0.0627731808149625,0.3384915856453875,0.59873523353965
26960,0.18435139982158052,0.11670051605217023,0.6989480841262492
26961,0.08563066210179815,0.107960971854268,0.8064083660439338
26962,0.03233976414768508,0.5362980645141942,0.43136217133812077
26963,0.15073996658664016,0.09240889839480629,0.7568511350185536
26964,0.07312071089611889,0.18658860265320118,0.7402906864506799
26965,0.06650473774801537,0.34152562121682173,0.5919696410351629
26966,0.08050441631827145,0.32519391862330327,0.5943016650584253
26967,0.04664042628718706,0.05524201079270374,0.8981175629201092
26968,0.09245342144976552,0.12032192116868061,0.787224657381554
26969,0.031668639941263725,0.07917230263544058,0.8891590574232956
26970,0.13604772645896554,0.08742070730585016,0.7765315662351843
26971,0.06146963734442081,0.23680285042238652,0.7017275122331925
26972,0.08888987803319387,0.22014767352214096,0.690962448444665
26973,0.04658067753597587,0.14997029452104285,0.8034490279429812
26974,0.06629023128106244,0.03621043657386495,0.8974993321450725
26975,0.0844103077700889,0.12979294722871557,0.7857967450011956
26976,0.18370697218975035,0.7922366244006753,0.024056403409574437
26977,0.06053324576396194,0.28066824941707386,0.6587985048189642
26978,0.030947596467823267,0.12152599876868493,0.8475264047634917
26979,0.04570461145927447,0.3173625182802421,0.6369328702604834
26980,0.08067995762148733,0.08080053875242,0.8385195036260927
26981,0.12012323809748397,0.1660880482667982,0.7137887136357178
26982,0.03919757826687699,0.11790887682556875,0.8428935449075541
26983,0.10703314160569034,0.24327121687121586,0.6496956415230939
26984,0.07038142035704514,0.15997340652386835,0.7696451731190864
26985,0.123934760781593,0.1987642111940528,0.6773010280243542
26986,0.06957737253210042,0.05364671644056083,0.8767759110273389
26987,0.15574532658607107,0.36809537154224753,0.4761593018716815
26988,0.12656080592236446,0.40744125733025977,0.4659979367473758
26989,0.04280815188668441,0.20834163700075972,0.7488502111125558
26990,0.10560393406455124,0.08506241936566787,0.809333646569781
26991,0.053616573408031526,0.178256035195198,0.7681273913967704
26992,0.10682819287843376,0.3511155641178856,0.5420562430036807
26993,0.053475508371006876,0.1188658818955159,0.8276586097334772
26994,0.09362624078024033,0.20246530314185918,0.7039084560779005
26995,0.051049256824745294,0.29372307610610954,0.6552276670691449
26996,0.0340125770696548,0.09011871706401793,0.8758687058663271
26997,0.24694820228172415,0.34860684202595243,0.4044449556923234
26998,0.2178772222884886,0.10839015455785729,0.6737326231536541
26999,0.21952242208839728,0.11216536934572012,0.6683122085658827
27000,0.05416984701194589,0.5255567510243879,0.42027340196366614
27001,0.035388384622156197,0.2840186243425655,0.6805929910352783
27002,0.05774008244311294,0.26371568680400326,0.6785442307528838
27003,0.25800446850305575,0.12078810943053127,0.6212074220664129
27004,0.02537314728990778,0.24905134391352593,0.7255755087965662
27005,0.061426087163784025,0.20044044664848013,0.7381334661877358
27006,0.08746936297408009,0.10882358830182935,0.8037070487240907
27007,0.06767280781842143,0.6880128359561319,0.24431435622544667
27008,0.09333308965388644,0.16331356870170938,0.743353341644404
27009,0.03910587436725101,0.21982270952417268,0.7410714161085765
27010,0.030395198900271005,0.12801443426727882,0.8415903668324501
27011,0.15238431554269039,0.40876031873394386,0.4388553657233657
27012,0.04407357803047311,0.06376037271611158,0.8921660492534152
27013,0.30200402564122597,0.11483717731450835,0.5831587970442658
27014,0.058459793693007495,0.5693080588142791,0.3722321474927134
27015,0.07909619704660462,0.29114571700993946,0.6297580859434561
27016,0.06804392108124378,0.09317308706068103,0.8387829918580753
27017,0.10742441249431818,0.2110556924735438,0.6815198950321382
27018,0.04125354411881421,0.14375447900690316,0.8149919768742826
27019,0.11870650894911967,0.12297112372850735,0.758322367322373
27020,0.06152763925845254,0.3138791412113484,0.6245932195301991
27021,0.05743535419332689,0.2728850026849416,0.6696796431217316
27022,0.06322181477332392,0.11450808349453313,0.8222701017321429
27023,0.14685762317178006,0.3330811198313731,0.5200612569968468
27024,0.020374351394008595,0.15630259847522654,0.8233230501307648
27025,0.20445723217606382,0.10388903248826536,0.6916537353356708
27026,0.052412516933045945,0.13837824300618265,0.8092092400607716
27027,0.1263760002306001,0.053955298803304054,0.8196687009660958
27028,0.17839231749224896,0.1636955321782951,0.6579121503294558
27029,0.03970162840690347,0.14732486565547992,0.8129735059376166
27030,0.14601054853850381,0.45759968165888176,0.3963897698026145
27031,0.6684745165163534,0.11354782796563043,0.21797765551801612
27032,0.23306086977098162,0.09103920257942887,0.6758999276495895
27033,0.10145521681160512,0.08032906490625401,0.8182157182821409
27034,0.06365883251603195,0.07434613516982606,0.8619950323141418
27035,0.43940119388365806,0.1345252296988696,0.42607357641747245
27036,0.07539824554376297,0.05698101254894053,0.8676207419072968
27037,0.15943602084497946,0.1981955901224799,0.6423683890325407
27038,0.10093256136533012,0.08432390843426422,0.8147435302004058
27039,0.1583628925030733,0.1398097745294498,0.7018273329674769
27040,0.09759201268731955,0.12966516413520435,0.772742823177476
27041,0.01723649271285925,0.026178722386739715,0.9565847849004012
27042,0.40044712114123876,0.5884388740999352,0.01111400475882604
27043,0.08569584273656734,0.1301439893114888,0.7841601679519439
27044,0.05774875161762236,0.10399507387031895,0.8382561745120587
27045,0.028982847302759844,0.1302029731696258,0.8408141795276143
27046,0.023539076771070398,0.07249576837450114,0.9039651548544285
27047,0.08567668939255807,0.42891539353573727,0.4854079170717046
27048,0.224517909869821,0.7736183626975658,0.001863727432613186
27049,0.06768523602577917,0.4465697854211934,0.4857449785530274
27050,0.04194963857398184,0.1812449699409246,0.7768053914850934
27051,0.07889093140092528,0.2234825924552222,0.6976264761438524
27052,0.030841441841467556,0.10162676173225045,0.8675317964262821
27053,0.04592647214331117,0.21711956798181362,0.7369539598748751
27054,0.08398484848523964,0.11920265112787164,0.7968125003868887
27055,0.1183597643858741,0.8739213720388433,0.00771886357528247
27056,0.21800278161560763,0.7775406239624923,0.004456594421900062
27057,0.01390334352257733,0.2641746383731577,0.721922018104265
27058,0.1828091799000269,0.11579973296618708,0.701391087133786
27059,0.11852210343128369,0.09052488993124178,0.7909530066374747
27060,0.0767408478216386,0.1737488588378636,0.7495102933404976
27061,0.37065220457095754,0.10476722394870942,0.524580571480333
27062,0.1029319120441059,0.1082731063412469,0.7887949816146472
27063,0.05978563109629295,0.1128103688916229,0.8274040000120841
27064,0.02840914263591155,0.04285254774970845,0.9287383096143799
27065,0.04371505545880552,0.27274819064847067,0.6835367538927238
27066,0.05267107100669677,0.060527416844639546,0.8868015121486637
27067,0.0878511075709046,0.18846277672196537,0.7236861157071299
27068,0.35834578785072624,0.06450734631919923,0.5771468658300745
27069,0.0433221854271566,0.09331973285082087,0.8633580817220226
27070,0.05798690243181196,0.0454512697590479,0.8965618278091403
27071,0.04542578103234488,0.03773549491182257,0.9168387240558324
27072,0.08320051777413819,0.35947291799773395,0.5573265642281278
27073,0.08457031214874414,0.16061489816280267,0.7548147896884532
27074,0.09023393467063498,0.3874543040132784,0.5223117613160867
