index,0,1,2
26457,0.07509748505004846,0.16992364113550504,0.7549788738144464
26458,0.21938051441702788,0.17613930766115024,0.6044801779218218
26459,0.05768037372904472,0.0760535318815434,0.8662660943894118
26460,0.12810443054186677,0.13956598875133586,0.7323295807067972
26461,0.07838843211903007,0.2924726278945594,0.6291389399864105
26462,0.05893116700915304,0.1693716879851559,0.7716971450056911
26463,0.37712151977463626,0.6147330714173319,0.008145408808031942
26464,0.1597606892670459,0.14536692131922777,0.6948723894137264
26465,0.02072286535264559,0.082089184529226,0.8971879501181286
26466,0.04023880324232852,0.4365644106973138,0.5231967860603576
26467,0.14561608567670523,0.18552119331589917,0.6688627210073956
26468,0.06536597808471717,0.10692387044720492,0.8277101514680778
26469,0.38973954380022224,0.13429202112378133,0.4759684350759965
26470,0.12680183013891058,0.11582396963608152,0.7573742002250079
26471,0.06651483601320882,0.04557027610786054,0.8879148878789306
26472,0.11520688808953561,0.16430951770928218,0.7204835942011821
26473,0.08921981069143466,0.04744677458854276,0.8633334147200227
26474,0.25582820805620266,0.7421273110935364,0.0020444808502611883
26475,0.26583919484354673,0.26326024382619784,0.4709005613302555
26476,0.04783754493791029,0.11793542360312549,0.8342270314589642
26477,0.11552874538626665,0.18292733040741158,0.7015439242063218
26478,0.028020634371809214,0.08492169916894424,0.8870576664592466
26479,0.11099126041455165,0.1806697288569815,0.7083390107284668
26480,0.059481382864204374,0.1333603941352596,0.8071582230005361
26481,0.05372386096596605,0.19901350948546404,0.74726262954857
26482,0.11907822137761823,0.07983906936017626,0.8010827092622056
26483,0.049126046625532875,0.09306717099689749,0.8578067823775695
26484,0.15892686934397468,0.14944853624734653,0.6916245944086787
26485,0.05245294027721564,0.04916684822784557,0.8983802114949389
26486,0.084721078610386,0.19163742923636715,0.7236414921532468
26487,0.08329893274661351,0.07984591389508594,0.8368551533583004
26488,0.24623626283039027,0.7269828908681255,0.0267808463014841
26489,0.04496252796085977,0.24345720917917865,0.7115802628599616
26490,0.10176548580065745,0.26176129241820306,0.6364732217811395
26491,0.08420369556591209,0.1168976447096632,0.7988986597244248
26492,0.05065672766571348,0.12374205613735745,0.825601216196929
26493,0.3654308332662162,0.6321828194836843,0.0023863472500993766
26494,0.22168171023924774,0.28594786849181564,0.4923704212689367
26495,0.03581484394528372,0.04516884941795667,0.9190163066367597
26496,0.07131134222578454,0.31037696235427475,0.6183116954199406
26497,0.05443563142142612,0.6760556749585277,0.26950869362004615
26498,0.18078315565936331,0.4146395564163633,0.4045772879242734
26499,0.09453721907868504,0.1559487369471979,0.749514043974117
26500,0.0946169158752588,0.39479948504673457,0.5105835990780067
26501,0.17744008362704242,0.22696182556521505,0.5955980908077425
26502,0.026914761065540565,0.07551065589332302,0.8975745830411365
26503,0.15979350615951365,0.43805880475865194,0.4021476890818344
26504,0.07828341333870324,0.167618419457782,0.7540981672035147
26505,0.044715538230436516,0.04939567970644587,0.9058887820631176
26506,0.04842245082844983,0.9330108978969249,0.01856665127462523
26507,0.10880478593539522,0.8846986938118726,0.006496520252732124
26508,0.09969400754819975,0.5029954540993944,0.39731053835240593
26509,0.12841123360986326,0.25562473794904234,0.6159640284410944
26510,0.08035596947995986,0.20276991683399215,0.7168741136860479
26511,0.05263617368577321,0.0845736831052897,0.8627901432089372
26512,0.07356573041208336,0.17354514913303007,0.7528891204548867
26513,0.06220055412928438,0.2062973558876599,0.7315020899830557
26514,0.07508874284994112,0.08791070118442791,0.837000555965631
26515,0.35221190102188216,0.054856131380295284,0.5929319675978226
26516,0.06685187989102331,0.22571072152278307,0.7074373985861936
26517,0.2754537741970759,0.7190943746868097,0.005451851116114432
26518,0.08075575056638705,0.0957836129406558,0.8234606364929573
26519,0.4432512695421674,0.08669539699646536,0.4700533334613673
26520,0.03573548549452443,0.8452318255441267,0.11903268896134878
26521,0.06983648353630105,0.2205003466345792,0.7096631698291199
26522,0.12856776785041352,0.16560428449964332,0.7058279476499433
26523,0.10321765784419391,0.27972742004142576,0.6170549221143802
26524,0.023475758423560568,0.1401768193410003,0.8363474222354392
26525,0.3004161729810783,0.18582721398006663,0.5137566130388551
26526,0.05515297665697602,0.1073094178669029,0.8375376054761209
26527,0.07320370307174262,0.11235836804848827,0.8144379288797692
26528,0.14293398320243528,0.843464256972361,0.013601759825203515
26529,0.41788374254033955,0.06648779478129035,0.51562846267837
26530,0.027962309014254637,0.05559340845108372,0.9164442825346616
26531,0.05440573553872015,0.13297759476957643,0.8126166696917034
26532,0.2611628383000049,0.13350127828900415,0.6053358834109908
26533,0.04077971505015398,0.04682842832506606,0.9123918566247801
26534,0.05005474848179546,0.1380534982378137,0.8118917532803908
26535,0.056760508559387135,0.18541226872683697,0.757827222713776
26536,0.07178899824413165,0.2512611930919097,0.6769498086639586
26537,0.08692494287745788,0.03355296903096434,0.879522088091578
26538,0.037136554579745455,0.44161190096151637,0.5212515444587382
26539,0.05968647618720927,0.17480114128440863,0.765512382528382
26540,0.08500356062777951,0.7434211755892701,0.1715752637829503
26541,0.08374817579181507,0.10415542019098636,0.8120964040171985
26542,0.03425435770774088,0.2274856814618314,0.7382599608304277
26543,0.05385204039757123,0.0773603075570793,0.8687876520453495
26544,0.11038911455535626,0.22542389966748103,0.664186985777163
26545,0.0868200577910708,0.1801592402383429,0.7330207019705864
26546,0.10320907856945985,0.22135444681667915,0.675436474613861
26547,0.06310446867929417,0.08582716595724837,0.8510683653634575
26548,0.0605495292037627,0.06492618432185368,0.8745242864743835
26549,0.17183706277829977,0.8250817745725924,0.003081162649107685
26550,0.0809984841979932,0.18666486665908888,0.732336649142918
26551,0.040697778931751,0.19066301749529635,0.7686392035729526
26552,0.016542445856808887,0.19235261912355134,0.7911049350196399
26553,0.041584295985613556,0.11326271734545922,0.8451529866689272
26554,0.13376708943531088,0.33854805398417587,0.5276848565805133
26555,0.0816757849222728,0.09228841363118492,0.8260358014465423
26556,0.0596901859547515,0.14593430798347565,0.7943755060617729
26557,0.05231870621936505,0.12177911099714364,0.8259021827834911
26558,0.408574958817438,0.1165919012513166,0.4748331399312454
26559,0.2839426902921915,0.14264903480979146,0.573408274898017
26560,0.08239885618466614,0.2052004111988548,0.712400732616479
26561,0.03304982926958357,0.1845933761722595,0.7823567945581569
26562,0.10194328139744094,0.08083825263029007,0.817218465972269
26563,0.044354744765508415,0.21122941179574725,0.7444158434387442
26564,0.04837025831267785,0.2009110146520175,0.7507187270353046
26565,0.11552244668137109,0.34219652545564605,0.5422810278629827
26566,0.18383477788166888,0.13842700461807741,0.6777382175002536
26567,0.019468138466553358,0.11781176265229786,0.8627200988811486
26568,0.44628144572093015,0.5422592383581439,0.01145931592092581
26569,0.04639864327155324,0.10311370758022653,0.8504876491482202
26570,0.14765383386164094,0.3538698429853507,0.4984763231530082
26571,0.034175821129439024,0.06837189414458422,0.8974522847259767
26572,0.07886539688235454,0.1856779363642449,0.7354566667534006
26573,0.048793645488931,0.2125552691958075,0.7386510853152615
26574,0.17568572185143744,0.0896466407495173,0.7346676373990452
26575,0.08992537928489013,0.18604584296483045,0.7240287777502794
26576,0.1599585731583306,0.0826835888613344,0.757357837980335
26577,0.06127909964165806,0.10242622269648478,0.8362946776618573
26578,0.15385433914818142,0.25380171856874517,0.5923439422830734
26579,0.10045972035389608,0.8978667139331007,0.0016735657130032763
26580,0.09369362565042921,0.10211137749369896,0.8041949968558718
26581,0.07347967324776566,0.158028791855527,0.7684915348967072
26582,0.02527798789663153,0.0774589684677652,0.8972630436356032
26583,0.10295845057244839,0.1230800093069719,0.7739615401205799
26584,0.0498612577010477,0.15739508361181337,0.792743658687139
26585,0.20064047485005776,0.3398474881651585,0.4595120369847838
26586,0.3364812790379147,0.31394036113144946,0.34957835983063584
26587,0.23138524677420094,0.36433066960892785,0.40428408361687124
26588,0.04940992681032809,0.1900973035935446,0.7604927695961274
26589,0.09783699402042006,0.14351834309274883,0.7586446628868312
26590,0.05360831130964166,0.606170134976136,0.3402215537142224
26591,0.2926872279158607,0.6980726728025156,0.009240099281623568
26592,0.3984884068277053,0.07050531781706505,0.5310062753552297
26593,0.09038799031079124,0.11879045630035116,0.7908215533888576
26594,0.2902491404430635,0.08649552112221254,0.6232553384347239
26595,0.020854213546898044,0.09714401712371237,0.8820017693293896
26596,0.08627066580976281,0.12490835466221427,0.7888209795280229
26597,0.10931907494676817,0.43047438120703446,0.46020654384619736
26598,0.1172170575810614,0.17458674501307625,0.7081961974058624
26599,0.05859891967930647,0.06552669217835898,0.8758743881423346
26600,0.03309398758998871,0.11459192907261526,0.8523140833373962
26601,0.10535625951118552,0.19253444785333426,0.7021092926354803
26602,0.11491135396173996,0.08699933904892788,0.7980893069893321
26603,0.1385626413901062,0.10619331586467075,0.7552440427452232
26604,0.042787780276040806,0.09701974412519887,0.8601924755987603
26605,0.14625345000083884,0.18451103693864604,0.6692355130605151
26606,0.25657193362225217,0.18647231429845953,0.5569557520792883
26607,0.11562622376806353,0.8694889522389175,0.014884823993018815
26608,0.01978744764574252,0.11306367454327532,0.8671488778109822
26609,0.10072221805609603,0.1482417586195488,0.751036023324355
26610,0.30447523902564383,0.6247353068246905,0.07078945414966582
26611,0.07254886041887196,0.1971014395452102,0.7303497000359179
26612,0.06717228517790542,0.31398247598698187,0.6188452388351128
26613,0.11755954662651784,0.1863035841729944,0.6961368692004878
26614,0.05599782399372014,0.07779526135237004,0.8662069146539098
26615,0.036231759392643774,0.15267787722713005,0.8110903633802262
26616,0.0278045963020901,0.09120148224964708,0.8809939214482628
26617,0.1596206020172105,0.15951932969178353,0.6808600682910061
26618,0.1549964813533087,0.28020063945867524,0.5648028791880162
26619,0.20557155772601005,0.16296786643075278,0.6314605758432372
26620,0.2848175847305282,0.6905753115686271,0.024607103700844787
26621,0.03602013467704093,0.09152788129541004,0.872451984027549
26622,0.1954545792751233,0.38226086822582006,0.42228455249905666
26623,0.03437081923552687,0.5858884261378009,0.3797407546266722
26624,0.06615802723904997,0.18906244854084073,0.7447795242201093
26625,0.23582121989700405,0.18680042067671257,0.5773783594262832
26626,0.1620021547073579,0.07866921388498962,0.7593286314076525
26627,0.07379831772901133,0.12279951760017795,0.8034021646708107
26628,0.05596665647326804,0.2645979154105111,0.6794354281162208
26629,0.049546245704886666,0.05291444120247558,0.8975393130926376
26630,0.059077378916534654,0.16941059055606034,0.771512030527405
26631,0.048110344788389846,0.0468176206045315,0.9050720346070785
26632,0.16991209281518208,0.13244945416301723,0.6976384530218008
26633,0.0409984812131327,0.24670848575056537,0.712293033036302
26634,0.10079987069284074,0.043921891562248794,0.8552782377449105
26635,0.06344855433692204,0.23653718035986948,0.7000142653032086
26636,0.04176502838698553,0.19981192171205556,0.758423049900959
26637,0.012638924385257575,0.04298883458786226,0.94437224102688
26638,0.042169812719410525,0.5300475381707159,0.4277826491098735
26639,0.3611500540521091,0.3206481899816246,0.3182017559662663
26640,0.0546938655086216,0.1090099943444621,0.8362961401469162
26641,0.09084504472847288,0.6849846658211702,0.22417028945035683
26642,0.029708851180730085,0.07506031786844394,0.8952308309508261
26643,0.05691182447665665,0.11276572957042358,0.8303224459529198
26644,0.03511937256130863,0.13725459875688947,0.8276260286818019
26645,0.0898778690835044,0.09850406010016889,0.8116180708163268
26646,0.39741161437448175,0.16667245414410345,0.43591593148141483
26647,0.0920857686854733,0.13441880905062345,0.7734954222639034
26648,0.07533304310569075,0.5887493995743152,0.33591755731999406
26649,0.038402835506978476,0.13407844785907772,0.8275187166339437
26650,0.6214792561584126,0.3164483476108016,0.06207239623078586
26651,0.3325512165655955,0.6396214857889331,0.027827297645471424
26652,0.32607318892829606,0.12758717480058268,0.5463396362711213
26653,0.2306169536834442,0.142740776038155,0.6266422702784007
26654,0.14010588508480715,0.2769893130162751,0.5829048018989178
26655,0.09401068942473631,0.36877013374311285,0.5372191768321507
26656,0.09587940241491591,0.17429733068367137,0.7298232669014129
26657,0.07964017837298894,0.2021400073481634,0.7182198142788478
26658,0.056958010664715335,0.29277641685111194,0.6502655724841728
26659,0.11908406420113556,0.33950442682646975,0.5414115089723948
26660,0.05494899566167923,0.20549454891284483,0.739556455425476
26661,0.10934031367729545,0.10127282715042661,0.7893868591722779
26662,0.04775812532029077,0.16356617462172168,0.7886757000579875
26663,0.04613096977862575,0.09168370853518681,0.8621853216861874
26664,0.0648140965632924,0.1505635913473408,0.7846223120893668
26665,0.18497858782753998,0.15662414639664635,0.6583972657758137
26666,0.018001089508003762,0.756501341036035,0.22549756945596114
26667,0.03887981225414254,0.03315987507823278,0.9279603126676247
26668,0.12456320857298704,0.4467976973514012,0.42863909407561185
26669,0.06031847500301923,0.3000538225830084,0.6396277024139724
26670,0.27629269993266053,0.370168916612,0.3535383834553394
26671,0.12672122872305502,0.05812445626856998,0.8151543150083751
26672,0.09294649245691124,0.07427514929792173,0.8327783582451671
26673,0.13595065214803506,0.1506347830472857,0.7134145648046791
26674,0.27735768274394973,0.11023042494103456,0.6124118923150156
26675,0.0715108321883483,0.10867528630297794,0.8198138815086736
26676,0.06487678123715927,0.12044582141315702,0.8146773973496837
26677,0.020955151268379584,0.08401224716483513,0.8950326015667853
26678,0.08280023443325644,0.28086413016533296,0.6363356354014105
26679,0.21060030412188957,0.10026117690376501,0.6891385189743453
26680,0.04447349261370529,0.06891791357906149,0.8866085938072331
26681,0.019176298060633517,0.04619706344056113,0.9346266384988055
26682,0.0671335179868958,0.20530364341295906,0.7275628386001453
26683,0.051395056327616664,0.3771734577725431,0.5714314858998404
26684,0.044188358942284706,0.14909860604315475,0.8067130350145606
26685,0.13984599100329806,0.1429923339632095,0.7171616750334926
26686,0.03865067987695682,0.20650710539800649,0.7548422147250369
26687,0.13678945529152325,0.11357438776365791,0.7496361569448189
26688,0.3133660417436807,0.4893778304947839,0.19725612776153537
26689,0.06773637422241216,0.11425576627305188,0.818007859504536
26690,0.05550266512933586,0.1488720552487259,0.7956252796219384
26691,0.024395821982895954,0.07992613763358095,0.895678040383523
26692,0.019306024454015136,0.33074779918212777,0.649946176363857
26693,0.15358604231375755,0.09302717261539986,0.7533867850708426
26694,0.6496675742263003,0.32575972176122364,0.02457270401247605
26695,0.059043037214586175,0.09897186442519702,0.841985098360217
26696,0.1153195502938848,0.0782283593832779,0.8064520903228374
26697,0.03227219169474337,0.035427078938479545,0.932300729366777
26698,0.046955727415377395,0.061968564366202294,0.8910757082184202
26699,0.09231604839325486,0.35630529013188744,0.5513786614748577
26700,0.055731823733311696,0.284997886462669,0.6592702898040195
26701,0.11211337873926164,0.4498686374867447,0.4380179837739936
26702,0.17427802006535062,0.380484535276678,0.4452374446579714
26703,0.04227927096739671,0.19113049633940715,0.7665902326931961
26704,0.06948088128138104,0.1017726556851597,0.8287464630334592
26705,0.04279895684241437,0.07130735047294201,0.8858936926846436
26706,0.07337682957901932,0.14773280291083457,0.7788903675101461
26707,0.570331379253999,0.04192557294640721,0.38774304779959384
26708,0.09192196841387891,0.13317720947069397,0.7749008221154272
26709,0.05827252772254219,0.042894781509524145,0.8988326907679337
26710,0.13776263734870958,0.16379577582162794,0.6984415868296624
26711,0.20031033633374884,0.09720664818534433,0.702483015480907
26712,0.09740150480499356,0.12168840652607217,0.7809100886689343
26713,0.17736441467363115,0.3856352109446666,0.4370003743817023
26714,0.02900129209016135,0.07830385595000162,0.892694851959837
26715,0.052036552458409865,0.28039457026842546,0.6675688772731647
26716,0.14403541385039992,0.4639982586744221,0.3919663274751778
26717,0.04998399392827922,0.23981324337064977,0.710202762701071
26718,0.12337904459984948,0.19413128341897198,0.6824896719811786
26719,0.10257541623492733,0.1561165039990787,0.741308079765994
26720,0.045848169962535455,0.20703557800243727,0.7471162520350274
26721,0.06391133342036984,0.3622421603725744,0.5738465062070559
26722,0.19537646201588757,0.11489845549046081,0.6897250824936515
26723,0.07398598257031691,0.24239216961748694,0.6836218478121961
26724,0.0704034607537337,0.3420595378360043,0.5875370014102621
26725,0.0143638916876185,0.330942011087096,0.6546940972252856
26726,0.12097119894648228,0.47909553925763826,0.39993326179587957
26727,0.019800453900375072,0.06873457880918514,0.9114649672904398
26728,0.03314455627067887,0.07174479297722716,0.8951106507520941
26729,0.07348826545470886,0.21452980293846438,0.7119819316068267
26730,0.10876359548509912,0.42137376929263687,0.46986263522226407
26731,0.046810239076451106,0.15934568953321504,0.7938440713903339
26732,0.2036229010047618,0.789977611438063,0.006399487557175307
26733,0.04839164826164067,0.10652741029111967,0.8450809414472397
26734,0.04462148745128115,0.28716236681921165,0.6682161457295072
26735,0.07009178766412676,0.19050561090724097,0.7394026014286325
26736,0.03944478075188483,0.10692370648455612,0.8536315127635591
26737,0.1100923348409212,0.21957312387476646,0.6703345412843124
26738,0.038751438989907766,0.11911267876457945,0.8421358822455127
26739,0.38078984152410567,0.0924947529994449,0.5267154054764495
26740,0.06317885847116599,0.05969688898802616,0.8771242525408078
26741,0.16372621545065946,0.8174265179063085,0.018847266643032087
26742,0.027036169648445525,0.13453908744256354,0.8384247429089909
26743,0.14762816229256168,0.17949963220404036,0.6728722055033981
26744,0.11468671548634118,0.17636592099228623,0.7089473635213726
26745,0.04504011574748363,0.1317588784196388,0.8232010058328776
26746,0.14841865772644028,0.15644357883189636,0.6951377634416634
26747,0.11137187371759456,0.4094774267823077,0.4791506995000977
26748,0.22514888811105194,0.389320165436841,0.385530946452107
26749,0.07791784609073277,0.22876513640914692,0.6933170175001204
26750,0.076252175642231,0.1603900127953966,0.7633578115623724
26751,0.054950362472479655,0.2727292218616874,0.672320415665833
26752,0.05726817879410327,0.604075875158092,0.33865594604780475
26753,0.1073163475813839,0.06713353543515538,0.8255501169834609
26754,0.09595649709973557,0.050813759690933845,0.8532297432093305
26755,0.043217340939091166,0.08570438493728605,0.8710782741236228
26756,0.047504681892620124,0.09097709765428717,0.8615182204530927
26757,0.1538811183676199,0.09326725704210431,0.7528516245902755
26758,0.06052631323262044,0.14329814688444495,0.7961755398829347
26759,0.06538079577260553,0.29699680643011683,0.6376223977972777
26760,0.09844198582750802,0.3347764529041125,0.5667815612683795
26761,0.06304312657682268,0.07826270261133554,0.8586941708118417
26762,0.09001675583109281,0.17310752716474492,0.7368757170041621
26763,0.027431951160620083,0.10611424904009499,0.8664537997992849
26764,0.041108403373301294,0.14619233146939165,0.8126992651573071
26765,0.09153736659261281,0.10720806301828906,0.8012545703890981
26766,0.08301589504878897,0.4077520085643637,0.5092320963868473
26767,0.10327329245017776,0.23159282228424455,0.6651338852655777
26768,0.04459183945239422,0.9467990335956562,0.008609126951949698
26769,0.104192514295281,0.24966902975527933,0.6461384559494399
26770,0.07394114490079991,0.19930217472469963,0.7267566803745005
26771,0.16901387212107946,0.8041854755641705,0.026800652314749908
26772,0.5892749433866135,0.048876415914511716,0.3618486406988748
26773,0.10188634919649389,0.059809049531531336,0.8383046012719746
26774,0.02615230044693597,0.11714585586421503,0.8567018436888489
26775,0.028270338902683587,0.21335632381585318,0.7583733372814632
26776,0.08325996084183793,0.15502362822255522,0.7617164109356068
26777,0.04862591329202063,0.10601823845168146,0.8453558482562978
26778,0.034503674603140404,0.07919236765027175,0.8863039577465879
26779,0.09752715116471339,0.13361753668666962,0.7688553121486172
26780,0.04438881063231434,0.2026398408187184,0.7529713485489672
26781,0.08707262524813718,0.20006834695587503,0.7128590277959878
26782,0.04172843358897987,0.10728289966809744,0.8509886667429227
26783,0.16174777178375843,0.2944328190674835,0.543819409148758
26784,0.09145995868066135,0.4543860719843871,0.45415396933495145
26785,0.06779732324648373,0.17849390438625629,0.7537087723672601
26786,0.5255361830713046,0.07246812483685586,0.4019956920918396
26787,0.030203347361777454,0.04823235727623132,0.9215642953619914
26788,0.15198960544017512,0.15369089479575954,0.6943194997640653
26789,0.16845097378892315,0.2421384981594081,0.5894105280516687
26790,0.03309405307551739,0.08824810541657996,0.8786578415079027
26791,0.06395927864866718,0.08030200670308324,0.8557387146482497
26792,0.1760495434085106,0.11844300047090467,0.7055074561205849
26793,0.06414443069067238,0.1314005150522049,0.8044550542571227
26794,0.017810935237211202,0.14559410397657857,0.8365949607862104
26795,0.09687702132065208,0.2626846169616851,0.6404383617176627
26796,0.045279886176363734,0.9539573727685033,0.0007627410551329031
26797,0.06257378619083676,0.41188732906516,0.5255388847440031
26798,0.23686712887774822,0.1868675244450294,0.5762653466772224
26799,0.1311177609345604,0.13725588476315592,0.7316263543022836
26800,0.02218201213894468,0.9713166088057446,0.006501379055310715
26801,0.1728409809210314,0.33584108187865014,0.49131793720031847
26802,0.07756111827891064,0.09995668143002712,0.8224822002910621
26803,0.08695592024094251,0.15480296435696095,0.7582411154020965
26804,0.06300580519191205,0.1462460746020213,0.7907481202060667
26805,0.013055750371144936,0.09445346805355961,0.8924907815752955
26806,0.053165121626837675,0.13735032204156328,0.8094845563315991
26807,0.10910133763902263,0.19550392306565834,0.695394739295319
26808,0.0522332241854831,0.22332221427008908,0.7244445615444277
26809,0.10033847383649706,0.18108008975416096,0.7185814364093419
26810,0.02962744334817474,0.1360122604290964,0.8343602962227288
26811,0.036003047070363135,0.05016472640881423,0.9138322265208226
26812,0.057748888369158244,0.12970023814714265,0.8125508734836991
26813,0.0676010784628217,0.4237419531539403,0.508656968383238
26814,0.11940283977506246,0.15762527302178334,0.7229718872031544
26815,0.05499887997240685,0.23513290152389243,0.7098682185037006
26816,0.04714099885762479,0.34141852926691035,0.6114404718754649
26817,0.15863909873959403,0.04551909355999944,0.7958418077004065
26818,0.11983476919019072,0.09491864646375886,0.7852465843460505
26819,0.0867941061320213,0.1846665099843115,0.7285393838836672
26820,0.10692103970346449,0.8857756067074618,0.007303353589073469
26821,0.08722399524492862,0.9068655933030745,0.005910411451996859
26822,0.09243231657753506,0.2818214224020526,0.6257462610204124
26823,0.0231629680259147,0.06633610462938389,0.9105009273447013
26824,0.17276705997418948,0.10260600354322363,0.7246269364825871
26825,0.050290938532926426,0.07043899109622521,0.8792700703708484
26826,0.06492295250118137,0.07815962545919795,0.8569174220396208
26827,0.08122123862156957,0.12351306032030401,0.7952657010581264
26828,0.0323693934861963,0.13417440223820853,0.833456204275595
26829,0.020089929662044478,0.10965761234422239,0.8702524579937331
26830,0.059452040568994634,0.14577748528139553,0.79477047414961
26831,0.035159096501766726,0.07221228664222992,0.8926286168560033
26832,0.011491922469954768,0.013023118460324017,0.9754849590697213
26833,0.06605037886139663,0.08191349547288282,0.8520361256657205
26834,0.0714278836028839,0.15586821336630524,0.7727039030308109
26835,0.4646208791010838,0.12766675741069486,0.40771236348822143
26836,0.21151461588740647,0.3856471347559108,0.4028382493566827
26837,0.13498151208242107,0.041710368789514944,0.823308119128064
26838,0.08700066508851485,0.34676908750521734,0.5662302474062677
26839,0.7094318964624139,0.05464197624537739,0.2359261272922088
26840,0.11515325272119038,0.3293731602202576,0.5554735870585521
26841,0.020435367631086616,0.04360231315812862,0.9359623192107847
26842,0.06043063803909956,0.17689617316191864,0.7626731887989818
26843,0.15855495865453542,0.09549528654535511,0.7459497548001094
26844,0.22126138590208694,0.34383095423761384,0.43490765986029917
26845,0.5603666288239678,0.03003100483944306,0.4096023663365892
26846,0.08200728920224003,0.09800760369431065,0.8199851071034495
26847,0.06267605760369872,0.2411458936425378,0.6961780487537634
26848,0.09868028799218821,0.062062801587886365,0.8392569104199256
26849,0.1889986133628546,0.09383084236699764,0.7171705442701478
26850,0.06571155943564126,0.31494178585774846,0.6193466547066103
26851,0.1186682260588476,0.2076157941531119,0.6737159797880405
26852,0.18185237453448785,0.5739161559829687,0.24423146948254337
26853,0.0659473036417889,0.10197899270126962,0.8320737036569414
26854,0.04696254125175073,0.9472460683959714,0.005791390352278087
26855,0.12661151238230683,0.26248479058819757,0.6109036970294957
26856,0.1430517842140472,0.11255916439081831,0.7443890513951346
26857,0.13982232134350922,0.16649717815568876,0.6936805005008021
26858,0.05422143230768782,0.5712190888417876,0.37455947885052454
26859,0.06738247206108422,0.6109674594105217,0.3216500685283942
26860,0.09405144459561178,0.4188078866908691,0.4871406687135191
26861,0.13306494944076525,0.2168376894194305,0.6500973611398043
26862,0.10212292998715385,0.24389584947986245,0.6539812205329838
26863,0.040427227659208476,0.1669285708261545,0.7926442015146371
26864,0.030313115366876402,0.3546293352491501,0.6150575493839735
26865,0.06080242277405733,0.0724099075763813,0.8667876696495616
26866,0.021400297336653808,0.08939619535230751,0.8892035073110386
26867,0.04921220393758967,0.05957647859425218,0.8912113174681581
26868,0.009838055618080167,0.09266911721809656,0.8974928271638233
26869,0.030728162797030823,0.009343828879753463,0.9599280083232158
26870,0.0181208377694946,0.8416055669614179,0.1402735952690876
26871,0.11509161643720514,0.12571870116737405,0.7591896823954208
26872,0.07937997862517605,0.278133466607235,0.6424865547675889
26873,0.12423039535009334,0.1617437778019014,0.7140258268480053
26874,0.11970202279969305,0.25288114323438887,0.627416833965918
26875,0.07197157556195476,0.22480615069004264,0.7032222737480025
26876,0.057019571788860676,0.12663017425128678,0.8163502539598525
26877,0.07646269604744986,0.12260925037941778,0.8009280535731325
26878,0.1281239472336473,0.14786222407568203,0.7240138286906707
26879,0.13594351928475107,0.19335501763983728,0.6707014630754117
26880,0.18866243951950595,0.08967839065585043,0.7216591698246436
26881,0.04461890021840037,0.23542723186035475,0.7199538679212449
26882,0.2432513526581751,0.05411408065800389,0.7026345666838211
26883,0.0341222386986335,0.04966355043471065,0.916214210866656
26884,0.06810715196882254,0.2867025363497282,0.6451903116814492
26885,0.22599696225485688,0.16266418234998328,0.6113388553951599
26886,0.10344965734282036,0.12639245922103842,0.7701578834361413
26887,0.018339771769376303,0.11380366282198394,0.8678565654086396
26888,0.14451879535144177,0.16567732868592863,0.6898038759626297
26889,0.07243675291724123,0.11651003818425232,0.8110532088985065
26890,0.02821678465570714,0.10854257067616245,0.8632406446681304
26891,0.061313709155251764,0.37183938859550547,0.5668469022492428
26892,0.12933496121774335,0.32277387844443006,0.5478911603378265
26893,0.04688582366248268,0.12475254357539908,0.828361632762118
26894,0.08135426373937167,0.06679458854914179,0.8518511477114865
26895,0.11062452062866449,0.28537362282606865,0.6040018565452667
26896,0.08243376151102408,0.33795297570543376,0.5796132627835421
26897,0.05649611841022952,0.18181369551270424,0.7616901860770662
26898,0.0331829857296194,0.06732284905496654,0.8994941652154139
26899,0.0456630424550148,0.1851828951384327,0.7691540624065525
26900,0.12194035727867962,0.2643257596531588,0.6137338830681615
26901,0.05559456228956548,0.2844139507714403,0.6599914869389942
26902,0.04061040381390411,0.056811386150763,0.9025782100353329
26903,0.09725532886067118,0.27046578988124836,0.6322788812580805
26904,0.5365737187687852,0.4506526157263093,0.012773665504905503
26905,0.08901798297977695,0.27993044793689253,0.6310515690833306
26906,0.03049073726295954,0.059906969550700205,0.9096022931863402
26907,0.10825199168699932,0.0510364030625219,0.8407116052504787
26908,0.043692634881677066,0.1547024524759333,0.8016049126423894
26909,0.033468660852206816,0.5260039780516421,0.4405273610961511
26910,0.1094160553208581,0.4074156092372428,0.4831683354418991
26911,0.16626931299143916,0.24892999630699625,0.5848006907015647
26912,0.043464591441037134,0.1089784411588312,0.8475569674001318
26913,0.181987936575371,0.1754831451753093,0.6425289182493197
26914,0.10165683229781579,0.24091993189625263,0.6574232358059315
26915,0.11479054279939437,0.09530260437543411,0.7899068528251716
26916,0.06663832657059984,0.9305338845724722,0.0028277888569277973
26917,0.043054171840712314,0.12731325693649417,0.8296325712227935
26918,0.08739296700526168,0.14437867386833442,0.7682283591264039
26919,0.5667879459495073,0.10417254382335837,0.3290395102271344
26920,0.04697728832174216,0.3955132803546984,0.5575094313235596
26921,0.01585757199437666,0.7402326515431141,0.24390977646250908
26922,0.04482372047834671,0.4922871485924707,0.46288913092918266
26923,0.059563250752242405,0.11993817525531056,0.820498573992447
26924,0.0772782199665121,0.08557002981548943,0.8371517502179985
26925,0.08740297464318421,0.04420009850721735,0.8683969268495986
26926,0.08176170935277334,0.36683807441618216,0.5514002162310445
26927,0.052515529138522914,0.2323463392071044,0.7151381316543726
26928,0.10465444695132776,0.8863977148884508,0.008947838160221369
26929,0.06073366127827647,0.18885463098406566,0.750411707737658
26930,0.03926454316028792,0.4457975761333618,0.5149378807063503
26931,0.20513752847119132,0.789145847524074,0.005716624004734441
26932,0.04640747736889945,0.6876786155583491,0.2659139070727516
26933,0.30472371829831824,0.13921853777602317,0.5560577439256587
26934,0.11744849646343013,0.12107426657998793,0.7614772369565819
26935,0.06666449566793935,0.1451466112775219,0.7881888930545388
26936,0.09536476206410428,0.05143807162137853,0.8531971663145173
26937,0.07458237992914796,0.23113235053789405,0.694285269532958
26938,0.13481166913212503,0.8527639419601932,0.01242438890768162
26939,0.36273692862407253,0.6255160957583217,0.011746975617605956
26940,0.06372960504268457,0.07165278327494902,0.8646176116823664
26941,0.07144282386256631,0.1428128742272099,0.7857443019102238
26942,0.2252564875963208,0.22163575581336806,0.5531077565903111
26943,0.04535542274859347,0.2943115311266809,0.6603330461247254
26944,0.06696527394516869,0.08641247423617805,0.8466222518186532
26945,0.1165528700542934,0.36931004303815745,0.5141370869075491
26946,0.06014868754080656,0.11753767335903804,0.8223136391001553
26947,0.061205676428138935,0.4052032815884938,0.5335910419833673
26948,0.10269547357208725,0.30448898277519515,0.5928155436527177
26949,0.39644878094987235,0.13536369823670408,0.4681875208134236
26950,0.24248844594348162,0.2223229743305875,0.5351885797259308
26951,0.26651220507304685,0.38125345790875403,0.3522343370181992
26952,0.11701616607166684,0.3277237774118839,0.5552600565164492
26953,0.07362026759474946,0.02952080807635143,0.8968589243288992
26954,0.014457813387257778,0.06968099527507668,0.9158611913376655
26955,0.03922740504804929,0.3858200786592855,0.5749525162926653
26956,0.18648513869221894,0.15289408443979355,0.6606207768679876
26957,0.5286972491071296,0.13057519879814128,0.34072755209472916
26958,0.1832903131558127,0.11935921927007082,0.6973504675741167
26959,0.061331882968280536,0.34642615843129465,0.592241958600425
26960,0.17857658356019573,0.11705126133034464,0.7043721551094595
26961,0.08930857711438982,0.1023312613287797,0.8083601615568305
26962,0.03490571444671455,0.5342482893459627,0.4308459962073228
26963,0.15358604231375755,0.09302717261539986,0.7533867850708426
26964,0.07643156686353754,0.15070614182575798,0.7728622913107046
26965,0.06539660112659583,0.35454905786636465,0.5800543410070397
26966,0.08243376151102408,0.33795297570543376,0.5796132627835421
26967,0.04930767965561349,0.05955389563764786,0.8911384247067385
26968,0.09776653120060733,0.11408587396903976,0.7881475948303529
26969,0.03396695425929874,0.07803239445680302,0.8880006512838983
26970,0.13244526551480051,0.08980927298157351,0.777745461503626
26971,0.06055574943403157,0.2440880418197763,0.6953562087461922
26972,0.08980264356137381,0.2250202104614024,0.6851771459772239
26973,0.045230873519974485,0.15450656557683629,0.8002625609031893
26974,0.06330686534055671,0.038948751249666305,0.8977443834097768
26975,0.09047742365155717,0.1244186846057713,0.7851038917426715
26976,0.19280232129693148,0.7825534733192923,0.02464420538377635
26977,0.0660378479267149,0.28041112772353877,0.6535510243497463
26978,0.03175173399916531,0.12218840396677434,0.8460598620340603
26979,0.04180300109932689,0.31689833599449757,0.6412986629061757
26980,0.0829741125657742,0.08285194886020478,0.834173938574021
26981,0.11797237749333442,0.17099520627416567,0.7110324162324999
26982,0.03764229613809624,0.11621842059647654,0.8461392832654273
26983,0.11142496954914777,0.2326153543545882,0.655959676096264
26984,0.07052415605638956,0.1681889087790484,0.761286935164562
26985,0.13365247259735885,0.21044379045135855,0.6559037369512827
26986,0.0654430753804291,0.052779597157083184,0.8817773274624878
26987,0.16068645994566375,0.3781205965132712,0.46119294354106505
26988,0.12735847127845265,0.4122255415544094,0.460415987167138
26989,0.045768090269994594,0.20408146125965038,0.7501504484703551
26990,0.10074794180708435,0.08098051262671271,0.818271545566203
26991,0.053288347178088176,0.17460485719562746,0.7721067956262841
26992,0.1050048120034023,0.3483901110813762,0.5466050769152215
26993,0.05503440686570649,0.11467670216827362,0.83028889096602
26994,0.08974495279367911,0.208774533053347,0.7014805141529739
26995,0.05000471931826759,0.2995631034419651,0.6504321772397674
26996,0.03409694671420511,0.09139089113683084,0.8745121621489641
26997,0.2553736218598187,0.3414524793042999,0.4031738988358815
26998,0.22514980382708136,0.10659431697292386,0.6682558791999949
26999,0.2198310801271148,0.10736560937936725,0.6728033104935179
27000,0.056785261156323055,0.5208586143924031,0.4223561244512738
27001,0.033583994253178415,0.28943133811700095,0.6769846676298207
27002,0.05922785847957229,0.2659689991555696,0.6748031423648579
27003,0.2635272294860609,0.11544005665613148,0.6210327138578077
27004,0.024324443157133474,0.24037464940388273,0.7353009074389837
27005,0.0629487367792309,0.2027352335574751,0.7343160296632941
27006,0.0888660388746071,0.11042341009711368,0.8007105510282793
27007,0.0714622312674095,0.6786595581106216,0.24987821062196885
27008,0.09103821300929436,0.1680638292092976,0.740897957781408
27009,0.037983120576147895,0.2133528084620191,0.748664070961833
27010,0.031836594251169255,0.12530320566322045,0.8428602000856101
27011,0.1481193844679119,0.4195139371694464,0.4323666783626417
27012,0.04465061801163059,0.06327670006335474,0.8920726819250148
27013,0.3021123799131344,0.11823132562346779,0.5796562944633977
27014,0.06280266132855133,0.5767993404196989,0.3603979982517496
27015,0.07803749099701812,0.30386294217970566,0.6180995668232763
27016,0.06426200819683865,0.0952955918108949,0.8404423999922666
27017,0.10318839178238493,0.21183263915461922,0.6849789690629958
27018,0.043561945113651926,0.1414473538520628,0.8149907010342855
27019,0.13192536268217916,0.12240389567858079,0.74567074163924
27020,0.06142205638645315,0.3073377895450692,0.6312401540684777
27021,0.057149837565536044,0.2773331153842442,0.6655170470502199
27022,0.06664633210690359,0.11918203071187233,0.8141716371812241
27023,0.14777614148527446,0.3138684709698977,0.5383553875448278
27024,0.020970738304565587,0.16309862485212331,0.8159306368433112
27025,0.1949934487035115,0.10584518957673264,0.6991613617197557
27026,0.04977768452595611,0.13829271125921458,0.8119296042148293
27027,0.12777968919299845,0.0529736657723874,0.8192466450346141
27028,0.17259862872279588,0.16355227571171368,0.6638490955654904
27029,0.04028929858375766,0.13990246097290043,0.8198082404433419
27030,0.14768421069473825,0.4498682586039714,0.40244753070129036
27031,0.6788883224127757,0.11526260183495189,0.20584907575227251
27032,0.228075560455031,0.09318006269605865,0.6787443768489103
27033,0.09363759658878998,0.08008815210880425,0.8262742513024056
27034,0.058326429919063276,0.0749481735231879,0.8667253965577487
27035,0.428988786087199,0.13621681749617032,0.43479439641663076
27036,0.07625611607297522,0.05768437351753667,0.8660595104094883
27037,0.16486602618942733,0.20020360455342678,0.634930369257146
27038,0.10116245370793919,0.08533007413045166,0.8135074721616092
27039,0.1730188380155146,0.14605234020389685,0.6809288217805887
27040,0.09799178397657916,0.13012666153792418,0.7718815544854967
27041,0.016066477515015592,0.02566008846723501,0.9582734340177493
27042,0.41018835487733385,0.5799289130311649,0.009882732091501319
27043,0.08378768001573615,0.12229835744143143,0.7939139625428324
27044,0.05482584352329909,0.10458194132486132,0.8405922151518397
27045,0.028102611702656148,0.12385143509663755,0.8480459532007063
27046,0.02644612987625844,0.06963151662963424,0.9039223534941073
27047,0.08592016374068838,0.4310044141528792,0.48307542210643245
27048,0.23685662372395463,0.7614318696129266,0.001711506663118797
27049,0.06731671455834032,0.4431865100740513,0.4894967753676083
27050,0.039369377655736316,0.17788286629155867,0.782747756052705
27051,0.07989928265883402,0.22520387183838717,0.6948968455027789
27052,0.032039951080605235,0.09997105934259429,0.8679889895768006
27053,0.0418781262153037,0.22911761978209058,0.7290042540026058
27054,0.08390358049156127,0.11869395791550622,0.7974024615929327
27055,0.12639564382325752,0.8661102144450955,0.0074941417316469585
27056,0.21177591601243198,0.7840037518432362,0.004220332144331815
27057,0.014715858301820367,0.2595595701493061,0.7257245715488735
27058,0.1788312786135147,0.12051346156192813,0.7006552598245573
27059,0.12525844029216746,0.08420796980844653,0.790533589899386
27060,0.0737556016662475,0.17912190952822807,0.7471224888055243
27061,0.3776119841809315,0.10279343562750742,0.5195945801915611
27062,0.10146906016922735,0.10886293417037778,0.7896680056603947
27063,0.0574899470209133,0.11264572999922162,0.829864322979865
27064,0.026276914205516675,0.04402673809981752,0.9296963476946658
27065,0.05193718209040819,0.2742456094081802,0.6738172085014115
27066,0.06134667252670519,0.06398103343788573,0.874672294035409
27067,0.0909335403111306,0.18930448456137489,0.7197619751274945
27068,0.33633193542845075,0.06458014870261734,0.5990879158689321
27069,0.04618146099625383,0.09671391837901012,0.857104620624736
27070,0.0538104881321964,0.044658345206134605,0.9015311666616689
27071,0.04812517759268503,0.038771853030140545,0.9131029693771744
27072,0.08438842411210891,0.36339824648653357,0.5522133294013575
27073,0.08353488914388817,0.16900886270663018,0.7474562481494818
27074,0.08847902049098945,0.3899138416713498,0.5216071378376608
