index,0,1,2
26457,0.07469367157279576,0.18795027022460614,0.7373560582025981
26458,0.21031869369081102,0.16362001927182712,0.6260612870373619
26459,0.05325281671551613,0.07080368960148313,0.8759434936830006
26460,0.1249387733868378,0.14252265715744505,0.7325385694557172
26461,0.08445139804183527,0.3083952913906556,0.6071533105675092
26462,0.056816085246019984,0.16348947970137126,0.7796944350526088
26463,0.38396986433280356,0.6086786311779816,0.00735150448921502
26464,0.15555977597478524,0.1453322266332535,0.6991079973919612
26465,0.018128711210021246,0.08195409751403906,0.8999171912759398
26466,0.04007764739243124,0.4263497653215391,0.5335725872860296
26467,0.14371395037235637,0.1763862737205619,0.6798997759070817
26468,0.06304222366642026,0.11321696368960144,0.8237408126439784
26469,0.39401043864289176,0.127749671827628,0.4782398895294802
26470,0.13098250112024853,0.11591483700043886,0.7531026618793125
26471,0.06465411253171133,0.04767337882811207,0.8876725086401765
26472,0.10996632804323218,0.15932289205785558,0.7307107798989124
26473,0.08814614891021859,0.04708119740592231,0.8647726536838591
26474,0.2498174386181676,0.7481371966120186,0.0020453647698138533
26475,0.2749413202298972,0.2548479348555085,0.4702107449145943
26476,0.05003545138004507,0.12107256452802703,0.8288919840919279
26477,0.11206915648152793,0.19343047259870788,0.6945003709197641
26478,0.027598443541466948,0.08692600411622921,0.8854755523423039
26479,0.11388479257992074,0.17996362881527792,0.7061515786048014
26480,0.056779429566444675,0.12669687745614297,0.8165236929774123
26481,0.05212351341439896,0.20073236007050166,0.7471441265150995
26482,0.1149269773459076,0.07413357695344597,0.8109394457006466
26483,0.04691369589775362,0.09542104087582663,0.8576652632264198
26484,0.16119025460488323,0.15321281449702573,0.6855969308980914
26485,0.053669001040019336,0.05289935888901052,0.8934316400709703
26486,0.08430502912224061,0.20100105041833427,0.7146939204594251
26487,0.08867301923711773,0.0844647251511727,0.8268622556117096
26488,0.24933188149817503,0.7251692042632092,0.025498914238615764
26489,0.043900659698749823,0.23595099743055328,0.7201483428706971
26490,0.10679812249033162,0.24949901260147447,0.643702864908194
26491,0.08336351912321724,0.10956890488353861,0.8070675759932441
26492,0.051004822213667735,0.12645060770871935,0.8225445700776128
26493,0.3810394845857328,0.6166727696001044,0.002287745814162823
26494,0.22385785818280177,0.27726946996685603,0.4988726718503423
26495,0.0346197994940186,0.042368831323551306,0.9230113691824301
26496,0.06384840771565968,0.30079335360684467,0.6353582386774957
26497,0.05199788877952289,0.6983037931362918,0.24969831808418538
26498,0.18024354782180016,0.4350456465701905,0.38471080560800947
26499,0.09240889370860964,0.15725744942231346,0.7503336568690769
26500,0.09465577926334276,0.391614890568049,0.5137293301686082
26501,0.17715039566452165,0.23622954026361953,0.5866200640718587
26502,0.023565657205115588,0.07054058179439118,0.9058937610004933
26503,0.15419212733227836,0.4258752130804985,0.41993265958722314
26504,0.07281610059739216,0.15608043383787915,0.7711034655647286
26505,0.04206376970345185,0.04824520674557853,0.9096910235509694
26506,0.05394662347048394,0.9262367118815634,0.01981666464795266
26507,0.10775243131823953,0.8860259097840814,0.006221658897679187
26508,0.10404760059789059,0.49626857691876175,0.39968382248334766
26509,0.12538945248155053,0.26745737942774833,0.6071531680907011
26510,0.07819218004120794,0.20907901158294415,0.712728808375848
26511,0.051222837031306846,0.08253041451573423,0.866246748452959
26512,0.07042540787118173,0.16480076131674276,0.7647738308120755
26513,0.06543316938478952,0.20804728697491978,0.7265195436402909
26514,0.06961790912701737,0.08527934424164758,0.8451027466313349
26515,0.3565518032477234,0.05613681526512823,0.5873113814871486
26516,0.06581056341789476,0.21530526390404475,0.7188841726780607
26517,0.2652512797788875,0.7290312821957339,0.005717438025378611
26518,0.07902561026644103,0.090629744499718,0.830344645233841
26519,0.4617230176223254,0.08178298038435738,0.4564940019933171
26520,0.03529933955211997,0.8477682923575887,0.11693236809029142
26521,0.06590856113348631,0.22020163481301894,0.7138898040534948
26522,0.12468176549030358,0.16392544251166324,0.7113927919980331
26523,0.1033577253127717,0.2879959663453962,0.6086463083418322
26524,0.02201313821343244,0.1294584610995626,0.8485284006870051
26525,0.30502789326163615,0.18978702854852217,0.5051850781898417
26526,0.05295433448134469,0.10296989080129831,0.844075774717357
26527,0.07426924151179916,0.11506288161483437,0.8106678768733663
26528,0.1330467413841223,0.8538500468017611,0.013103211814116422
26529,0.4208725987677367,0.06123066528866566,0.5178967359435975
26530,0.03029695699906622,0.07182427265858841,0.8978787703423454
26531,0.05386205519922084,0.1317346196787963,0.8144033251219828
26532,0.26551435086412406,0.13415644904664348,0.6003292000892325
26533,0.040058528598111195,0.04658623166730373,0.9133552397345852
26534,0.05351588203744202,0.1402808171764912,0.8062033007860668
26535,0.05422833204575512,0.18444886376769815,0.7613228041865467
26536,0.06638286303302507,0.2507903345559468,0.6828268024110281
26537,0.08253564673947271,0.029792741728921903,0.8876716115316055
26538,0.03321382196896158,0.4488372479827919,0.5179489300482465
26539,0.06078396335268296,0.17475348775106753,0.7644625488962495
26540,0.08476355341279904,0.7648611573454445,0.15037528924175636
26541,0.08605551827757972,0.10220747977109301,0.8117370019513275
26542,0.03489015717827668,0.22872604067556296,0.7363838021461604
26543,0.05374332399042601,0.08233762681940501,0.8639190491901689
26544,0.09583767382766446,0.2133041115652205,0.690858214607115
26545,0.08548168941509407,0.18132229006965817,0.7331960205152478
26546,0.1046897587961152,0.20400137850438838,0.6913088626994964
26547,0.06217500544386548,0.0904737780856876,0.847351216470447
26548,0.06405856395186231,0.06055360179839478,0.8753878342497429
26549,0.17456329313720026,0.8224597753420313,0.0029769315207684396
26550,0.07736732243801014,0.19198912802629756,0.7306435495356923
26551,0.039623141484956485,0.18952686061564752,0.7708499978993959
26552,0.014573795631190338,0.18599109325966734,0.7994351111091422
26553,0.04157467922492972,0.10815440779696159,0.8502709129781088
26554,0.1314890146082898,0.3500027620531653,0.5185082233385451
26555,0.08155852887698861,0.09069217999694032,0.8277492911260711
26556,0.06059680252559856,0.15035861095213776,0.7890445865222637
26557,0.054201952124642044,0.12142393940693608,0.8243741084684219
26558,0.4100409108902683,0.11474315903711416,0.47521593007261753
26559,0.2704687920069745,0.13857258621361151,0.590958621779414
26560,0.08177146937120458,0.2010828887836104,0.7171456418451849
26561,0.03231134981233175,0.1808770161211424,0.7868116340665258
26562,0.10054437420204601,0.0748120592223997,0.8246435665755543
26563,0.0431752236078075,0.2038252182769861,0.7529995581152065
26564,0.050232722843285046,0.19938667404418584,0.7503806031125291
26565,0.11169811845324618,0.3499196748474806,0.5383822066992734
26566,0.18532133003274393,0.13462074056934512,0.680057929397911
26567,0.019267392496187957,0.11451949280514905,0.8662131146986629
26568,0.44528521027981444,0.5428392546546063,0.011875535065579238
26569,0.04776569428112904,0.1098235621338866,0.8424107435849844
26570,0.1497490386485619,0.3459346022860214,0.5043163590654166
26571,0.03351608381978827,0.06557672679196283,0.9009071893882488
26572,0.0755423879096851,0.1883565478087893,0.7361010642815256
26573,0.04803745139779032,0.2191084629367391,0.7328540856654704
26574,0.18262692649231183,0.0882328441212647,0.7291402293864235
26575,0.09500779323362922,0.20127083603077134,0.7037213707355994
26576,0.17782606027228973,0.08324051682467265,0.7389334229030378
26577,0.060566007308251346,0.09944483469203065,0.839989157999718
26578,0.1560227385490682,0.2506696705421251,0.5933075909088067
26579,0.09929210696869331,0.8990688644848821,0.001639028546424618
26580,0.10109907597226994,0.11087115449275364,0.7880297695349765
26581,0.07791339836345679,0.16564418080377666,0.7564424208327666
26582,0.02280870353872023,0.07118470457119758,0.906006591890082
26583,0.10478541006488234,0.1233931731995162,0.7718214167356016
26584,0.04688164234728043,0.15950435188630344,0.7936140057664162
26585,0.199242330797457,0.34459085649238314,0.45616681271015985
26586,0.3395057433099243,0.3131028891923593,0.3473913674977165
26587,0.22121836609430057,0.3696875632778874,0.4090940706278121
26588,0.04401069460894599,0.1943165438339836,0.7616727615570704
26589,0.09333962898280608,0.140424962481376,0.766235408535818
26590,0.054797371223844774,0.6062765228665418,0.3389261059096136
26591,0.2905059205017349,0.6997037898772924,0.009790289620972777
26592,0.3965673951875892,0.07129077173046451,0.5321418330819463
26593,0.09108324966850255,0.1243477331733404,0.7845690171581571
26594,0.27659483371367505,0.08191205764033237,0.6414931086459926
26595,0.019758013034590977,0.09223655788586609,0.8880054290795429
26596,0.08705414593612389,0.1260897450171726,0.7868561090467033
26597,0.11105876615191,0.4261191174946278,0.4628221163534623
26598,0.11974800630592772,0.17006065934485332,0.7101913343492189
26599,0.05841804555890749,0.07174016252250293,0.8698417919185896
26600,0.030625326761366218,0.1167302789156389,0.8526443943229949
26601,0.10310601859488483,0.19445455137088186,0.7024394300342333
26602,0.10473887169396955,0.09009913202938985,0.8051619962766405
26603,0.15082626956802014,0.1115333401791112,0.7376403902528685
26604,0.0411267277679124,0.09493088154743551,0.863942390684652
26605,0.13937046520927865,0.19454947481288212,0.6660800599778391
26606,0.24231858507379453,0.19022655417321152,0.5674548607529938
26607,0.11932039931102888,0.8659246325761746,0.01475496811279645
26608,0.017648081474089677,0.10173024290079885,0.8806216756251115
26609,0.10401487565145437,0.14049205208648685,0.7554930722620588
26610,0.31372367884542485,0.6120778228703992,0.07419849828417585
26611,0.0752571633750685,0.20608479722820955,0.718658039396722
26612,0.05973462469713305,0.31568481235865864,0.6245805629442084
26613,0.120787232919872,0.19486154478292386,0.6843512222972042
26614,0.05686646772929176,0.07538554768374187,0.8677479845869664
26615,0.03607295747492685,0.157527617032138,0.8063994254929352
26616,0.02667730104016791,0.09137254014084793,0.8819501588189842
26617,0.15467954357305982,0.16257995394520983,0.6827405024817303
26618,0.15514983727769294,0.2824466124809802,0.5624035502413269
26619,0.2099594858475386,0.1605062053054113,0.6295343088470502
26620,0.2778915600649132,0.6974759999440134,0.024632439991073327
26621,0.03584656102156352,0.08743059790882807,0.8767228410696083
26622,0.1913005113633291,0.385752765249953,0.42294672338671785
26623,0.035432096596575764,0.5910690561916763,0.373498847211748
26624,0.0631792719823156,0.20024829355447216,0.7365724344632121
26625,0.2336184753599183,0.19281096563271322,0.5735705590073684
26626,0.1609570233765694,0.07834069835355623,0.7607022782698745
26627,0.07562416090358495,0.12936217167927597,0.7950136674171391
26628,0.05383388077049598,0.260187023914563,0.685979095314941
26629,0.04674730749143348,0.05647101867005021,0.8967816738385161
26630,0.05811375798882448,0.1660893123662784,0.7757969296448972
26631,0.046362418619120785,0.050297588862314405,0.9033399925185647
26632,0.17746277841904246,0.12707673787658819,0.6954604837043694
26633,0.036685506865209674,0.24273685014349963,0.7205776429912907
26634,0.10211847972435925,0.044151444882979264,0.8537300753926615
26635,0.06333767056350384,0.22472842354858516,0.7119339058879111
26636,0.03992022727647346,0.20325995684786163,0.7568198158756648
26637,0.0114378176758426,0.03987244324968406,0.9486897390744732
26638,0.04123434390846468,0.5306384657879191,0.4281271903036163
26639,0.3810587107059786,0.3209637966220054,0.29797749267201606
26640,0.05776047483720412,0.10690853503799688,0.835330990124799
26641,0.08675969555892665,0.6878186705394237,0.2254216339016497
26642,0.0295135418995108,0.07145158859119244,0.8990348695092967
26643,0.05631497026746338,0.11254838147896924,0.8311366482535673
26644,0.03127175288956715,0.1335345223408557,0.8351937247695772
26645,0.08617412649825715,0.09611326489509465,0.8177126086066483
26646,0.40493187711333195,0.16672680199825463,0.4283413208884133
26647,0.09470462629683248,0.14082236433545695,0.7644730093677105
26648,0.07910165647009748,0.5819891847960985,0.33890915873380395
26649,0.03627410120967336,0.13908782394696284,0.8246380748433637
26650,0.6345244732039917,0.3047919994630053,0.06068352733300306
26651,0.3234401768126232,0.6480105655910292,0.028549257596347553
26652,0.3260728946923312,0.1273886462501122,0.5465384590575567
26653,0.2180640399681466,0.1396633274723129,0.6422726325595405
26654,0.14209443326902335,0.26804465434465763,0.5898609123863189
26655,0.09865566263547153,0.37565248069501683,0.5256918566695117
26656,0.10217857622468814,0.17223021602076266,0.7255912077545492
26657,0.08349646154277607,0.20630056249442527,0.7102029759627986
26658,0.056691763055400975,0.2783715453029258,0.6649366916416731
26659,0.12210055397052819,0.3495594656869383,0.5283399803425336
26660,0.05180847080619602,0.1954156789267084,0.7527758502670956
26661,0.11129422854057237,0.10514544118957209,0.7835603302698555
26662,0.0495202955404358,0.16824244742982553,0.7822372570297386
26663,0.04573895018762749,0.09197083350081198,0.8622902163115606
26664,0.05786919538255982,0.13929665522771126,0.802834149389729
26665,0.18739355162778515,0.15707467547124893,0.6555317729009659
26666,0.01851448162823703,0.7642757103844302,0.21720980798733283
26667,0.03781311107499841,0.03341956647104817,0.9287673224539533
26668,0.12327070552695409,0.45436916333085353,0.42236013114219234
26669,0.05864565688355969,0.30196890674871235,0.639385436367728
26670,0.2885111768453354,0.3916171591111717,0.3198716640434929
26671,0.13417498878372858,0.05612579487349499,0.8096992163427765
26672,0.09386196563817881,0.07785093652413783,0.8282870978376833
26673,0.13429633588440218,0.14521163172681595,0.7204920323887819
26674,0.2801636799638385,0.11628929116826299,0.6035470288678986
26675,0.07010001184594432,0.10903000475530374,0.820869983398752
26676,0.06921241466748079,0.12437661865305305,0.8064109666794662
26677,0.02065337389074121,0.08236040852127818,0.8969862175879805
26678,0.08434800882663034,0.29249211254693486,0.6231598786264347
26679,0.20827354906948686,0.09786754867014821,0.693858902260365
26680,0.0392311715921887,0.06804825495515752,0.8927205734526537
26681,0.018861975137498148,0.048094239970632294,0.9330437848918695
26682,0.06707870031403296,0.21391577019931243,0.7190055294866546
26683,0.04989705398749469,0.37965787004919815,0.5704450759633072
26684,0.0421146058082498,0.14911296811709127,0.808772426074659
26685,0.1349801208964329,0.14471981318647453,0.7203000659170926
26686,0.03552454712361151,0.20176745090937342,0.7627080019670152
26687,0.12837121737688623,0.11421728428365446,0.7574114983394592
26688,0.3045686939439745,0.5054553029534707,0.18997600310255483
26689,0.06802695923868428,0.10839707918276337,0.8235759615785523
26690,0.0539367022914744,0.14984036087928254,0.7962229368292432
26691,0.024106196296470157,0.07357976081921548,0.9023140428843145
26692,0.0194195937542012,0.3290556327252658,0.6515247735205331
26693,0.15721718648501523,0.08988358216327473,0.7528992313517101
26694,0.6630168523896717,0.3126386211733502,0.024344526436978098
26695,0.06168915888889284,0.09638103826445388,0.8419298028466534
26696,0.1165400335196774,0.0768299666430327,0.8066299998372899
26697,0.03144890988133591,0.03358385481882107,0.9349672352998432
26698,0.04615132137735427,0.06272689005267701,0.8911217885699687
26699,0.0886177839661447,0.3669962594532222,0.544385956580633
26700,0.05641131609107768,0.29283288502496085,0.6507557988839614
26701,0.10961124002781023,0.4468112545199108,0.4435775054522789
26702,0.17819407863948286,0.38151546523716723,0.44029045612335
26703,0.041769333043332635,0.20342155538440837,0.7548091115722593
26704,0.06631582405464181,0.10370805769583441,0.8299761182495238
26705,0.044582648364461054,0.07202027457949393,0.883397077056045
26706,0.07489973781212517,0.15187818809326356,0.7732220740946112
26707,0.5704809938553356,0.03794053938296513,0.39157846676169933
26708,0.09141054443827881,0.1367100975510753,0.7718793580106458
26709,0.048898775358140384,0.04695682957396749,0.9041443950678922
26710,0.14158721078787984,0.1638541470921414,0.6945586421199789
26711,0.2010436995344521,0.1010594064134876,0.6978968940520605
26712,0.09796322959933912,0.1269046158166723,0.7751321545839888
26713,0.18306552982326402,0.37423049628660837,0.44270397389012756
26714,0.02706645491766905,0.07779150679259257,0.8951420382897383
26715,0.04769493641734607,0.2960456753022015,0.6562593882804525
26716,0.14406414485806873,0.48464474283450154,0.3712911123074297
26717,0.04833949428217154,0.23799250752160173,0.7136679981962267
26718,0.1187111678422079,0.19267680685869426,0.6886120252990978
26719,0.09719541684475853,0.16022105676907758,0.7425835263861639
26720,0.04305865055488223,0.20782800497194173,0.7491133444731761
26721,0.06127511219696194,0.35443250558889744,0.5842923822141406
26722,0.1896984036185085,0.11518037044481629,0.6951212259366751
26723,0.0755028709265651,0.23500941181852728,0.6894877172549077
26724,0.07561430880150424,0.33928145995271863,0.5851042312457772
26725,0.013049591221910743,0.32869822960232953,0.6582521791757598
26726,0.11927468150007121,0.4735368431566019,0.40718847534332697
26727,0.01954090025200612,0.06434259483028776,0.916116504917706
26728,0.03382126999283384,0.06955327120524785,0.8966254588019184
26729,0.06746809495442853,0.20955605794198906,0.7229758471035823
26730,0.10781944458794913,0.4073474052946529,0.4848331501173979
26731,0.042861657069836086,0.15454103997592933,0.8025973029542346
26732,0.18135385148398006,0.8122143323735493,0.00643181614247065
26733,0.04449720626513688,0.1073509476140138,0.8481518461208494
26734,0.04403896568765517,0.2925274398048839,0.663433594507461
26735,0.07208137686661192,0.19853399294396593,0.7293846301894221
26736,0.03859811070881336,0.10578279974363713,0.8556190895475493
26737,0.1098528749692579,0.21694620399914546,0.6732009210315967
26738,0.03811470727211848,0.1153668003867155,0.846518492341166
26739,0.38610228231211896,0.09233434892556858,0.5215633687623125
26740,0.059233135813974665,0.05834787734152602,0.8824189868444994
26741,0.16495427690296272,0.8155440215412407,0.019501701555796395
26742,0.026308426307271603,0.11981589716043074,0.8538756765322977
26743,0.14527965734627288,0.17649516823567538,0.678225174418052
26744,0.12346708858891822,0.16440586396046275,0.712127047450619
26745,0.045475391055505715,0.13097301397895797,0.8235515949655363
26746,0.1551812804699194,0.1576887139563728,0.6871300055737078
26747,0.11366657179555369,0.40475197596344725,0.4815814522409991
26748,0.22387198943979594,0.39261346505118466,0.3835145455090194
26749,0.07518127043215579,0.24323742038821303,0.6815813091796311
26750,0.07111281803756658,0.14841583649468984,0.7804713454677437
26751,0.05303558390839632,0.29379461329635337,0.6531698027952503
26752,0.05708492464136566,0.6022763753481428,0.34063870001049157
26753,0.10428956519387608,0.06737224011770661,0.8283381946884172
26754,0.0957470055295103,0.050236298669074406,0.8540166958014153
26755,0.03984339987825009,0.08589572533684967,0.8742608747849004
26756,0.04873075330022984,0.0857041011997297,0.8655651455000405
26757,0.154512114000025,0.09411362612573484,0.7513742598742401
26758,0.05892458817621468,0.1462794768715589,0.7947959349522264
26759,0.06307239215010187,0.3004671978023885,0.6364604100475098
26760,0.10106377075230391,0.329474560457621,0.569461668790075
26761,0.06005744697832727,0.07673536301376128,0.8632071900079115
26762,0.08614582995703103,0.17550029476722578,0.7383538752757433
26763,0.025928020013658532,0.10316495095770711,0.8709070290286345
26764,0.041512125865846815,0.14831515826251593,0.8101727158716372
26765,0.09479660970196598,0.1071149200654381,0.798088470232596
26766,0.08398109418940122,0.38292384053532325,0.5330950652752756
26767,0.10068286484751542,0.22727696116065157,0.672040173991833
26768,0.04996140784631841,0.9416568679655339,0.008381724188147826
26769,0.10266711494551876,0.24419736585591792,0.6531355191985634
26770,0.07810282105724169,0.2018179090082292,0.7200792699345291
26771,0.16780878038879207,0.804916755532235,0.027274464078973073
26772,0.5964163773371609,0.04485143014693108,0.35873219251590815
26773,0.09825967537828226,0.06193005887649469,0.8398102657452231
26774,0.024581944029077936,0.12393050679209411,0.851487549178828
26775,0.029281274722426795,0.20540610567138134,0.7653126196061918
26776,0.08261985992807969,0.15806344977399306,0.7593166902979273
26777,0.05134975171573572,0.10629162349010635,0.8423586247941581
26778,0.03567013790448303,0.07873045445617753,0.8855994076393395
26779,0.09637986538995573,0.1258397802840743,0.7777803543259698
26780,0.04310107264555871,0.19043626356926008,0.7664626637851812
26781,0.07953952651243588,0.19992104371751862,0.7205394297700456
26782,0.03797584879872308,0.10830543070980439,0.8537187204914725
26783,0.1663185186790597,0.2917980596192135,0.5418834217017268
26784,0.09939388174722591,0.46375965417644927,0.4368464640763249
26785,0.06911171293183686,0.17720867528134718,0.753679611786816
26786,0.5474743297010759,0.07158171510789954,0.38094395519102453
26787,0.02830406781292953,0.047335482798560057,0.9243604493885105
26788,0.15275475500687527,0.14854472619064707,0.6987005188024776
26789,0.17050541492585078,0.24072427279271322,0.5887703122814361
26790,0.034498267587851746,0.08951461226429785,0.8759871201478504
26791,0.061406457640304425,0.0753012817022693,0.8632922606574263
26792,0.17152662195838922,0.12390661273727072,0.70456676530434
26793,0.06251254823304314,0.12589065285506582,0.8115967989118912
26794,0.017636937642569066,0.15396775218038916,0.8283953101770417
26795,0.09721590602528246,0.25756488984804315,0.6452192041266744
26796,0.04156160292541112,0.9577131712079476,0.0007252258666412419
26797,0.056825523010561416,0.39618249350459345,0.5469919834848452
26798,0.22415088263997093,0.1785147444599119,0.5973343729001173
26799,0.13339795028230395,0.13180076018979814,0.7348012895278978
26800,0.01924401350083991,0.9749886230091102,0.005767363490049898
26801,0.1668371089157944,0.33875017993556067,0.4944127111486449
26802,0.07601592944617551,0.10252057680423408,0.8214634937495905
26803,0.0795659525272096,0.1524241076216937,0.7680099398510967
26804,0.06157605249174848,0.15355647318737115,0.7848674743208802
26805,0.013171974946595399,0.09514317356382802,0.8916848514895767
26806,0.05133610820303472,0.13012379200015536,0.81854009979681
26807,0.11036204625865337,0.177723272813105,0.7119146809282415
26808,0.04640664638677647,0.22129715836900898,0.7322961952442145
26809,0.0972432782059983,0.18400197719495354,0.7187547445990482
26810,0.03125524296905097,0.13317260370729347,0.8355721533236556
26811,0.036831634362709004,0.05392247149806939,0.9092458941392216
26812,0.05290745178543624,0.13077209391982283,0.8163204542947408
26813,0.06511773460413733,0.4118556172545438,0.523026648141319
26814,0.11611619719145629,0.1590599393666844,0.7248238634418592
26815,0.05569149534377561,0.22547213488459533,0.7188363697716289
26816,0.0460641427670698,0.34929254135592225,0.6046433158770079
26817,0.16504676416991565,0.04562995845715976,0.7893232773729246
26818,0.1285681162853873,0.09537570353422192,0.7760561801803909
26819,0.09476899518295011,0.17481726773691045,0.7304137370801393
26820,0.09724772140759791,0.8959650982391226,0.006787180353279368
26821,0.09034355491628916,0.9042637591152562,0.005392685968454498
26822,0.08880755136004767,0.2740065264577217,0.6371859221822306
26823,0.020995884176612904,0.06153300285945848,0.9174711129639288
26824,0.16776178500756422,0.09473680185768933,0.7375014131347465
26825,0.04760057476220517,0.06019898732781549,0.8922004379099793
26826,0.06497659587258146,0.07998531442727065,0.8550380897001478
26827,0.0827101574387392,0.12036980384418812,0.7969200387170727
26828,0.02850019096327737,0.13721665616256995,0.8342831528741527
26829,0.019788647265212327,0.10482007309578993,0.8753912796389979
26830,0.061134535961754125,0.14125138099810222,0.7976140830401437
26831,0.03326985128674847,0.06326628167678161,0.9034638670364699
26832,0.011403481198500034,0.011764982159346581,0.9768315366421534
26833,0.06915331797873289,0.08349592551734188,0.8473507565039253
26834,0.07379150286241856,0.157145292919396,0.7690632042181853
26835,0.4798252607023781,0.12239068324478589,0.39778405605283607
26836,0.2162851439467373,0.3819392809853713,0.4017755750678914
26837,0.13580348638357687,0.038799898867438495,0.8253966147489846
26838,0.08864423472946172,0.3416441078859855,0.5697116573845529
26839,0.7246531317682687,0.05302664602393693,0.22232022220779438
26840,0.11295072423412862,0.32826133413171454,0.5587879416341568
26841,0.01954260641647614,0.046070692040434985,0.9343867015430889
26842,0.054958298516532715,0.17215808719973508,0.7728836142837323
26843,0.15934317574195261,0.08712005946292435,0.7535367647951232
26844,0.21986013457236536,0.34179492435347647,0.4383449410741582
26845,0.5611266803085105,0.02817734387256114,0.4106959758189283
26846,0.07947025604308368,0.09430742943432299,0.8262223145225933
26847,0.058219319031237005,0.23659148238061198,0.7051891985881509
26848,0.10117302321608039,0.06448566720642585,0.8343413095774938
26849,0.19369991636505945,0.08980193430765966,0.7164981493272808
26850,0.06246092959449628,0.3379841009675216,0.5995549694379823
26851,0.11623883359289766,0.2085730719750874,0.675188094432015
26852,0.17527465426751926,0.5836757069787746,0.24104963875370608
26853,0.0685025783716595,0.09737736271129999,0.8341200589170404
26854,0.04141954795130094,0.9533454751648259,0.005234976883873147
26855,0.128639153777262,0.2647689971402039,0.6065918490825342
26856,0.13974306811096449,0.10937438122511099,0.7508825506639244
26857,0.13929678314321345,0.1656052547387272,0.6950979621180592
26858,0.0526764011123674,0.5708800543293945,0.37644354455823803
26859,0.06823262135507444,0.6228069389237197,0.30896043972120585
26860,0.09648898638338824,0.4221406012600864,0.4813704123565254
26861,0.13852712884833354,0.2206917819408978,0.6407810892107686
26862,0.10155499616857755,0.2523141184704034,0.646130885361019
26863,0.0408763394253983,0.1638928037701175,0.7952308568044839
26864,0.03079475517451919,0.33092767257876754,0.6382775722467131
26865,0.05802617944383469,0.06786396894080501,0.8741098516153603
26866,0.020030070977102542,0.0857216155481442,0.8942483134747532
26867,0.05078169518996729,0.0575160407993966,0.891702264010636
26868,0.009363090326467344,0.09016256691361685,0.9004743427599158
26869,0.031087054967576924,0.008287697450699492,0.9606252475817237
26870,0.0174633195473019,0.8463127352672969,0.13622394518540126
26871,0.11300673644288681,0.12773235915195452,0.7592609044051587
26872,0.08096992434835067,0.27813294897355806,0.6408971266780913
26873,0.11878131620781295,0.16633584991365707,0.7148828338785299
26874,0.11666138636016833,0.24616725811583023,0.6371713555240014
26875,0.06858167770753178,0.22124228285184291,0.7101760394406254
26876,0.05754815288582544,0.1346442741452627,0.8078075729689119
26877,0.07811406410140455,0.11813402257411387,0.8037519133244816
26878,0.13101590592909435,0.15528819421941392,0.7136958998514918
26879,0.1300627923337081,0.19385195312060394,0.6760852545456879
26880,0.18263286264963494,0.08542743232079317,0.731939705029572
26881,0.04117843684627568,0.21941111914507602,0.7394104440086482
26882,0.2508882593509972,0.04881810135766161,0.7002936392913413
26883,0.03576100780584674,0.05016625623237965,0.9140727359617736
26884,0.06849570489168545,0.29539101640414933,0.6361132787041652
26885,0.23068108974555568,0.16023292314896195,0.6090859871054826
26886,0.10739156226235388,0.1136249356519588,0.7789835020856875
26887,0.015610928154215688,0.10859409037237626,0.8757949814734082
26888,0.14485445640148953,0.1616466453374889,0.6934988982610215
26889,0.0671440415615662,0.11802815146930962,0.8148278069691242
26890,0.025813312939337932,0.10206373313266537,0.8721229539279968
26891,0.056649760731321254,0.37433546163517595,0.5690147776335029
26892,0.1349104881763502,0.3129849716959549,0.5521045401276949
26893,0.044411322143238,0.12368575663671384,0.831902921220048
26894,0.08156356976699441,0.06472441224641955,0.8537120179865861
26895,0.10636720126103162,0.28506013503220873,0.6085726637067597
26896,0.07984675179569571,0.3319676178555413,0.5881856303487631
26897,0.0534241615429148,0.17216364910830118,0.7744121893487841
26898,0.033522557443361946,0.06718783681742634,0.8992896057392117
26899,0.04307308225271211,0.17896235017787676,0.7779645675694112
26900,0.11562761396689969,0.2525917363640059,0.6317806496690944
26901,0.054827876968400975,0.28479611206588656,0.6603760109657125
26902,0.039773123479143586,0.05386551367149281,0.9063613628493636
26903,0.09625327440388458,0.2718561638106387,0.6318905617854766
26904,0.5658642929511243,0.422951814402724,0.011183892646151843
26905,0.0895277918906036,0.2905206392745648,0.6199515688348316
26906,0.03293648276126481,0.05979484201452886,0.9072686752242062
26907,0.10717541960523952,0.04912062563638393,0.8437039547583765
26908,0.043626194094811374,0.14367080367284107,0.8127030022323476
26909,0.03072941705819643,0.5330376102210072,0.43623297272079653
26910,0.10239523319627579,0.42216032481332166,0.4754444419904024
26911,0.18299070112863444,0.2504315380229925,0.566577760848373
26912,0.04462787753852934,0.1003462159801154,0.8550259064813551
26913,0.18837203143569126,0.17246754196500585,0.6391604265993028
26914,0.0947015388834332,0.24419813373195476,0.661100327384612
26915,0.11041417237174496,0.09887931319002606,0.7907065144382288
26916,0.06705784527406033,0.9302727516786626,0.0026694030472771187
26917,0.04338391304121106,0.12354416363098555,0.8330719233278034
26918,0.0922735919430996,0.13511443424705735,0.772611973809843
26919,0.5623936181297869,0.100606876825093,0.3369995050451201
26920,0.04739719168944353,0.40086789448018334,0.5517349138303731
26921,0.01457959898923334,0.7388671297527712,0.24655327125799525
26922,0.04399549717730675,0.5160670948200317,0.43993740800266157
26923,0.060717938461280485,0.12271101967224686,0.8165710418664727
26924,0.07335757719671757,0.08355847753386832,0.8430839452694142
26925,0.0831564227018749,0.043488473366795816,0.8733551039313293
26926,0.08084696589286529,0.36423113893581566,0.5549218951713191
26927,0.04756559219720664,0.22981385691090533,0.7226205508918881
26928,0.10322914050805482,0.887941517885583,0.008829341606362102
26929,0.0618477548499075,0.18367370771460922,0.7544785374354831
26930,0.03867365155531138,0.45892944482536635,0.5023969036193223
26931,0.19448302465881526,0.800112121530917,0.005404853810267757
26932,0.04210696305320656,0.6959864794117043,0.2619065575350892
26933,0.30652109245693243,0.14175166428199298,0.5517272432610745
26934,0.11439808720031117,0.1072033729278864,0.7783985398718023
26935,0.06763920388946497,0.1420787097532982,0.7902820863572368
26936,0.0958670342895209,0.05199648435126363,0.8521364813592156
26937,0.06818330010871415,0.24366121325387935,0.6881554866374064
26938,0.12232412603396657,0.865460369148979,0.012215504817054622
26939,0.35052010634825614,0.6377769908339601,0.011702902817783807
26940,0.05620266186196917,0.060550756354923116,0.8832465817831077
26941,0.06924522323938165,0.1362460698951567,0.7945087068654618
26942,0.2386267789731561,0.2238884622869263,0.5374847587399176
26943,0.04404752335950383,0.3038324106860534,0.6521200659544426
26944,0.06669181373228586,0.079448460845117,0.853859725422597
26945,0.11951009750385672,0.39146408205447664,0.48902582044166665
26946,0.05941604595035578,0.11324723164544048,0.8273367224042039
26947,0.05894357611666729,0.3951921424064165,0.5458642814769161
26948,0.10940936277836287,0.28741177586418815,0.6031788613574489
26949,0.4153078274115361,0.13022353971152265,0.4544686328769414
26950,0.23955275243661933,0.23107803932333107,0.5293692082400496
26951,0.2673853739951772,0.38954343336528974,0.3430711926395331
26952,0.11904992927759363,0.340171156464299,0.5407789142581074
26953,0.07895954498448851,0.028373994130756308,0.8926664608847551
26954,0.015762536110952713,0.07145164722361036,0.9127858166654368
26955,0.03938594491109145,0.3835182483318914,0.5770958067570172
26956,0.18610377000623632,0.14417413669317655,0.669722093300587
26957,0.5524661749103791,0.12653544221533194,0.32099838287428895
26958,0.1857437396349754,0.12077092607526224,0.6934853342897623
26959,0.061409964477368954,0.3474890275495039,0.591101007973127
26960,0.18287524277667377,0.11663279291972069,0.7004919643036055
26961,0.08783965561405778,0.10428176636886266,0.8078785780170795
26962,0.032621867539735144,0.5443339923684916,0.4230441400917733
26963,0.15721718648501523,0.08988358216327473,0.7528992313517101
26964,0.07360175269838283,0.1614183245295006,0.7649799227721165
26965,0.06383749784307892,0.35271037626498214,0.583452125891939
26966,0.07984675179569571,0.3319676178555413,0.5881856303487631
26967,0.04981267521005465,0.05678679587011769,0.8934005289198276
26968,0.09018054381904314,0.11961245281719145,0.7902070033637654
26969,0.03112760159907929,0.08048066310167566,0.888391735299245
26970,0.14262234954863567,0.08472465683644377,0.7726529936149205
26971,0.06087920047021941,0.24695164268130776,0.6921691568484729
26972,0.08795130073869149,0.2227035139781201,0.6893451852831884
26973,0.043746620558515054,0.1518312660787079,0.8044221133627771
26974,0.06360815042949863,0.03638810420535729,0.9000037453651442
26975,0.07918498754073931,0.12125356119474984,0.7995614512645108
26976,0.20050973274909914,0.774010281967775,0.025479985283125846
26977,0.06355183069654845,0.27572716002590236,0.6607210092775492
26978,0.029806623339949774,0.12570178808563537,0.8444915885744149
26979,0.041290921788719355,0.3304796297192388,0.628229448492042
26980,0.07131733723774863,0.0776213230849606,0.8510613396772907
26981,0.11986385016119133,0.17905880268321414,0.7010773471555946
26982,0.0367320630744768,0.11374762898710523,0.849520307938418
26983,0.11263521557678209,0.23530008602725416,0.6520646983959638
26984,0.06705765470369499,0.16079992499758797,0.7721424202987168
26985,0.12901940899684153,0.20109877816382943,0.6698818128393291
26986,0.06115481613650128,0.05097809301898589,0.8878670908445128
26987,0.15596120140738057,0.3845250050809471,0.45951379351167226
26988,0.12228598406496899,0.42242796976498465,0.45528604617004653
26989,0.04409569826474957,0.2098385160004416,0.746065785734809
26990,0.10963759314081631,0.08610438135333572,0.804258025505848
26991,0.048106513276145235,0.17244353124725473,0.7794499554766001
26992,0.11147513951621638,0.3370171510150801,0.5515077094687033
26993,0.053304934102849616,0.11160736956892972,0.8350876963282209
26994,0.08712980149838556,0.20024655616229778,0.7126236423393167
26995,0.04826986833230883,0.30216060884522505,0.649569522822466
26996,0.033170821330682415,0.08664245775259295,0.8801867209167246
26997,0.25413390878400777,0.35635207535904023,0.38951401585695206
26998,0.2232149442701089,0.10291191361844822,0.6738731421114429
26999,0.20477980707748936,0.10742786418218823,0.6877923287403224
27000,0.05462270624861,0.5127677989097787,0.43260949484161115
27001,0.03147316020376293,0.28240641340683176,0.6861204263894053
27002,0.054316858982460865,0.2628575086820953,0.6828256323354437
27003,0.24932067782254164,0.12134191408042498,0.6293374080970335
27004,0.022754337484105124,0.24318807418293764,0.7340575883329571
27005,0.05764016501496889,0.21434413868069055,0.7280156963043407
27006,0.08498565968107573,0.10840062181771316,0.8066137185012111
27007,0.06945153288855194,0.6778880533077714,0.2526604138036767
27008,0.08630592624726934,0.16121982646739352,0.7524742472853371
27009,0.03458508617603529,0.21004579951884644,0.7553691143051184
27010,0.03290226423244394,0.1280225501330564,0.8390751856344996
27011,0.15084787655453027,0.41569752561483575,0.433454597830634
27012,0.04239855432200726,0.06461549133386035,0.8929859543441325
27013,0.30417334095796533,0.11582526166807688,0.5800013973739578
27014,0.060758411633745735,0.5716906667921188,0.3675509215741356
27015,0.07576255869652931,0.2872222075611235,0.6370152337423471
27016,0.06443677462176862,0.09404439116405518,0.8415188342141762
27017,0.10513393351659989,0.21461729626460904,0.6802487702187912
27018,0.03956941668261766,0.14353810741084605,0.8168924759065361
27019,0.12348942426957968,0.12188187222278753,0.7546287035076328
27020,0.05871584871986113,0.31000903646312206,0.6312751148170168
27021,0.05505805493406023,0.2984652739221023,0.6464766711438377
27022,0.06179862535601241,0.11556783422034395,0.8226335404236436
27023,0.14846420187543208,0.3219999680796557,0.5295358300449122
27024,0.019621061289134142,0.16181450651711718,0.8185644321937484
27025,0.20081510153303722,0.1085467211580379,0.6906381773089248
27026,0.05058046566512993,0.1372371144109454,0.8121824199239245
27027,0.12470355080110004,0.05249247411704497,0.8228039750818549
27028,0.17222019080201634,0.1634883868069969,0.6642914223909869
27029,0.041778187216169674,0.13526913468839974,0.8229526780954304
27030,0.14316590541581153,0.4534445985359353,0.4033894960482532
27031,0.6797689398675598,0.11219116258602359,0.20803989754641664
27032,0.24193996198707435,0.08646773458785668,0.671592303425069
27033,0.09523219263076012,0.07659931707114105,0.8281684902980989
27034,0.06571745176867502,0.07128078833579432,0.8630017598955306
27035,0.4421143856318247,0.1326452179606894,0.42524039640748584
27036,0.07686150185671416,0.05571545623520145,0.8674230419080842
27037,0.17116616793871564,0.204490357931745,0.6243434741295393
27038,0.09721027183785337,0.07964033876445192,0.8231493893976948
27039,0.1692785792475056,0.14326185489195534,0.6874595658605389
27040,0.09633179650265984,0.1299871664996464,0.7736810369976937
27041,0.01605983445987992,0.024850465856740323,0.9590896996833798
27042,0.4072238441421028,0.582285431166866,0.010490724691031142
27043,0.08413459477630462,0.12402548097992165,0.7918399242437736
27044,0.05667489556420416,0.10565855905693025,0.8376665453788655
27045,0.026308432333036574,0.12566083883686446,0.848030728830099
27046,0.02543571487400641,0.07410194581704463,0.9004623393089489
27047,0.08649617672018343,0.4404340232542385,0.47306980002557797
27048,0.23030260433396096,0.7680297432811657,0.0016676523848732619
27049,0.06635167271531811,0.45207586507757785,0.481572462207104
27050,0.03989056077855649,0.17778665704900276,0.7823227821724408
27051,0.07891138644684131,0.22528958565978183,0.6957990278933767
27052,0.03257320551206562,0.10018937193420326,0.8672374225537312
27053,0.04221465914200898,0.22102500665864497,0.7367603341993461
27054,0.08435565197055066,0.12077988260858051,0.794864465420869
27055,0.114524432797456,0.8777910207832973,0.0076845464192468755
27056,0.21024336511783226,0.785397830069662,0.004358804812505838
27057,0.014124388628577435,0.2660978642862901,0.7197777470851325
27058,0.1811091160478929,0.11757378854276807,0.701317095409339
27059,0.12138759287195776,0.08363503767873882,0.7949773694493034
27060,0.07293770820979426,0.17560163601419335,0.7514606557760124
27061,0.3788659751731713,0.10187876252451261,0.5192552623023162
27062,0.10796232598161083,0.10275136748001751,0.7892863065383717
27063,0.056269418986229884,0.11411225319057644,0.8296183278231937
27064,0.025719118232710197,0.04397190997514384,0.9303089717921461
27065,0.04729081281613176,0.26553961841472684,0.6871695687691415
27066,0.05745915493083133,0.06255165625544729,0.8799891888137212
27067,0.08250244345033116,0.18974883336270087,0.727748723186968
27068,0.33333665315505173,0.0625951399032802,0.6040682069416682
27069,0.041074567432681904,0.09405717652364766,0.8648682560436706
27070,0.0511981942736871,0.04316997490744324,0.9056318308188696
27071,0.04376217350104253,0.03640159530232936,0.9198362311966282
27072,0.08603203595678,0.3624681862178998,0.5514997778253202
27073,0.08197264907493454,0.17155717182987706,0.7464701790951884
27074,0.08634980402458055,0.3984813366554731,0.5151688593199464
