index,0,1,2
26457,0.07832927126704776,0.1840427290251826,0.7376279997077697
26458,0.21357720075199846,0.16207219107044116,0.6243506081775605
26459,0.05668030247814562,0.07009216817245277,0.873227529349402
26460,0.12641001942156857,0.13481499729983978,0.7387749832785917
26461,0.08000103730400208,0.2887205438598776,0.6312784188361203
26462,0.057974153575886866,0.16497284612289342,0.7770530003012198
26463,0.38617112879438525,0.6061981088645563,0.007630762341058373
26464,0.15694853412852358,0.1455642282928686,0.697487237578608
26465,0.018327846724595528,0.07993841867653761,0.9017337345988666
26466,0.037446630591054485,0.4251185002594536,0.537434869149492
26467,0.1420070869375317,0.1873195649190652,0.6706733481434032
26468,0.06213027816477692,0.10631612902824118,0.831553592806982
26469,0.393186344316197,0.13128779826196907,0.4755258574218341
26470,0.13027150623946057,0.12236175411595196,0.7473667396445874
26471,0.0630957966093852,0.04540945873204555,0.8914947446585691
26472,0.10738797652180493,0.15410992370079865,0.7385020997773966
26473,0.08656374925887188,0.047484762962868736,0.8659514877782596
26474,0.24219200478910252,0.755821753384807,0.0019862418260906305
26475,0.26767452415115855,0.25181950178793444,0.48050597406090684
26476,0.052416043592315914,0.11642686519749727,0.831157091210187
26477,0.11321311443999678,0.1843789230184625,0.7024079625415407
26478,0.029024218190808627,0.0832176933025502,0.8877580885066411
26479,0.11766066262471608,0.17168264955556187,0.7106566878197221
26480,0.054139627315341256,0.12836714598713844,0.8174932266975202
26481,0.05946422410207237,0.19877625756025938,0.7417595183376681
26482,0.11735972878495432,0.07693160922506781,0.8057086619899777
26483,0.04861035676756816,0.09201086606619098,0.8593787771662408
26484,0.16499834320127607,0.14510327471897702,0.689898382079747
26485,0.054283115195956244,0.05381766597447518,0.8918992188295687
26486,0.08592303095033481,0.19407624564311535,0.7200007234065499
26487,0.08742269445375557,0.08682520035075357,0.8257521051954907
26488,0.2459037060066617,0.7264526289387981,0.027643665054540092
26489,0.04503578615246768,0.24306145595077758,0.7119027578967548
26490,0.10374458725522036,0.2594343552578929,0.6368210574868868
26491,0.0816406936761686,0.1092580820195787,0.8091012243042527
26492,0.05048818248915934,0.12712798698233255,0.822383830528508
26493,0.38218400959440646,0.6154782153472071,0.0023377750583863464
26494,0.2111393709199999,0.29445190273930594,0.4944087263406942
26495,0.03601463922816198,0.04498085151236686,0.9190045092594711
26496,0.0676257732416146,0.3045970404977732,0.6277771862606121
26497,0.053848003092160146,0.6977920322793579,0.24835996462848184
26498,0.17899373054800197,0.4252397556709677,0.3957665137810303
26499,0.0969646791170582,0.15747843220772229,0.7455568886752194
26500,0.09128103938351591,0.3788156804385551,0.529903280177929
26501,0.1672881888341123,0.25308942194179146,0.5796223892240963
26502,0.02652961951875607,0.07233614160253228,0.9011342388787117
26503,0.1558516152929729,0.42278252418150597,0.4213658605255211
26504,0.07985591830941983,0.15562594799885587,0.7645181336917242
26505,0.04261636658639642,0.05015646240500673,0.9072271710085968
26506,0.04944839845993928,0.932387127152097,0.018164474387963717
26507,0.11013032390348826,0.8838954108279964,0.005974265268515517
26508,0.09881057552388794,0.4924777981591944,0.40871162631691754
26509,0.12819409380229516,0.25654886549166944,0.6152570407060355
26510,0.07942083430794883,0.21313229964731958,0.7074468660447316
26511,0.05281424971117329,0.08446132811529868,0.8627244221735278
26512,0.0764348177156452,0.17304400440893575,0.7505211778754189
26513,0.06685856425256807,0.20881197377032612,0.7243294619771058
26514,0.07445190812925163,0.08703238987945748,0.8385157019912909
26515,0.35125650813191894,0.05671046452941068,0.5920330273386705
26516,0.06664096989390218,0.22116568582162355,0.7121933442844742
26517,0.2644901630037627,0.730043888901796,0.005465948094441446
26518,0.07951362821391472,0.09329134939924465,0.8271950223868405
26519,0.45664218893429864,0.08194268191994868,0.46141512914575267
26520,0.03492264645113625,0.8455643559872841,0.11951299756157986
26521,0.06938102294051428,0.21594585718414303,0.7146731198753428
26522,0.12548234876889883,0.1691907310223579,0.7053269202087433
26523,0.10513336739269251,0.2813560684362399,0.6135105641710674
26524,0.021298708872320948,0.12278297983649293,0.8559183112911861
26525,0.2980766974797753,0.188070261784092,0.5138530407361329
26526,0.05402996786101632,0.10331992388389453,0.8426501082550891
26527,0.07066558488737404,0.114507149563781,0.8148272655488449
26528,0.13440328228492318,0.8522266137759179,0.013370103939158981
26529,0.402903830605629,0.06568677624219717,0.5314093931521738
26530,0.029590194271417333,0.06545249785334899,0.9049573078752337
26531,0.05562551309775631,0.1367493351088784,0.8076251517933652
26532,0.26149263406969303,0.13746347289036612,0.6010438930399409
26533,0.0413965964676804,0.04605536274802438,0.9125480407842952
26534,0.05270614425896419,0.13769721900415324,0.8095966367368828
26535,0.05514290772598168,0.17294955226145411,0.7719075400125641
26536,0.06910516217560596,0.25618749640666244,0.6747073414177317
26537,0.08313004579535659,0.0340349345021139,0.8828350197025294
26538,0.033146594852568205,0.4482726553786094,0.5185807497688223
26539,0.05682045595754204,0.17855203319930643,0.7646275108431516
26540,0.08756166113642687,0.746406823522995,0.1660315153405782
26541,0.08399664192187577,0.10293588571564131,0.8130674723624828
26542,0.03396542383590737,0.21302292761432573,0.7530116485497671
26543,0.04972017686014243,0.07761602914058209,0.8726637939992755
26544,0.10082677976768656,0.2136950617847844,0.6854781584475288
26545,0.08563144778228471,0.1825617615806291,0.7318067906370861
26546,0.10485282746634883,0.20949752740579,0.6856496451278612
26547,0.06264842955881325,0.08888692624101384,0.8484646442001728
26548,0.06235643353821463,0.061949928166068556,0.8756936382957169
26549,0.17421637884433347,0.8226852980689134,0.0030983230867530267
26550,0.08138123864074871,0.1846153562736839,0.7340034050855676
26551,0.040755525223424766,0.20102616063035847,0.7582183141462169
26552,0.015398275664472577,0.19906516585865228,0.7855365584768753
26553,0.041086281779762444,0.1069944757262399,0.8519192424939978
26554,0.13584535027303477,0.3394135517809154,0.5247410979460498
26555,0.08001789097339007,0.08940669841242467,0.8305754106141853
26556,0.058406098981748235,0.14733067135244568,0.794263229665806
26557,0.05189901662007667,0.11662114414236435,0.831479839237559
26558,0.4084468323166374,0.11515256210868104,0.4764006055746815
26559,0.26565484871741357,0.13979499443576268,0.5945501568468239
26560,0.07956498508138755,0.2020147421961186,0.718420272722494
26561,0.03445359836557763,0.18089002954400304,0.7846563720904194
26562,0.10217079766310654,0.08005099529901961,0.8177782070378741
26563,0.04556837548552736,0.19769423216397142,0.7567373923505011
26564,0.04981642915079948,0.19652441733349602,0.7536591535157043
26565,0.10714433967652753,0.3433456645304549,0.5495099957930176
26566,0.18685298404581321,0.1371575996311686,0.6759894163230181
26567,0.019545555742220305,0.11879044099277979,0.861664003265
26568,0.4395670491461375,0.5481936129999831,0.0122393378538794
26569,0.047254556906174715,0.11060856516896585,0.8421368779248596
26570,0.15161035159252442,0.34636469433922706,0.5020249540682487
26571,0.033150823013557984,0.0679708205056253,0.8988783564808167
26572,0.08021817832778434,0.18412392356163398,0.7356578981105816
26573,0.04880326231876942,0.20683463581029174,0.7443621018709389
26574,0.17789983886408897,0.08382409576631382,0.7382760653695973
26575,0.09734969045767163,0.19807288143030208,0.7045774281120262
26576,0.17334189349263,0.08036487509217717,0.7462932314151929
26577,0.06260082957189182,0.09656919312634994,0.8408299773017583
26578,0.15336577061389378,0.24821156922606202,0.5984226601600441
26579,0.09849794957054359,0.8999146899045741,0.001587360524882078
26580,0.09573316716189567,0.10585832541320929,0.7984085074248948
26581,0.074078339262091,0.1612629594938942,0.7646587012440147
26582,0.023258966894297278,0.07536153441128264,0.90137949869442
26583,0.10660765720886667,0.12048112115973793,0.7729112216313955
26584,0.048355924597503076,0.1603920279801652,0.7912520474223318
26585,0.20842250399704554,0.34494807661941596,0.44662941938353845
26586,0.33118564247620325,0.31905548441466913,0.34975887310912773
26587,0.21587681050928217,0.37918711275074685,0.404936076739971
26588,0.045940091198786816,0.19436140071401228,0.7596985080872006
26589,0.0947136621300747,0.1406969227503316,0.7645894151195937
26590,0.056469107252124805,0.6040255247627424,0.33950536798513276
26591,0.2831926120985129,0.7069863733313668,0.009821014570120181
26592,0.3920962210716464,0.07330739993426497,0.5345963789940887
26593,0.09081769908128406,0.11881875164857081,0.790363549270145
26594,0.2901481075738049,0.0842298596959231,0.6256220327302721
26595,0.020355051022046333,0.0976291438490594,0.8820158051288942
26596,0.08808477643499953,0.12465435226371623,0.7872608713012843
26597,0.10881074976989867,0.4327520954537927,0.4584371547763087
26598,0.11622790705850805,0.1735011032345073,0.7102709897069847
26599,0.05930824383584735,0.06546761597013878,0.875224140194014
26600,0.03140391339577249,0.11176447718266032,0.8568316094215671
26601,0.101019448535466,0.18502752836186687,0.713953023102667
26602,0.1059373141132166,0.07752315527244906,0.8165395306143344
26603,0.14320341891825972,0.10850065469678677,0.7482959263849535
26604,0.043126802437305156,0.09652991700613915,0.8603432805565555
26605,0.14349239155499818,0.18929501292022619,0.6672125955247757
26606,0.2273477736590456,0.18862889338202904,0.5840233329589254
26607,0.11968826261922311,0.865617773016422,0.014693964364355017
26608,0.016463866102695564,0.1038391591151026,0.8796969747822018
26609,0.09471505624295824,0.135881876372137,0.7694030673849048
26610,0.31617089858252845,0.6128904290242662,0.07093867239320537
26611,0.07560617729253724,0.20485672086910092,0.719537101838362
26612,0.06347391846861965,0.31420761954476556,0.6223184619866149
26613,0.1165913234277,0.18861515981337731,0.6947935167589225
26614,0.056781014036591894,0.07670274582909431,0.8665162401343137
26615,0.03388632929481356,0.13941207463810668,0.8267015960670799
26616,0.027404863545833772,0.08960074818276327,0.8829943882714028
26617,0.15183819120579953,0.15507069524717476,0.6930911135470259
26618,0.14775376216282252,0.2763199234801138,0.5759263143570635
26619,0.19739126748926203,0.16144642169452125,0.6411623108162169
26620,0.2791103908970051,0.6961918498159253,0.024697759287069715
26621,0.03494919616537161,0.09051110530112587,0.8745396985335027
26622,0.19176766855631103,0.37910457199472486,0.4291277594489642
26623,0.033951752679260504,0.5932369877240292,0.3728112595967103
26624,0.06379275332999045,0.20073929478653985,0.7354679518834698
26625,0.24362956675461164,0.18820933441096002,0.5681610988344284
26626,0.16318854268484487,0.07901738819773917,0.757794069117416
26627,0.06882796760373311,0.11624427974169944,0.8149277526545674
26628,0.06025184850489832,0.2706123078671404,0.6691358436279612
26629,0.048792187195049026,0.05774929854933481,0.8934585142556161
26630,0.05839284493071664,0.16620064508779267,0.7754065099814905
26631,0.04737308071569551,0.04862508289186435,0.9040018363924404
26632,0.16968110221979707,0.13083485618436577,0.6994840415958371
26633,0.038993246223340945,0.23457973749573124,0.7264270162809278
26634,0.10188445444957735,0.04545978950377174,0.852655756046651
26635,0.06438808018517872,0.22540853680223075,0.7102033830125905
26636,0.04186946685011437,0.20723627815847415,0.7508942549914116
26637,0.01263369534387264,0.042361935406679624,0.9450043692494478
26638,0.04342049331883705,0.519233658529899,0.4373458481512638
26639,0.37516187342008744,0.31360552760994115,0.3112325989699714
26640,0.05846607454004207,0.10568609844221416,0.8358478270177438
26641,0.09381450734996284,0.6813405525280759,0.2248449401219611
26642,0.028664033637114113,0.071915141718311,0.8994208246445748
26643,0.05492048139644478,0.11085068388182363,0.8342288347217314
26644,0.032945302413267534,0.13239180582189913,0.8346628917648332
26645,0.09046721369449169,0.09685193649458468,0.8126808498109236
26646,0.4042203124399797,0.1670741063463598,0.4287055812136605
26647,0.09480436185942472,0.13529536868116782,0.7699002694594071
26648,0.07946621372682851,0.5796645331807525,0.34086925309241894
26649,0.036945476058338166,0.13865038865300314,0.8244041352886585
26650,0.6343519320296198,0.3080325473318411,0.057615520638539065
26651,0.3324760354165631,0.6406360760503612,0.026887888533075697
26652,0.3222634168211849,0.1257578178981172,0.5519787652806978
26653,0.22719410829804665,0.14593101960163704,0.6268748721003164
26654,0.14386742615536982,0.2691385634834493,0.5869940103611809
26655,0.09354198473822345,0.36802837445594044,0.5384296408058361
26656,0.09952494283613565,0.169743453748277,0.7307316034155873
26657,0.08631661350853675,0.20371110102173842,0.7099722854697248
26658,0.05982669516561608,0.28575834887429236,0.6544149559600916
26659,0.11530633225560606,0.33778078890233426,0.5469128788420599
26660,0.052901730345703855,0.19924942466288006,0.7478488449914161
26661,0.10903054740595436,0.10418918542467896,0.7867802671693668
26662,0.0492784478517034,0.1743273726614604,0.7763941794868362
26663,0.046830650490630565,0.0929377319924129,0.8602316175169565
26664,0.06009271977184951,0.144030873723117,0.7958764065050338
26665,0.18517136291655947,0.15972815907690152,0.6551004780065389
26666,0.01768948593564947,0.7572917663101414,0.22501874775420927
26667,0.03863171038089294,0.03339933249272813,0.927968957126379
26668,0.12423209730962696,0.4611033761773149,0.41466452651305835
26669,0.0590056259900513,0.3085101491027226,0.6324842249072261
26670,0.2810141592920957,0.3827831637462961,0.33620267696160827
26671,0.12664455658825008,0.05832113531905888,0.8150343080926908
26672,0.08834744794635159,0.07491882664804185,0.8367337254056063
26673,0.13111676064246833,0.15512166810167252,0.713761571255859
26674,0.28192362097927864,0.11658964208907503,0.6014867369316463
26675,0.07607707298018403,0.10730446584337373,0.8166184611764423
26676,0.06593685182981561,0.11832115719196253,0.8157419909782219
26677,0.019125260347459483,0.07884008344681666,0.9020346562057241
26678,0.08878520179596429,0.29466057156498754,0.6165542266390482
26679,0.20643685320473804,0.0988950751082464,0.6946680716870154
26680,0.04311966654422649,0.06731196710186965,0.8895683663539035
26681,0.01931217243454648,0.04349155038723624,0.9371962771782171
26682,0.06287483178146117,0.20784233875070415,0.7292828294678347
26683,0.048130450012976674,0.37223163029714373,0.5796379196898794
26684,0.04342954773390456,0.1461512102007231,0.8104192420653725
26685,0.13325746284917564,0.14569204884864465,0.7210504883021795
26686,0.03828975810046603,0.19871511797557073,0.7629951239239632
26687,0.13338003639724857,0.11519197446009184,0.7514279891426595
26688,0.30962931378678243,0.5008821578189487,0.18948852839426875
26689,0.06790123362676848,0.11242324527872878,0.8196755210945028
26690,0.055210563733280565,0.14857301747250698,0.7962164187942125
26691,0.026298301324441508,0.07754921130705335,0.8961524873685051
26692,0.020266984853887688,0.33622034245673693,0.6435126726893755
26693,0.1558796092528695,0.09012512828914997,0.7539952624579804
26694,0.6551317574774247,0.3205000656855634,0.02436817683701212
26695,0.06329762955731501,0.09979359348781801,0.836908776954867
26696,0.1162666554455792,0.0785673609808737,0.8051659835735473
26697,0.030688320703749158,0.03762986640813361,0.9316818128881171
26698,0.04544224806325034,0.06187822704963625,0.8926795248871134
26699,0.08739561570332721,0.3676979389333441,0.5449064453633287
26700,0.05696771874001358,0.29627241851145597,0.6467598627485304
26701,0.1091140483653219,0.44065487533447656,0.45023107630020176
26702,0.1732735451323292,0.3849361404793012,0.44179031438836963
26703,0.04222751632349967,0.19579964519972828,0.7619728384767722
26704,0.06644277545828621,0.09817687472258398,0.8353803498191299
26705,0.04079731357274234,0.07354958160625481,0.8856531048210029
26706,0.07595097196059979,0.15144756427580408,0.7726014637635962
26707,0.5738892519244607,0.04200756987198278,0.3841031782035564
26708,0.09275288267135721,0.13415452231797642,0.7730925950106665
26709,0.05205475986253414,0.046969356769551725,0.9009758833679142
26710,0.14049740517923248,0.16571695135367454,0.693785643467093
26711,0.20087813844741995,0.09969194894536022,0.6994299126072198
26712,0.09442223540917223,0.12698204817660594,0.7785957164142218
26713,0.17847300229967442,0.37080175918617114,0.4507252385141544
26714,0.028807285227292048,0.07634988669848615,0.8948428280742218
26715,0.05105784811937852,0.27396379431367934,0.6749783575669422
26716,0.15225054330848367,0.4700740357906441,0.37767542090087214
26717,0.04929239234540925,0.23552016561368952,0.7151874420409011
26718,0.11923595167602558,0.19245162764800475,0.6883124206759695
26719,0.09623523607998741,0.1626836770454866,0.7410810868745261
26720,0.045271402681674344,0.19608068698890438,0.7586479103294211
26721,0.06256735038132528,0.35972522328886014,0.5777074263298146
26722,0.18608025053807511,0.11551187124797536,0.6984078782139496
26723,0.07915317942632526,0.2394696991437357,0.681377121429939
26724,0.07322780860048776,0.34747253810489326,0.5792996532946192
26725,0.013971447431243964,0.3474651614224655,0.6385633911462906
26726,0.12248037559635917,0.48917586229228455,0.3883437621113563
26727,0.019459008117896737,0.06457050946715588,0.9159704824149474
26728,0.032643495926062034,0.07036606079175518,0.8969904432821828
26729,0.07433167823851945,0.22260457821132032,0.7030637435501602
26730,0.10164846889801253,0.41803301986208957,0.48031851123989794
26731,0.045200925794669285,0.1633676433850235,0.7914314308203075
26732,0.18804915206696896,0.8054172238661915,0.00653362406683956
26733,0.04746432949100147,0.10880623875609403,0.8437294317529044
26734,0.04598280623080133,0.2890588199407273,0.6649583738284714
26735,0.07406434667643076,0.19385750093691112,0.7320781523866581
26736,0.03656651517411678,0.10815884074023661,0.8552746440856467
26737,0.10720747192147702,0.21810002188007094,0.6746925061984522
26738,0.038750024928405444,0.11791784500281743,0.8433321300687772
26739,0.3972850825728235,0.09037693349602176,0.5123379839311547
26740,0.06004127122832239,0.059465273072068205,0.8804934556996096
26741,0.16109935193167216,0.8203155446305009,0.018585103437826826
26742,0.023187413048028457,0.13024607954322262,0.846566507408749
26743,0.14525899008947,0.18002899829355398,0.6747120116169759
26744,0.1248932533029377,0.1677206032145815,0.707386143482481
26745,0.046656297712814786,0.12842467164256602,0.8249190306446191
26746,0.1504995308321459,0.15634031605460336,0.6931601531132507
26747,0.10038836737412704,0.4126816259007999,0.4869300067250731
26748,0.22105779131775408,0.3899306295178447,0.38901157916440116
26749,0.0767646891604372,0.23711423921090144,0.6861210716286613
26750,0.07511437158391578,0.1538994273833513,0.770986201032733
26751,0.058288957393294344,0.2703706017152938,0.6713404408914118
26752,0.05858231418821866,0.6114089573529512,0.33000872845883006
26753,0.10896229724941316,0.06583041257564008,0.8252072901749469
26754,0.09626574830113448,0.0515478697888118,0.8521863819100538
26755,0.03735979269857648,0.08968854429033747,0.8729516630110861
26756,0.046482808326361695,0.08752898633752088,0.8659882053361176
26757,0.15420795061196094,0.09903977303958601,0.7467522763484532
26758,0.058180916743808514,0.1501096300830155,0.7917094531731759
26759,0.06342438650478452,0.2951410982491059,0.6414345152461097
26760,0.10093690063222165,0.347370242122573,0.5516928572452054
26761,0.060473383182712316,0.07704257505341305,0.8624840417638747
26762,0.08539334180735264,0.1747808251606876,0.7398258330319599
26763,0.025212141875286448,0.1013794485776513,0.8734084095470623
26764,0.04310073388497701,0.14426628785749696,0.8126329782575262
26765,0.09595018827821249,0.10343300925768656,0.8006168024641012
26766,0.07560478139834678,0.39186059509358434,0.532534623508069
26767,0.10202134846284772,0.22479127863425197,0.6731873729029002
26768,0.04798395318634633,0.9435965983011111,0.008419448512542537
26769,0.10257215878643221,0.24779831395596238,0.6496295272576055
26770,0.07463221525781218,0.1964137156593011,0.7289540690828867
26771,0.1694199949259867,0.8027170090996675,0.02786299597434593
26772,0.596408368897469,0.04525294929245893,0.3583386818100723
26773,0.0906426813145404,0.061266070974927485,0.8480912477105319
26774,0.026976053300918245,0.12375202917206762,0.8492719175270139
26775,0.029951583775464235,0.21412982676738165,0.7559185894571542
26776,0.08096412717968902,0.15550653393986466,0.763529338880446
26777,0.05207274481072488,0.1101598889804462,0.837767366208829
26778,0.03348431023205079,0.08069027839944999,0.8858254113684993
26779,0.094353695742341,0.12526820322497736,0.7803781010326815
26780,0.04321969859265403,0.18839949780353496,0.7683808036038108
26781,0.08238953415420401,0.19878208619279114,0.718828379653005
26782,0.03929952500198806,0.10870332809765032,0.8519971469003617
26783,0.1640503994866561,0.29331638759119866,0.5426332129221454
26784,0.09006324845764717,0.4863011683726766,0.42363558316967614
26785,0.06666365169450898,0.18054148310513804,0.7527948652003529
26786,0.5475333858427943,0.07089962599310204,0.38156698816410356
26787,0.030942110019253868,0.04872041652591155,0.9203374734548347
26788,0.1459828046505222,0.14949341017375406,0.7045237851757236
26789,0.17543657835695403,0.24139649942248662,0.5831669222205593
26790,0.0342912272677933,0.09490879664290962,0.8707999760892974
26791,0.05729238728400445,0.07612948856540304,0.8665781241505924
26792,0.16683366697759502,0.11948450199281924,0.7136818310295855
26793,0.06197603437876579,0.1351411241710119,0.8028828414502224
26794,0.01810847716327806,0.14799910413563536,0.8338924187010867
26795,0.09698025643386621,0.26251223190716083,0.640507511658973
26796,0.04215107658052539,0.9571236745641462,0.0007252488553284199
26797,0.06157943700503852,0.3922526612006829,0.5461679017942785
26798,0.24190750804062788,0.18582369224221787,0.5722687997171543
26799,0.12838131950330378,0.13972739565590206,0.7318912848407942
26800,0.020605532098202293,0.9736085580398437,0.0057859098619538465
26801,0.17065114989114016,0.3388301831350964,0.49051866697376334
26802,0.07813350650241761,0.10134606147807339,0.8205204320195091
26803,0.08445945516822223,0.15336376637857616,0.7621767784532018
26804,0.05884092167450399,0.15000183370542616,0.79115724462007
26805,0.013518358903425877,0.09074018409542796,0.895741457001146
26806,0.05256279935097,0.1356170454273014,0.8118201552217285
26807,0.11334211575378252,0.18224502458830036,0.7044128596579172
26808,0.050533567985794885,0.22073689492032322,0.7287295370938818
26809,0.10297641707706691,0.1985216715918109,0.6985019113311223
26810,0.03208982248248444,0.14637117357669518,0.8215390039408202
26811,0.0347460327976954,0.04892577656248585,0.9163281906398186
26812,0.05506930007400318,0.12694684471223328,0.8179838552137634
26813,0.06600158313132597,0.4279561562507222,0.5060422606179519
26814,0.11578489753156944,0.16147974811485807,0.7227353543535724
26815,0.05366900846369831,0.22948724713155108,0.7168437444047506
26816,0.047832015574431445,0.34374181768526807,0.6084261667403006
26817,0.157858249075106,0.04435438914960336,0.7977873617752907
26818,0.1221093914732538,0.09447788931867734,0.7834127192080689
26819,0.09358925339005263,0.18049191850820098,0.7259188281017465
26820,0.09879819256259618,0.8945056776453212,0.006696129792082843
26821,0.08237090242937163,0.9124929370758444,0.005136160494783635
26822,0.08916965563848035,0.2803918974196698,0.6304384469418497
26823,0.021236754391428764,0.06401880333754542,0.9147444422710259
26824,0.16545496426027592,0.09458707242270122,0.7399579633170227
26825,0.045760771565692464,0.06554263688697683,0.8886965915473306
26826,0.06489982209722146,0.08016706813572282,0.8549331097670557
26827,0.07917863570847482,0.12674377797847966,0.7940775863130454
26828,0.028835075618671848,0.1309192275920623,0.8402456967892659
26829,0.021024491705851116,0.10704631305354793,0.8719291952406009
26830,0.05817602897906438,0.14628966953511424,0.7955343014858215
26831,0.03529185653672754,0.06857160369010246,0.8961365397731703
26832,0.011575552162890482,0.01165824228403694,0.9767662055530727
26833,0.06493502847243082,0.08417226879716166,0.8508927027304075
26834,0.07325622522650942,0.15897246733576859,0.767771307437722
26835,0.4798881490267104,0.125676821453346,0.3944350295199437
26836,0.2168359679826192,0.3845793145927318,0.39858471742464907
26837,0.12723079489313724,0.038646027122640626,0.8341231779842221
26838,0.08713659472417999,0.3406075041813621,0.5722559010944579
26839,0.7097308780985666,0.05728901261950292,0.23298010928193058
26840,0.11024460749436875,0.33047183054943535,0.559283561956196
26841,0.020756973922898523,0.0461720062258737,0.9330710198512276
26842,0.060071806489689634,0.1715319049121655,0.7683962885981447
26843,0.16043220874833747,0.09008533187352125,0.7494824593781412
26844,0.22460359800673327,0.33828613666642265,0.4371102653268439
26845,0.5626219901474409,0.028217885582429294,0.4091601242701299
26846,0.08060538275409768,0.09508184684229799,0.8243127704036044
26847,0.06143306517262337,0.24697104847845294,0.6915958863489237
26848,0.09795372008325816,0.06152859891495113,0.8405176810017907
26849,0.1922170602712212,0.09196462543904516,0.7158183142897337
26850,0.06391017293065956,0.33065624520178866,0.6054335818675518
26851,0.12370822042710417,0.2063731507658144,0.6699186288070815
26852,0.18496131582801034,0.5705510921222645,0.24448759204972523
26853,0.06804588028535495,0.10357131802937565,0.8283828016852692
26854,0.04127640682819232,0.9530112579532707,0.005712335218536716
26855,0.1293592858589807,0.2687704561151151,0.6018702580259041
26856,0.1365794886834712,0.11233003788241973,0.7510904734341092
26857,0.13983780159638295,0.16644584980948182,0.6937163485941352
26858,0.05472496998855017,0.5641389547379754,0.3811360752734745
26859,0.07200542715906814,0.613589210206008,0.31440536263492397
26860,0.0906341859175576,0.42019826853265907,0.48916754554978326
26861,0.1319972398095599,0.22651275358529607,0.6414900066051441
26862,0.1025318054661309,0.2514434389355927,0.6460247555982764
26863,0.044963736137004086,0.16386879025140175,0.7911674736115942
26864,0.03127118929603808,0.3393493255805651,0.6293794851233969
26865,0.055224965133495035,0.07077756536529954,0.8739974695012056
26866,0.02143462556933985,0.09000870810016169,0.8885566663304983
26867,0.050489109348001715,0.05568849255976858,0.8938223980922299
26868,0.009275033503099373,0.08652848358307115,0.9041964829138293
26869,0.030215930049219703,0.008847976077133626,0.9609360938736469
26870,0.018911526528212014,0.8419213908673849,0.13916708260440303
26871,0.11499321543093995,0.12744025008428372,0.7575665344847763
26872,0.08719933184760403,0.26931523481891123,0.6434854333334844
26873,0.12163174396955949,0.16297277352239356,0.7153954825080472
26874,0.12252630406101826,0.25261208593107265,0.6248616100079093
26875,0.06889459002274066,0.221167570839223,0.7099378391380364
26876,0.05758234803927819,0.1294181966644628,0.8129994552962589
26877,0.08070179095784476,0.11808486809754348,0.8012133409446117
26878,0.12683256453164263,0.13945499641904577,0.7337124390493116
26879,0.13224781491269447,0.19228802234596795,0.6754641627413376
26880,0.20310462421105455,0.08342668824514933,0.7134686875437962
26881,0.04130456273765159,0.22763761567636534,0.7310578215859831
26882,0.25230907039172984,0.05248683969304321,0.6952040899152269
26883,0.034000168260387646,0.050556157325984424,0.915443674413628
26884,0.06532805339989167,0.2915273693954098,0.6431445772046985
26885,0.2247551064257783,0.16415764711127825,0.6110872464629434
26886,0.10054431484019426,0.11467221692267954,0.7847834682371261
26887,0.01638835196250335,0.10997385765919447,0.873637790378302
26888,0.14563261228833835,0.16553577083638774,0.6888316168752738
26889,0.06851607766187963,0.12136257083644525,0.810121351501675
26890,0.02516563085268102,0.10369206984615786,0.8711422993011612
26891,0.06068320535991071,0.374459945930596,0.564856848709493
26892,0.13205343310773685,0.3128164858149933,0.5551300810772699
26893,0.044398025290403466,0.12197867100677277,0.8336233037028236
26894,0.08454020181320855,0.06847452868473462,0.8469852695020568
26895,0.11101473417799168,0.2848005989971486,0.6041846668248597
26896,0.07982316226053823,0.3419533288145957,0.5782235089248661
26897,0.05480531769410288,0.181878882596512,0.7633157997093852
26898,0.036527839441967504,0.06893875006213619,0.8945334104958965
26899,0.044826767759043935,0.18094928988506478,0.7742239423558912
26900,0.11824817583495938,0.26284732390452914,0.6189045002605116
26901,0.05541916939498654,0.28022418858253645,0.664356642022477
26902,0.04300901323683603,0.0553842344265344,0.9016067523366295
26903,0.09503174956042727,0.26945856512650423,0.6355096853130685
26904,0.5266902044768746,0.4613130148316218,0.01199678069150365
26905,0.09245529267415688,0.28101623024159145,0.626528477084252
26906,0.030087901538640938,0.06180968018734594,0.9081024182740133
26907,0.10732936034175074,0.051375025347339426,0.8412956143109097
26908,0.046003182452278295,0.14355282588512633,0.8104439916625953
26909,0.03266443764069374,0.5354845086116212,0.4318510537476851
26910,0.10470274117080186,0.42323424380228797,0.4720630150269103
26911,0.16685134460102893,0.25315044036084833,0.5799982150381228
26912,0.04785910068490698,0.1058160124303314,0.8463248868847618
26913,0.1848464189186417,0.17240493509460883,0.6427486459867494
26914,0.09919079778268096,0.25286842465476606,0.6479407775625531
26915,0.10401256364454907,0.09495916587425916,0.8010282704811919
26916,0.06707544469526744,0.9302924756990268,0.0026320796057057675
26917,0.04323541135546605,0.12485498780231287,0.8319096008422213
26918,0.09050694006458128,0.1385439494910398,0.770949110444379
26919,0.569947769161081,0.10454881737877995,0.32550341346013906
26920,0.044885152323882106,0.3896637558823117,0.5654510917938063
26921,0.015599941062613398,0.7392273878794792,0.24517267105790738
26922,0.04598647083898862,0.5016129067336861,0.4524006224273252
26923,0.056445920638038084,0.11838108245358052,0.8251729969083814
26924,0.07534738502484781,0.08257817879749367,0.8420744361776583
26925,0.08455993228409193,0.04497185290644882,0.8704682148094594
26926,0.08310912538870659,0.37150542517506174,0.5453854494362317
26927,0.05451682964764532,0.2363251996958754,0.7091579706564791
26928,0.10306000631440414,0.8878930454712438,0.009046948214352186
26929,0.05965147266721352,0.1858093959823719,0.7545391313504145
26930,0.03944387642520395,0.45859094986038157,0.5019651737144143
26931,0.1986810394416959,0.7958102397027867,0.005508720855517248
26932,0.042137459021637215,0.6931125619948507,0.2647499789835121
26933,0.30757793855582016,0.13544325764101162,0.5569788038031683
26934,0.11605964202777101,0.11529398546769844,0.7686463725045307
26935,0.06570497886752787,0.14413176631102115,0.7901632548214509
26936,0.09061604499401875,0.05418163286302485,0.8552023221429562
26937,0.07238177229090387,0.23065004067692751,0.6969681870321686
26938,0.12465953692360486,0.864029450037993,0.011311013038402212
26939,0.3586325662357337,0.629897502352385,0.01146993141188121
26940,0.06096787542856158,0.06243816785031219,0.8765939567211265
26941,0.06467544850253025,0.13939228966291253,0.7959322618345573
26942,0.2466144529646199,0.22573201307060775,0.5276535339647724
26943,0.043457820686191966,0.2976483186912557,0.6588938606225524
26944,0.06743790366552065,0.09029367847735704,0.8422684178571221
26945,0.10468918444680468,0.40047269978819133,0.49483811576500386
26946,0.056919293997431626,0.11010429123309078,0.8329764147694775
26947,0.058517218251370295,0.4003576160688356,0.5411251656797941
26948,0.1038129887175789,0.2991798974432675,0.5970071138391536
26949,0.410775822777465,0.13186761584682044,0.4573565613757147
26950,0.23777768319414458,0.2202443379290002,0.5419779788768553
26951,0.25849486816357636,0.38676190306885844,0.3547432287675651
26952,0.12081120307941941,0.3315950405510445,0.5475937563695361
26953,0.07459457313645816,0.028001888669120192,0.8974035381944216
26954,0.014459694414382834,0.07052280896405483,0.9150174966215624
26955,0.03996083941554018,0.38419116055831215,0.5758480000261478
26956,0.18780478619902932,0.14911935515656094,0.6630758586444097
26957,0.5427004505949204,0.13172068865499537,0.32557886075008413
26958,0.18776966788461733,0.12043001934403902,0.6918003127713437
26959,0.06474603989353953,0.35042723928795744,0.584826720818503
26960,0.17618867658264512,0.10969697758857988,0.7141143458287749
26961,0.09063689014049676,0.10221436480777463,0.8071487450517288
26962,0.031096716872302643,0.5389502100757276,0.4299530730519696
26963,0.1558796092528695,0.09012512828914997,0.7539952624579804
26964,0.07278954109432764,0.1578973001313081,0.7693131587743643
26965,0.0658656150772731,0.3464293249434603,0.5877050599792667
26966,0.07982316226053823,0.3419533288145957,0.5782235089248661
26967,0.04785690165086662,0.060407334264020646,0.8917357640851126
26968,0.09175885299750407,0.11951311230777545,0.7887280346947204
26969,0.031389352584006054,0.07633119800199743,0.8922794494139964
26970,0.1436385190907563,0.08693490824021705,0.7694265726690267
26971,0.06054664152904684,0.24500774009729143,0.6944456183736616
26972,0.08544139099475816,0.2245932071026235,0.6899654019026183
26973,0.04769143652085186,0.14509697789419065,0.8072115855849575
26974,0.06378345500453493,0.037921893944648476,0.8982946510508166
26975,0.08610080001176916,0.12847425906789073,0.7854249409203403
26976,0.19422605713364707,0.7811198770650338,0.02465406580131914
26977,0.062613845657406,0.2753375716846245,0.6620485826579696
26978,0.030576819792627604,0.11693161550095414,0.8524915647064185
26979,0.0430647085343086,0.32745476750613417,0.6294805239595571
26980,0.07538523724590826,0.08037129486611459,0.8442434678879772
26981,0.10993059770458573,0.17359743994852392,0.7164719623468904
26982,0.0360549183708324,0.1149674759230193,0.8489776057061483
26983,0.109108030161169,0.2378736017327566,0.6530183681060745
26984,0.06225722239440973,0.15858502914120748,0.7791577484643827
26985,0.12212482363180026,0.1973641433510944,0.6805110330171055
26986,0.06634074313227929,0.0562540257697191,0.8774052310980016
26987,0.16200300958581051,0.3840184629060859,0.4539785275081036
26988,0.12411782960063018,0.41697601187160843,0.45890615852776134
26989,0.04439808417088468,0.20808641798711133,0.747515497842004
26990,0.10694652705233919,0.0805615469778035,0.8124919259698572
26991,0.052728336563054846,0.1751985351885277,0.7720731282484175
26992,0.10591728789956008,0.3567311762395029,0.537351535860937
26993,0.05169334120883071,0.11381897277233849,0.8344876860188308
26994,0.09162562104015505,0.2053183890384174,0.7030559899214276
26995,0.04898608467118093,0.305044776654104,0.645969138674715
26996,0.03462732181351066,0.09046759602243241,0.8749050821640568
26997,0.24952554028604165,0.3572204071574611,0.3932540525564971
26998,0.21843099902466503,0.10424397682259091,0.677325024152744
26999,0.2109761989690558,0.10816056368214368,0.6808632373488005
27000,0.057323013621681095,0.5261974428886386,0.41647954348968014
27001,0.034279939603645115,0.2819095981006407,0.6838104622957141
27002,0.057951490481842456,0.26672455024017067,0.6753239592779869
27003,0.2531291057661574,0.11843395124480745,0.6284369429890352
27004,0.023571645303645906,0.24342261402670598,0.7330057406696481
27005,0.056055771174609186,0.20369856391309163,0.7402456649122993
27006,0.08400412562882081,0.11072381509818041,0.805272059272999
27007,0.06951268354549507,0.6737710158056354,0.2567163006488695
27008,0.0897319582075362,0.1686095488008101,0.7416584929916539
27009,0.03908998594706558,0.21622359832671278,0.7446864157262216
27010,0.03280932788153202,0.13318942735597414,0.8340012447624937
27011,0.15000737849348034,0.42270611457846474,0.42728650692805475
27012,0.04467863583067019,0.06341901915103194,0.891902345018298
27013,0.2937498514645085,0.12041195327005788,0.5858381952654336
27014,0.06035741915866893,0.5725450316996504,0.36709754914168063
27015,0.07737892958077104,0.2911673898684625,0.6314536805507664
27016,0.06540415269913165,0.08524284496132305,0.8493530023395454
27017,0.1066778001535051,0.20968197759148563,0.6836402222550092
27018,0.03949503577714066,0.14403929061940673,0.8164656736034526
27019,0.127060593926697,0.11690560408974045,0.7560338019835625
27020,0.05920881056706162,0.31899509885868454,0.621796090574254
27021,0.05761827364495941,0.2844446714970705,0.65793705485797
27022,0.06480853674123353,0.115961828812925,0.8192296344458413
27023,0.15006826297850437,0.317340588980751,0.5325911480407445
27024,0.02172142593153853,0.16303972192910793,0.8152388521393535
27025,0.19890140287929428,0.10477659850089949,0.6963219986198063
27026,0.053847698455445174,0.13355524918526498,0.81259705235929
27027,0.1258202748869753,0.054012886589451886,0.8201668385235726
27028,0.18130933637049798,0.16668587903091744,0.6520047845985847
27029,0.03923775020456895,0.13835229446471797,0.8224099553307128
27030,0.14154349295189902,0.46090956606528977,0.39754694098281124
27031,0.6898845840010693,0.11012777900116293,0.1999876369977678
27032,0.23836905199060576,0.09260967908884553,0.6690212689205488
27033,0.09715260130869767,0.0809096737114131,0.8219377249798893
27034,0.061720828512714626,0.07770226542522433,0.860576906062061
27035,0.43984964472916643,0.1347296469065314,0.42542070836430224
27036,0.07692194520762578,0.05827467329441328,0.864803381497961
27037,0.16983121918864896,0.19994820528371793,0.6302205755276332
27038,0.0996085952584021,0.08412009408908776,0.8162713106525102
27039,0.1680273823007171,0.14543895267982831,0.6865336650194546
27040,0.09762932747810667,0.12848848295656795,0.7738821895653255
27041,0.016645994763025706,0.025482681894167632,0.9578713233428067
27042,0.3931665291071745,0.5964980660172716,0.010335404875553593
27043,0.08593388194180344,0.1244458317604642,0.7896202862977323
27044,0.05524898844782416,0.10721400303132765,0.8375370085208482
27045,0.027094080951786555,0.12604081799370462,0.8468651010545086
27046,0.02528551255019144,0.06559376051728755,0.9091207269325209
27047,0.08821731229087885,0.42810675301887313,0.483675934690248
27048,0.2283727720596002,0.7700580775047593,0.0015691504356403054
27049,0.06608399788758983,0.456606465704604,0.4773095364078061
27050,0.03989847059927485,0.17002558702357648,0.7900759423771487
27051,0.0766619311964002,0.22727623837681657,0.6960618304267833
27052,0.030478625715026134,0.08979588726235099,0.8797254870226228
27053,0.04457952317348504,0.21937951977825787,0.7360409570482571
27054,0.08458201182296105,0.11654368305312578,0.7988743051239134
27055,0.12172564587150327,0.8703362560541471,0.007938098074349626
27056,0.21645709762044155,0.7794502285863993,0.004092673793159204
27057,0.014712024202900999,0.25950279032190626,0.7257851854751927
27058,0.1819941435995667,0.12000054812589783,0.6980053082745354
27059,0.12032374605178199,0.08734502089956965,0.7923312330486483
27060,0.07466044805321594,0.1677498224197516,0.7575897295270325
27061,0.3708607746730394,0.10470949253573576,0.5244297327912248
27062,0.10477444209319813,0.10267177335764183,0.79255378454916
27063,0.061784098585102316,0.10447811604987567,0.833737785365022
27064,0.026208360046046122,0.0440736792212885,0.9297179607326654
27065,0.04907073341062468,0.2591970831893731,0.6917321834000024
27066,0.055543722561768434,0.059793490224882125,0.8846627872133493
27067,0.08884669246589744,0.1850080259137872,0.7261452816203153
27068,0.3486251442432329,0.06598557157270897,0.5853892841840583
27069,0.04716476577359346,0.09529686522476326,0.8575383690016433
27070,0.05532231695789074,0.04327964605384282,0.9013980369882666
27071,0.048629125632244675,0.03825538154885834,0.913115492818897
27072,0.08209438450286184,0.3552029917844919,0.5627026237126463
27073,0.08178645283553336,0.16577816239695115,0.7524353847675155
27074,0.08861164700665826,0.3880108052888814,0.5233775477044603
