index,0,1,2
26457,0.06910441729587728,0.18971698323071565,0.7411785994734071
26458,0.2142384922499235,0.16259024883930423,0.6231712589107723
26459,0.05898454598345038,0.07121776687298538,0.8697976871435642
26460,0.1230611645339582,0.13995535495641703,0.7369834805096249
26461,0.08300220376922449,0.29449920717164824,0.6224985890591274
26462,0.06011202008892939,0.16502181851153222,0.7748661613995382
26463,0.3861640783230076,0.6058498831284582,0.007986038548534214
26464,0.16015171044859755,0.1419603269791555,0.697887962572247
26465,0.01911953223327962,0.07956962210724844,0.9013108456594717
26466,0.039561971128952905,0.43710752157942756,0.5233305072916196
26467,0.1455596172407306,0.1838230912764701,0.6706172914827992
26468,0.06441167836809508,0.11553214718622215,0.8200561744456826
26469,0.3886046712681477,0.1306618859571634,0.480733442774689
26470,0.12823395159739978,0.12096727225853768,0.7507987761440624
26471,0.06289965256825256,0.048257256725971365,0.8888430907057762
26472,0.10923114742244441,0.16473326595073634,0.7260355866268193
26473,0.08722011383951872,0.048783278394076805,0.8639966077664046
26474,0.23934419053830452,0.7586570674547377,0.001998742006957763
26475,0.268714800129426,0.25770317721516206,0.473582022655412
26476,0.052671782143356445,0.12223844219324728,0.8250897756633964
26477,0.11067959220916565,0.18694711122780433,0.70237329656303
26478,0.02902828385948256,0.08173367868058573,0.8892380374599318
26479,0.11570437362763046,0.17510958894634845,0.709186037426021
26480,0.056839007749940634,0.1294637342371425,0.8136972580129168
26481,0.05579775590923762,0.19131630192225046,0.7528859421685121
26482,0.11574338816645716,0.07912613570370282,0.80513047612984
26483,0.04899246795961412,0.09445608704445965,0.8565514449959265
26484,0.15832222919021352,0.1496344109033555,0.6920433599064308
26485,0.054063428051824486,0.05200137196575309,0.8939351999824225
26486,0.08653599125713152,0.19768374026321145,0.715780268479657
26487,0.09338121356061618,0.09168497710876933,0.8149338093306145
26488,0.24311924840496843,0.7309200784477796,0.025960673147251853
26489,0.04355455514553277,0.2430478601131513,0.713397584741316
26490,0.10303060540020964,0.26209611142326295,0.6348732831765272
26491,0.0839916627004327,0.11134365626806433,0.8046646810315029
26492,0.0520803839597081,0.12743052741243874,0.8204890886278533
26493,0.38122500877192733,0.6163562241915514,0.002418767036521271
26494,0.2073004090963209,0.28603917987490435,0.5066604110287748
26495,0.0344899202885858,0.04565997746398631,0.9198501022474278
26496,0.06797025166238087,0.30850633876477923,0.62352340957284
26497,0.05190292552530114,0.6932197875973618,0.2548772868773372
26498,0.18267241468234907,0.4214854230629723,0.39584216225467855
26499,0.09498896933620643,0.15744611588860108,0.7475649147751924
26500,0.08901585700083765,0.3821543233875924,0.5288298196115698
26501,0.1684670571656369,0.2349126390717811,0.5966203037625819
26502,0.025540220312806762,0.07258285559433972,0.9018769240928534
26503,0.15483698046620487,0.4133897944996548,0.43177322503414045
26504,0.08298650880546274,0.16278265176896667,0.7542308394255706
26505,0.03932325695728046,0.04633976989855151,0.914336973144168
26506,0.053300782710411,0.9275756549921561,0.019123562297432756
26507,0.11930006272022822,0.8742987584044797,0.006401178875291981
26508,0.10220454693757924,0.4853915711337895,0.4124038819286314
26509,0.1271781058864994,0.25516072008307517,0.6176611740304253
26510,0.07991337740062208,0.20390686262305904,0.7161797599763189
26511,0.05073065167443055,0.08380238574304961,0.8654669625825196
26512,0.08102814261895074,0.16811899349613468,0.7508528638849147
26513,0.06641441528445167,0.20947266878218143,0.7241129159333667
26514,0.07396173138863957,0.09045214053680584,0.8355861280745546
26515,0.36126553449799886,0.056237007136719315,0.5824974583652819
26516,0.06669271218124961,0.21705823707336006,0.7162490507453902
26517,0.26276670122925394,0.7316944712817552,0.00553882748899078
26518,0.08093326050490073,0.09776938442135283,0.8212973550737465
26519,0.45802530405061487,0.0868827919092015,0.45509190404018357
26520,0.03720136800978466,0.8429865954524786,0.11981203653773659
26521,0.06735131814081541,0.21807953665489932,0.7145691452042853
26522,0.12511599137375629,0.16644604238013694,0.7084379662461068
26523,0.10642601051810725,0.27966841661102176,0.6139055728708711
26524,0.02253701166852303,0.12992472121238655,0.8475382671190905
26525,0.3056125216133998,0.18397951445790994,0.51040796392869
26526,0.05291151173485373,0.10617102188780668,0.8409174663773394
26527,0.07444560930220895,0.10808860213245698,0.817465788565334
26528,0.13729904271323895,0.8495039226265085,0.01319703466025238
26529,0.40734340063238617,0.06462775276967159,0.5280288465979422
26530,0.02965885178212121,0.05845772903022402,0.9118834191876546
26531,0.05647481410423049,0.13385315305323128,0.8096720328425383
26532,0.2585751616542545,0.13619082767247756,0.605234010673268
26533,0.042594628882385396,0.047930952230740245,0.9094744188868745
26534,0.05239466039582599,0.13627532818390808,0.8113300114202658
26535,0.054859761184103045,0.1882762847771312,0.7568639540387656
26536,0.06963946715643145,0.25717697995863203,0.6731835528849364
26537,0.08203679072930176,0.03325147762645319,0.884711731644245
26538,0.03462986994375719,0.4416442722442926,0.5237258578119501
26539,0.05705652794042062,0.17821355659096544,0.7647299154686141
26540,0.08506295373621635,0.7604737773953737,0.15446326886840994
26541,0.08395280280608591,0.10387778958336316,0.8121694076105509
26542,0.034948221937718224,0.22116069085194495,0.7438910872103367
26543,0.05068059642840885,0.0798478907838867,0.8694715127877043
26544,0.1050336239904443,0.21939821517733143,0.6755681608322242
26545,0.08896093513796977,0.18707532202669205,0.7239637428353382
26546,0.10393053878865005,0.21279703886990464,0.6832724223414454
26547,0.06202343631012482,0.08934997008198088,0.8486265936078945
26548,0.06328696539168424,0.06817366745978075,0.8685393671485349
26549,0.1676846227626455,0.8291732181450826,0.003142159092271818
26550,0.08111381114539207,0.1897422372478637,0.7291439516067443
26551,0.04148802079600391,0.19173717714969118,0.766774802054305
26552,0.016439706352599198,0.18782245709109902,0.7957378365563017
26553,0.04108029829748694,0.10276406628257673,0.8561556354199361
26554,0.13823499972629824,0.33628257825007163,0.5254824220236302
26555,0.08378430695480377,0.08932134771405995,0.8268943453311363
26556,0.06038588546722079,0.149062392628599,0.7905517219041803
26557,0.05404660550308656,0.1146259879265215,0.8313274065703918
26558,0.3963065873788121,0.12062541105881358,0.48306800156237434
26559,0.26784901626182284,0.1422904071991038,0.5898605765390734
26560,0.08193515874913744,0.19967761652664862,0.7183872247242141
26561,0.033529884329467484,0.18605601289139884,0.7804141027791337
26562,0.09837673234507285,0.07701106280383384,0.8246122048510932
26563,0.047941481286878744,0.2073128010713694,0.7447457176417518
26564,0.04777228979814904,0.19754251837279252,0.7546851918290584
26565,0.1096181377590464,0.3417720855042085,0.548609776736745
26566,0.17990306120883087,0.13775615202231012,0.682340786768859
26567,0.019629802698990763,0.11342885790755534,0.866941339393454
26568,0.4451901704119778,0.5436816575200174,0.011128172068005083
26569,0.04677290680025726,0.10461996355031392,0.8486071296494286
26570,0.1464956081919537,0.3561683238272252,0.4973360679808212
26571,0.03465446158280092,0.06971326165562819,0.8956322767615709
26572,0.07886984077464465,0.19101305715083847,0.7301171020745172
26573,0.04721342346700183,0.20498757462495867,0.7477990019080394
26574,0.183387817852035,0.0875053167800986,0.7291068653678663
26575,0.09563295472739489,0.1845502300372212,0.719816815235384
26576,0.17722466994742284,0.08471211909324541,0.7380632109593316
26577,0.061143316714261625,0.09650023049422747,0.8423564527915106
26578,0.1547875148100392,0.2455159399007342,0.5996965452892264
26579,0.1034648051030381,0.8948024174219783,0.0017327774749833762
26580,0.09439210264087139,0.10520520798649727,0.8004026893726313
26581,0.07392703231192498,0.16875598159748773,0.7573169860905873
26582,0.022766454619205515,0.07459262079523157,0.9026409245855629
26583,0.1049260782276298,0.121093453909281,0.7739804678630893
26584,0.04719964014946231,0.16460250507504287,0.7881978547754948
26585,0.20210700068105722,0.34154092213020376,0.45635207718873894
26586,0.3358120252906675,0.3167288707699581,0.3474591039393745
26587,0.22142088023204415,0.3820459919660312,0.3965331278019248
26588,0.047826834348167535,0.1827612791550247,0.7694118864968077
26589,0.09632275170678758,0.14273233773177552,0.760944910561437
26590,0.05482677999686577,0.5998194844409831,0.3453537355621512
26591,0.28558003575050483,0.7051762425960771,0.009243721653418137
26592,0.38855417988555196,0.0728754067872129,0.5385704133272351
26593,0.09281034712752445,0.12405845283143106,0.7831312000410443
26594,0.28087261441875044,0.08677432862673594,0.6323530569545134
26595,0.0207504470018351,0.098329298903044,0.8809202540951208
26596,0.08663954715405806,0.12752028216768824,0.7858401706782536
26597,0.11073677935307534,0.43203619222104583,0.4572270284258789
26598,0.11726965005404953,0.17104382770184168,0.7116865222441088
26599,0.06000356806316066,0.0678415904438835,0.8721548414929559
26600,0.03247660701609432,0.11652963135584812,0.8509937616280578
26601,0.10350364165205496,0.19121113114596483,0.7052852272019802
26602,0.11119775618697386,0.08069908351462203,0.8081031602984043
26603,0.14799564484083144,0.11263859253447225,0.739365762624696
26604,0.041859441045140076,0.09544762554551617,0.8626929334093435
26605,0.1417040186760306,0.18872657524642628,0.669569406077543
26606,0.23709365937876356,0.20135466085763165,0.5615516797636046
26607,0.11847932543070405,0.8667644576671911,0.014756216902104873
26608,0.01719689843918351,0.11083108295218416,0.8719720186086325
26609,0.09797600256452452,0.1442457382605998,0.7577782591748758
26610,0.30311037852018524,0.6253078205207767,0.0715818009590379
26611,0.07871574158696372,0.19852863852824584,0.7227556198847905
26612,0.06587352881181963,0.3218957787776518,0.6122306924105286
26613,0.11221726911215298,0.18176555482495715,0.7060171760628897
26614,0.056133882160593986,0.07845776131650152,0.8654083565229045
26615,0.037540289726842306,0.1438840463251273,0.8185756639480302
26616,0.02818727671374182,0.08714914365435163,0.8846635796319063
26617,0.15656096459651658,0.15827157113442594,0.6851674642690575
26618,0.15567221744516097,0.2740462628172295,0.5702815197376095
26619,0.20214732701848873,0.15775575229592131,0.6400969206855897
26620,0.2763003235640613,0.6992750459054109,0.024424630530527826
26621,0.03570055142169261,0.0897367740100557,0.8745626745682515
26622,0.19289273211109606,0.37765289074905456,0.4294543771398496
26623,0.035247290769445,0.5852356737509186,0.37951703547963656
26624,0.06621463014853267,0.1957650666695543,0.738020303181913
26625,0.23837938514967877,0.18733857093565426,0.5742820439146671
26626,0.15736073577952514,0.07418501258025763,0.7684542516402171
26627,0.06973870906058599,0.11966442049771107,0.8105968704417029
26628,0.056142069337149804,0.27347288374406364,0.6703850469187868
26629,0.04984226026101183,0.0575046649566374,0.8926530747823511
26630,0.05832127056949142,0.16430101165997668,0.7773777177705319
26631,0.04906485868672406,0.0491539434342868,0.901781197878989
26632,0.17831923309051234,0.12949323986975592,0.6921875270397316
26633,0.03821149679562106,0.2418962776971702,0.7198922255072088
26634,0.10336662767142446,0.04407755286847921,0.8525558194600965
26635,0.06166390822113766,0.23842230674511422,0.6999137850337482
26636,0.04100254238052063,0.2037264477547241,0.7552710098647551
26637,0.013002110861678098,0.04410669533792319,0.9428911938003987
26638,0.04387080930438755,0.5248660458258186,0.4312631448697939
26639,0.36663644778298093,0.313763072068271,0.31960048014874815
26640,0.058533603177822746,0.1105733067588591,0.830893090063318
26641,0.08521564658342275,0.6932141620740984,0.22157019134247885
26642,0.028367797936403472,0.07319963237567462,0.8984325696879221
26643,0.05721200814843193,0.1130232341476563,0.8297647577039118
26644,0.03395803659968886,0.13380032938757144,0.8322416340127397
26645,0.08661604911199433,0.09334441800212746,0.8200395328858784
26646,0.3939176844649013,0.16689206075931678,0.43919025477578183
26647,0.09356871228441825,0.13444001316698712,0.7719912745485946
26648,0.08177014540054824,0.58103656755204,0.33719328704741164
26649,0.03834438275352801,0.13557461377078223,0.8260810034756897
26650,0.625903335737727,0.3117884200163991,0.06230824424587375
26651,0.3253528431737792,0.6462128027013044,0.028434354124916617
26652,0.31881696282048577,0.1258893330695098,0.5552937041100043
26653,0.22069289869383854,0.13899284294206982,0.6403142583640917
26654,0.14107089078242183,0.27018811683730304,0.5887409923802751
26655,0.09309706096159812,0.3628068755660538,0.5440960634723483
26656,0.10087354255181116,0.17150613353170052,0.7276203239164885
26657,0.08681219432576598,0.2037646533935372,0.7094231522806967
26658,0.057882002701890825,0.28710715812977794,0.6550108391683312
26659,0.11816751895627714,0.34496492614337887,0.536867554900344
26660,0.05517126425946597,0.19978784168824273,0.7450408940522916
26661,0.10859345883002822,0.10548477653150286,0.7859217646384689
26662,0.05067350073475449,0.1706271380525698,0.7786993612126757
26663,0.045525119235860736,0.095337289052327,0.8591375917118123
26664,0.062208841663935796,0.14551831416274136,0.792272844173323
26665,0.17770605644179682,0.15813282621474806,0.664161117343455
26666,0.018560928346519887,0.7600921334964852,0.22134693815699513
26667,0.04035401712655433,0.03547597369895212,0.9241700091744935
26668,0.12454752948944701,0.45814965641470096,0.4173028140958521
26669,0.0616476415416853,0.3133708611982194,0.6249814972600953
26670,0.2790750216145672,0.37263577585252505,0.3482892025329077
26671,0.1254013074604694,0.05707373553578261,0.8175249570037479
26672,0.09053374271088245,0.07403721356250553,0.835429043726612
26673,0.13593408307333193,0.14866521315858364,0.7154007037680846
26674,0.2686000001624064,0.11408095612612135,0.6173190437114722
26675,0.07515563803697843,0.10678790054940557,0.8180564614136162
26676,0.06644146328880245,0.12241230500883002,0.8111462317023675
26677,0.02074957795023309,0.08396420874404015,0.8952862133057267
26678,0.08675818773020712,0.29281167439019096,0.6204301378796019
26679,0.2031446844899541,0.10165829477255009,0.6951970207374957
26680,0.03980958929510989,0.06601088051997613,0.894179530184914
26681,0.019370999200768315,0.04840281303578846,0.9322261877634432
26682,0.06349501490310873,0.21044555855791702,0.7260594265389745
26683,0.050656990814916314,0.37858480696066976,0.570758202224414
26684,0.041924485214975736,0.14862521857519184,0.8094502962098322
26685,0.1325468542128891,0.14968024017310633,0.7177729056140048
26686,0.03768316097494612,0.20234568453494142,0.7599711544901123
26687,0.13401829124883036,0.1115131272733293,0.7544685814778405
26688,0.31092300604786227,0.4864220381237185,0.20265495582841947
26689,0.06577756193744212,0.11052662350884095,0.8236958145537168
26690,0.05506715556280991,0.1506231274950073,0.7943097169421829
26691,0.026261904046854353,0.0737145183310163,0.9000235776221294
26692,0.018733359502754086,0.3284638777257946,0.6528027627714513
26693,0.15452647839272823,0.09235672434673052,0.7531167972605414
26694,0.6559778139395951,0.31902487650823763,0.02499730955216728
26695,0.06236955475501144,0.10077637815783415,0.8368540670871546
26696,0.11564360367843575,0.07932108021121854,0.8050353161103457
26697,0.03139348270200934,0.036233045716053375,0.9323734715819373
26698,0.04666478527756529,0.06173527986263656,0.8915999348597983
26699,0.09130131610362235,0.3601560572541355,0.5485426266422422
26700,0.05533101595426425,0.2900939516698754,0.6545750323758602
26701,0.11513989418969821,0.4433246849300223,0.44153542088027964
26702,0.16947121391711645,0.3826422305891487,0.44788655549373485
26703,0.03934665134837689,0.1913477601739765,0.7693055884776466
26704,0.06689349316677382,0.10239623763194534,0.8307102692012809
26705,0.03986465495289633,0.07078577793772269,0.889349567109381
26706,0.07490078932927484,0.14876069227268457,0.7763385183980404
26707,0.5597471210844628,0.044224809539501225,0.39602806937603596
26708,0.09503514787479253,0.1383238094863689,0.7666410426388387
26709,0.05400660735729308,0.04693203153404685,0.8990613611086602
26710,0.1421689506976578,0.16319215813459476,0.6946388911677475
26711,0.19622664576816068,0.10448711628532152,0.6992862379465179
26712,0.09757498387927165,0.12589206723453863,0.7765329488861898
26713,0.17855161543222584,0.3774730230665954,0.44397536150117856
26714,0.02585232178978641,0.07533897541383765,0.898808702796376
26715,0.050549891644663704,0.28806461249553533,0.6613854958598009
26716,0.1430831960672228,0.4805737082452189,0.3763430956875584
26717,0.049724629686355604,0.23890420735804244,0.7113711629556022
26718,0.1212189805847373,0.19457873959635952,0.6842022798189032
26719,0.10028885783933462,0.162651465735532,0.7370596764251333
26720,0.043179004995106546,0.20484022519090342,0.75198076981399
26721,0.06169810120295503,0.3534355115310055,0.5848663872660393
26722,0.19248310494887913,0.11519085785505806,0.6923260371960629
26723,0.07662712459754671,0.22833451510830546,0.695038360294148
26724,0.0713468798801213,0.3586077627397557,0.5700453573801232
26725,0.013324396724831815,0.31833934059179764,0.6683362626833703
26726,0.120791236758946,0.478870035349392,0.400338727891662
26727,0.019390734642635025,0.06510844542405601,0.9155008199333089
26728,0.03245260716248491,0.06934215568843481,0.8982052371490805
26729,0.07195213193148496,0.20847899152849084,0.7195688765400243
26730,0.10833672829323518,0.40924273830832575,0.48242053339843904
26731,0.04742875492898558,0.16064077368521276,0.7919304713858015
26732,0.19622831196321563,0.797073436179787,0.006698251856997393
26733,0.048749176005370216,0.1058900920602415,0.8453607319343884
26734,0.0436645839665705,0.2838394975962729,0.6724959184371565
26735,0.0737901990687739,0.1925828978745836,0.7336269030566427
26736,0.037869524048592666,0.10298933764658173,0.8591411383048256
26737,0.10823959289551707,0.21341222874591537,0.6783481783585675
26738,0.03869593599471886,0.11141369160262266,0.8498903724026584
26739,0.39021418375328837,0.09387422930944403,0.5159115869372676
26740,0.061983144070451246,0.06087095483280654,0.8771459010967422
26741,0.16029000913218522,0.8210287376244313,0.01868125324338343
26742,0.02577919006671408,0.12535671953689534,0.8488640903963907
26743,0.14700813324898887,0.17908750848747865,0.6739043582635325
26744,0.11691307614942913,0.164752201645811,0.7183347222047598
26745,0.04802420771722438,0.13608264243079776,0.8158931498519777
26746,0.1490486401329279,0.1553509908223061,0.6956003690447662
26747,0.10102744591900865,0.410938228422385,0.48803432565860655
26748,0.2267412821665081,0.38025247090414394,0.393006246929348
26749,0.07735610724798325,0.2424446805567461,0.6801992121952708
26750,0.07399126841629979,0.1497538728905438,0.7762548586931562
26751,0.058963290532701655,0.2801491415168955,0.6608875679504027
26752,0.0573616039134278,0.6166180500337638,0.3260203460528085
26753,0.10605130188817985,0.06667718474761056,0.8272715133642096
26754,0.09356430222713309,0.049967157701863114,0.8564685400710039
26755,0.041148434766237835,0.08915218834164644,0.8696993768921156
26756,0.050891929894062785,0.08704348483445731,0.8620645852714799
26757,0.1512835806234067,0.09552420429776247,0.753192215078831
26758,0.06161923441166681,0.1451161958573735,0.7932645697309597
26759,0.06521875749500756,0.2971064841539514,0.637674758351041
26760,0.09787714173020318,0.3342272754030637,0.5678955828667331
26761,0.06027795991865512,0.07791269152342618,0.8618093485579186
26762,0.08639183006671008,0.18146433844116674,0.7321438314921231
26763,0.02693172414668271,0.10246551433772393,0.8706027615155933
26764,0.04425903430760954,0.1465276656020509,0.8092133000903395
26765,0.09940036871085443,0.10749538411227644,0.7931042471768691
26766,0.08207133928774074,0.3899575880654453,0.5279710726468142
26767,0.100157996764482,0.2250505502563601,0.6747914529791579
26768,0.04759862982623403,0.9438879009624569,0.008513469211309084
26769,0.09874687298632956,0.24219828515490668,0.6590548418587638
26770,0.07630903879789744,0.19465152770713431,0.7290394334949682
26771,0.16658158723996366,0.8063989889017198,0.027019423858316877
26772,0.5996352238330322,0.04797170672921508,0.35239306943775245
26773,0.09630309905270497,0.0592860085094351,0.8444108924378598
26774,0.025483383933254108,0.12463225540589272,0.8498843606608533
26775,0.030438581055200854,0.2067721488405056,0.7627892701042938
26776,0.08185655154641112,0.15508723173642452,0.7630562167171644
26777,0.05126647554057898,0.10125196132071876,0.8474815631387023
26778,0.033689542042467345,0.07796635414197135,0.8883441038155611
26779,0.09457758935307488,0.12744447772504677,0.7779779329218783
26780,0.04422093738506794,0.20331151526791802,0.7524675473470142
26781,0.08422170121200045,0.1988067951718245,0.7169715036161749
26782,0.04102595229942643,0.10646647473838616,0.8525075729621873
26783,0.16173557919662535,0.29652598328895674,0.541738437514418
26784,0.09910725863169616,0.4581934270351813,0.44269931433312254
26785,0.06620688121381323,0.18798219457831367,0.7458109242078731
26786,0.5482153305823454,0.07145040851112482,0.3803342609065296
26787,0.031089000809193423,0.047407622154277365,0.9215033770365291
26788,0.15165428158554695,0.15708983198262527,0.6912558864318278
26789,0.17396927432135795,0.2394251273119363,0.5866055983667057
26790,0.032445524365166165,0.09063429788989177,0.8769201777449419
26791,0.0592737639298195,0.0781860182132449,0.8625402178569354
26792,0.17745338524133975,0.12749456729721678,0.6950520474614433
26793,0.06354504597490773,0.13590542556855392,0.8005495284565382
26794,0.017728479534339654,0.14671582945128764,0.8355556910143727
26795,0.09681660269379438,0.26606873243730705,0.6371146648688985
26796,0.04626790458814039,0.953003221499787,0.0007288739120726471
26797,0.06209777015166264,0.3978424964213633,0.540059733426974
26798,0.21989927247756977,0.1816927596851764,0.5984079678372538
26799,0.1283230063618165,0.13746853048055424,0.7342084631576291
26800,0.019991949126509326,0.9742366594248008,0.005771391448689997
26801,0.17404177911837151,0.34414015707707074,0.4818180638045579
26802,0.07698940989178193,0.10493131082728871,0.8180792792809295
26803,0.08281380368590527,0.15127221818877415,0.7659139781253205
26804,0.0611785756704468,0.14880092022767605,0.7900205041018771
26805,0.01365331849967643,0.09562764359345344,0.89071903790687
26806,0.05427579243127273,0.13271358820477372,0.8130106193639535
26807,0.10729458193766246,0.1901936425499543,0.7025117755123833
26808,0.04913709541286397,0.2154132842234188,0.7354496203637173
26809,0.10682349623610882,0.1826132560300065,0.7105632477338847
26810,0.03120600160038189,0.1339139517533975,0.8348800466462205
26811,0.03538675810126126,0.051454245291317216,0.9131589966074216
26812,0.052328084005513295,0.12803268066645257,0.8196392353280342
26813,0.0663061014604998,0.42153407641371615,0.5121598221257839
26814,0.11485850646721969,0.15880621519217075,0.7263352783406095
26815,0.05720224745594943,0.22599913176269706,0.7167986207813536
26816,0.04899780123054633,0.340106061491306,0.6108961372781475
26817,0.1609114376151157,0.046847188916575036,0.7922413734683093
26818,0.12419374443732988,0.098445316915515,0.7773609386471552
26819,0.08885028571546105,0.1806734713684421,0.7304762429160968
26820,0.10201967203088663,0.8910108887963929,0.006969439172720427
26821,0.08732515698099745,0.9070857501921966,0.005589092826805908
26822,0.0915827059648861,0.27184150654050004,0.636575787494614
26823,0.02139755313441989,0.06380978651017241,0.9147926603554078
26824,0.16694225443907665,0.09544571332871281,0.7376120322322107
26825,0.0480111603109839,0.06389030960729018,0.8880985300817259
26826,0.06489296706571088,0.08114031116028843,0.8539667217740007
26827,0.08589566348092566,0.11939465884836231,0.794709677670712
26828,0.028709878376964086,0.13572394240578867,0.8355661792172472
26829,0.01976361468441304,0.10067535245039963,0.8795610328651874
26830,0.05935711287612529,0.14750852384718288,0.7931343632766916
26831,0.035309129883314735,0.06552330309442538,0.89916756702226
26832,0.011619829838784677,0.013649887380760437,0.9747302827804551
26833,0.0676219886748979,0.08325106819077382,0.8491269431343282
26834,0.07473301418533888,0.15782082578243273,0.7674461600322285
26835,0.47869735050104156,0.12573955002287446,0.3955630994760838
26836,0.21476187782210826,0.3935982042532205,0.39163991792467123
26837,0.13538004466509188,0.04057469692661929,0.8240452584082889
26838,0.08853830771016391,0.33630591520652486,0.5751557770833112
26839,0.710931859588164,0.05864916687469961,0.23041897353713647
26840,0.11115231296763653,0.3291221862161569,0.5597255008162064
26841,0.023019870948408485,0.04894149440656272,0.9280386346450286
26842,0.05920238881897768,0.18093255653762508,0.7598650546433973
26843,0.15130464448656872,0.08926885967081553,0.7594264958426156
26844,0.22025494472212745,0.33373861197806926,0.44600644329980343
26845,0.549073058174255,0.027539647515851296,0.4233872943098938
26846,0.07791444432065205,0.09066699691251395,0.8314185587668338
26847,0.06332873022386946,0.23744239957211824,0.6992288702040121
26848,0.10231067857810025,0.06295575223214747,0.8347335691897523
26849,0.19536352969162007,0.09204509215055577,0.7125913781578241
26850,0.06290714147243301,0.3214345574585789,0.6156583010689879
26851,0.11771687396490572,0.1990212960721272,0.6832618299629672
26852,0.17595003409101012,0.5716966647650401,0.2523533011439498
26853,0.06905997594578193,0.10854890033659473,0.8223911237176235
26854,0.04424677422929855,0.9500976341935788,0.005655591577122474
26855,0.1298776615083883,0.26500537447740385,0.6051169640142078
26856,0.14768280510815987,0.11347650916299179,0.7388406857288483
26857,0.14058903282621066,0.1678501610146992,0.6915608061590903
26858,0.052241447272408786,0.5802162782702723,0.367542274457319
26859,0.07119733803819839,0.6081301855191177,0.320672476442684
26860,0.09512847619268686,0.41250266243284023,0.49236886137447294
26861,0.13290170732193085,0.2177764241313089,0.6493218685467603
26862,0.1002439279672495,0.2402726463618726,0.6594834256708779
26863,0.043597709003722285,0.16860325981514723,0.7877990311811304
26864,0.030032071354917082,0.33488807390344655,0.6350798547416366
26865,0.05392830595682124,0.06987974061565937,0.8761919534275192
26866,0.01841996792465426,0.08462038820595849,0.8969596438693873
26867,0.05223152986932845,0.05690423421432988,0.8908642359163413
26868,0.009428146618665527,0.08442815342348534,0.9061436999578492
26869,0.03191001871255647,0.008582165496370706,0.9595078157910726
26870,0.018540112036524364,0.8431454040251647,0.13831448393831086
26871,0.11470027963013192,0.12805966220016685,0.7572400581697012
26872,0.0879748174092583,0.28319524897233805,0.6288299336184037
26873,0.11912728659789831,0.16459971384304922,0.7162729995590525
26874,0.12852778867611975,0.2541404262181879,0.6173317851056924
26875,0.07008140925494162,0.2250549757347948,0.7048636150102636
26876,0.05941619845655834,0.12411414016863515,0.8164696613748064
26877,0.07708837560133751,0.11575514094838227,0.8071564834502801
26878,0.1286791408237863,0.14552937147199715,0.7257914877042165
26879,0.1277977275551999,0.19434786531579687,0.6778544071290032
26880,0.19104500829297535,0.08927349781262427,0.7196814938944003
26881,0.04141393964817056,0.23426587442703842,0.724320185924791
26882,0.2520908678000271,0.05460460615360148,0.6933045260463716
26883,0.033804388849490746,0.05046254460185187,0.915733066548657
26884,0.06510496557162543,0.2942121102596571,0.6406829241687174
26885,0.22080013835513385,0.16582868324448172,0.6133711784003846
26886,0.0951615327211011,0.11569480399953068,0.7891436632793684
26887,0.016848049754125526,0.11440054988554835,0.868751400360326
26888,0.14497973528972927,0.1633109379479907,0.6917093267622799
26889,0.06992192064801739,0.12302318714272903,0.8070548922092535
26890,0.026835840556991793,0.10308120288572771,0.8700829565572802
26891,0.06077465445012759,0.35846566190810836,0.580759683641764
26892,0.1212712231749539,0.30954049982832293,0.569188276996723
26893,0.04644921493452228,0.12183673263787968,0.8317140524275979
26894,0.08153053357903868,0.06656072997590537,0.8519087364450562
26895,0.11134233269586667,0.27780620872933637,0.610851458574797
26896,0.08103802248575553,0.3317506451836812,0.5872113323305634
26897,0.05651983012371095,0.1755773515598991,0.7679028183163901
26898,0.03794692502907765,0.06816852515568936,0.8938845498152329
26899,0.046699566175103194,0.189928415003626,0.763372018821271
26900,0.11446904404686731,0.2603939213278223,0.6251370346253105
26901,0.055199102099825745,0.28342441926215217,0.6613764786380218
26902,0.04094343204739788,0.05649638046715919,0.902560187485443
26903,0.09333819853771257,0.2694263470844954,0.6372354543777919
26904,0.5328795893835738,0.4555397977266265,0.011580612889799802
26905,0.09334603206860854,0.2819058266647125,0.624748141266679
26906,0.031830322650383165,0.0629747370196744,0.9051949403299422
26907,0.10702018568513136,0.04928469652845065,0.8436951177864183
26908,0.044947128294067065,0.1417074922094652,0.8133453794964677
26909,0.033106873792581995,0.5330539075698483,0.4338392186375697
26910,0.10364185352860744,0.41664435270623945,0.47971379376515294
26911,0.16947896194472561,0.25002241569902084,0.5804986223562536
26912,0.047118197513124765,0.10439563395442654,0.8484861685324486
26913,0.18463545108149218,0.17383103681963125,0.6415335120988764
26914,0.10029211782276468,0.2434291759034199,0.6562787062738153
26915,0.09918278452118497,0.09253227366484802,0.808284941813967
26916,0.07014528023525438,0.927098508980271,0.002756210784474534
26917,0.04313472866555764,0.12409490823728593,0.8327703630971564
26918,0.08818405383936476,0.1380352844746773,0.7737806616859579
26919,0.5602773754942065,0.10353349772889134,0.3361891267769021
26920,0.04469540307817737,0.3874971693525426,0.56780742756928
26921,0.016191199368148265,0.7406634429871357,0.24314535764471587
26922,0.04355266092793121,0.4967808692946475,0.4596664697774213
26923,0.057137947688019095,0.1233056802603775,0.8195563720516033
26924,0.07599271021264559,0.08418923620378667,0.8398180535835678
26925,0.08815365696769614,0.04469706937349633,0.8671492736588076
26926,0.08495705017387561,0.36335432468223056,0.5516886251438939
26927,0.04953840514811193,0.23472806091920229,0.7157335339326858
26928,0.1018838612261881,0.8890706605132875,0.009045478260524497
26929,0.05761617348106852,0.18787448299312395,0.7545093435258075
26930,0.04110701863456063,0.44442632346923494,0.5144666578962044
26931,0.19310232870266134,0.8013508374816243,0.005546833815714294
26932,0.04368779616428113,0.6852562890214631,0.2710559148142559
26933,0.29885094282909835,0.13364712380425922,0.5675019333666425
26934,0.11159617273080513,0.11591745337543248,0.7724863738937623
26935,0.06646451559622153,0.1448534671136734,0.7886820172901051
26936,0.0886813032286963,0.05483963124547283,0.856479065525831
26937,0.07002619501391905,0.2355788444356434,0.6943949605504378
26938,0.1444770038542251,0.8437107124878306,0.011812283657944189
26939,0.3560538147285221,0.632336543318607,0.011609641952870982
26940,0.06613361635973551,0.06282597179278221,0.8710404118474823
26941,0.06995089223554393,0.14301057315396373,0.7870385346104922
26942,0.2402209451247952,0.2220312461149981,0.5377478087602066
26943,0.04471859318594956,0.29195057917865347,0.6633308276353972
26944,0.06825464396784305,0.0839323733785256,0.8478129826536311
26945,0.11129111016394438,0.38463887782970857,0.504070012006347
26946,0.05955541069928952,0.11192858466678977,0.8285160046339208
26947,0.05919169128324647,0.38876823468257443,0.5520400740341791
26948,0.10491423280606291,0.2944326308469767,0.6006531363469604
26949,0.40275160900068796,0.13140481665044906,0.465843574348863
26950,0.24070606912967246,0.2203756545065366,0.5389182763637909
26951,0.2641429043596282,0.37495606222839123,0.3609010334119806
26952,0.11950752370529036,0.3433492314834733,0.5371432448112364
26953,0.07551092865441628,0.027044162606408163,0.8974449087391756
26954,0.015211467070127195,0.07476639689045385,0.910022136039419
26955,0.03830038005306537,0.3843064877402419,0.5773931322066926
26956,0.18952347136747516,0.15523755395817834,0.6552389746743463
26957,0.5323119248667206,0.1361178027923104,0.3315702723409689
26958,0.18891708654542266,0.12243429271142117,0.6886486207431562
26959,0.061735312613041306,0.3439589474294968,0.594305739957462
26960,0.17827849515500238,0.11575226959996349,0.7059692352450341
26961,0.08790421155987241,0.10380157456681723,0.8082942138733102
26962,0.0312965291217343,0.5429284525349093,0.4257750183433566
26963,0.15452647839272823,0.09235672434673052,0.7531167972605414
26964,0.07287125420565585,0.15823014205664376,0.7688986037377004
26965,0.06577481280954103,0.3452737873933852,0.5889513997970738
26966,0.08103802248575553,0.3317506451836812,0.5872113323305634
26967,0.05242453697707654,0.060432063078611285,0.887143399944312
26968,0.0952537236503133,0.11749044391851314,0.7872558324311736
26969,0.033594351436148764,0.07851437009757038,0.8878912784662808
26970,0.13304297150756228,0.08503885882621962,0.7819181696662182
26971,0.05966699031453506,0.249199160436648,0.6911338492488168
26972,0.08832690615428236,0.22728676694251665,0.684386326903201
26973,0.04842071386580688,0.1638061190433092,0.7877731670908839
26974,0.06468404763514145,0.038828915717396856,0.8964870366474618
26975,0.08568412586409696,0.12421906543694818,0.7900968086989549
26976,0.19721177636755816,0.7777393574328851,0.025048866199556614
26977,0.06494645344266459,0.27796397947458024,0.6570895670827551
26978,0.029065729097825944,0.11736222637443632,0.8535720445277376
26979,0.04353139182287569,0.33301040538705534,0.6234582027900689
26980,0.07736201954361625,0.08397000672525412,0.8386679737311296
26981,0.12044852493665319,0.18030788141615217,0.6992435936471947
26982,0.03758466648362491,0.10802110585222038,0.8543942276641547
26983,0.11241369727740706,0.23366404619843414,0.6539222565241587
26984,0.06670043562810424,0.15864726620014288,0.7746522981717527
26985,0.12871288354347643,0.20372728181569766,0.6675598346408259
26986,0.06692100946267346,0.05447192219191571,0.8786070683454109
26987,0.15566611768692143,0.38599574456172125,0.4583381377513574
26988,0.12647298798887038,0.406494840757003,0.4670321712541265
26989,0.04316157021234708,0.20524147090091976,0.7515969588867332
26990,0.10614160498967977,0.08111717506879922,0.8127412199415212
26991,0.051559482155668454,0.1750726531259524,0.7733678647183793
26992,0.10724181443961177,0.35095847918522877,0.5417997063751596
26993,0.05151959304132805,0.11651705929262617,0.8319633476660457
26994,0.09252204788626672,0.20835077694720971,0.6991271751665237
26995,0.05031795989894171,0.30661549388396764,0.6430665462170906
26996,0.03154603225970002,0.08975761446895106,0.8786963532713488
26997,0.2524231676580513,0.3618127340199136,0.385764098322035
26998,0.21921899085419339,0.11096973226852676,0.6698112768772798
26999,0.2271694358959106,0.11329444941002371,0.6595361146940655
27000,0.0567344084310501,0.521974857093037,0.42129073447591303
27001,0.03242028506994213,0.2814853086983883,0.6860944062316696
27002,0.058786398239921114,0.280026163270741,0.6611874384893379
27003,0.2629189600665521,0.12014452588727202,0.616936514046176
27004,0.023851266315246714,0.2437982945969233,0.7323504390878299
27005,0.059465643482612525,0.20495121906547983,0.7355831374519076
27006,0.0858299771922675,0.11368119401249852,0.8004888287952342
27007,0.06758639371797538,0.67778888901145,0.25462471727057445
27008,0.08799142922662437,0.1722372706895727,0.7397713000838029
27009,0.03837613794193217,0.22636437646580776,0.7352594855922601
27010,0.03219334040579762,0.13381867004910455,0.8339879895450977
27011,0.1573544527972244,0.41040768601918465,0.4322378611835908
27012,0.04370222463615803,0.06159196660888684,0.894705808754955
27013,0.3067776551952904,0.12063489905048852,0.572587445754221
27014,0.061619120367970036,0.5695674068018995,0.36881347283013016
27015,0.07903857608628405,0.300296250184334,0.6206651737293821
27016,0.0671586544732191,0.08775299342943572,0.8450883520973451
27017,0.1083402775262768,0.2106682645777051,0.6809914578960182
27018,0.042255809035750255,0.13962938133130465,0.818114809632945
27019,0.12351441877710939,0.12053520786390039,0.7559503733589902
27020,0.0596562898262055,0.31238639987377725,0.6279573103000172
27021,0.057530228938861484,0.2847417699668794,0.657728001094259
27022,0.06485787670948412,0.11648204769016593,0.8186600756003501
27023,0.14846847531520535,0.3272228579745707,0.5243086667102239
27024,0.02131791026361508,0.1596691174721286,0.8190129722642564
27025,0.20188860460775446,0.1013356647448778,0.6967757306473676
27026,0.051771694269069704,0.1388897068208409,0.8093385989100895
27027,0.13154232814299124,0.05143745309636318,0.8170202187606458
27028,0.17340586318734735,0.1616422423543157,0.664951894458337
27029,0.04032695051480124,0.14508435497029054,0.8145886945149081
27030,0.14303388013276105,0.4571564811287564,0.39980963873848246
27031,0.6673153727185624,0.12054281657368246,0.21214181070775495
27032,0.23600125101897007,0.09312477678289223,0.6708739721981377
27033,0.09917809995147991,0.07411983943683004,0.8267020606116902
27034,0.06767243466579771,0.07710855013427258,0.8552190151999297
27035,0.43802415091312363,0.13957436749137406,0.4224014815955024
27036,0.07504882287289708,0.05731742250482185,0.867633754622281
27037,0.16511469604952286,0.1945154872157597,0.6403698167347174
27038,0.09689027052771167,0.08473934093390792,0.8183703885383804
27039,0.1682713277958609,0.14212512216327994,0.6896035500408592
27040,0.09646999080791809,0.12393962600145951,0.7795903831906223
27041,0.01700024198021736,0.02645213532960532,0.9565476226901773
27042,0.40706244633972766,0.5823738074971039,0.010563746163168517
27043,0.08662855690324221,0.12455661146018027,0.7888148316365776
27044,0.055893757216269845,0.10890428511717426,0.8352019576665558
27045,0.028094766464974413,0.1263512079425827,0.8455540255924429
27046,0.025763807598965592,0.06756557477552853,0.9066706176255059
27047,0.08772573564902438,0.43084689213180843,0.4814273722191671
27048,0.22298901252245937,0.7753358568927657,0.0016751305847748415
27049,0.06954189376125737,0.4497026457196875,0.480755460519055
27050,0.04141996757440635,0.1697431570049993,0.7888368754205943
27051,0.07668183581636451,0.2225851237167846,0.7007330404668509
27052,0.03271974702897284,0.09656452097777178,0.8707157319932555
27053,0.04597423536598054,0.21312256420505013,0.7409032004289693
27054,0.0844378280690627,0.11569000857376127,0.799872163357176
27055,0.11795289128895985,0.8740932780897518,0.00795383062128829
27056,0.2151232942853824,0.7803331274521949,0.004543578262422867
27057,0.013953100634620852,0.26792612211538974,0.7181207772499895
27058,0.18351013040900888,0.11578454372907326,0.7007053258619177
27059,0.11751472577371773,0.08547185836158105,0.7970134158647012
27060,0.06744637687022585,0.16650919612946716,0.7660444270003071
27061,0.37635327283577896,0.102403420145127,0.521243307019094
27062,0.10437463225511139,0.10336019192347201,0.7922651758214166
27063,0.060257201503246476,0.10374740731519674,0.8359953911815566
27064,0.025367508730027376,0.0415329018258059,0.9330995894441668
27065,0.04665438068137026,0.27067413410858987,0.6826714852100397
27066,0.05478390170023719,0.0661574334965085,0.8790586648032541
27067,0.08942918129069304,0.1918223309655026,0.7187484877438044
27068,0.34199133966132345,0.06620455391225769,0.591804106426419
27069,0.04745361083015312,0.09803859049493197,0.854507798674915
27070,0.05747949167203517,0.04528269690023429,0.8972378114277307
27071,0.048012418463589564,0.03998319352390959,0.9120043880125008
27072,0.08226905258311515,0.3623070313291085,0.5554239160877763
27073,0.08397386986550243,0.1640735443663089,0.7519525857681889
27074,0.08840733787449365,0.39837153373771533,0.513221128387791
