index,0,1,2
26457,0.06253132111865024,0.1340544581768355,0.8034142207045143
26458,0.13982685760876007,0.17812951626537352,0.6820436261258663
26459,0.04287371101502939,0.07047121271023989,0.8866550762747307
26460,0.11394854712940625,0.18208852476392415,0.7039629281066697
26461,0.09379882709273996,0.14971335183800147,0.7564878210692585
26462,0.08439307266104237,0.12548357216492098,0.7901233551740366
26463,0.23788069726985608,0.7284446430487891,0.033674659681354815
26464,0.10124041445357736,0.1238032841182918,0.7749563014281308
26465,0.06309200999111284,0.13419143815065068,0.8027165518582366
26466,0.07308111721910808,0.35659123482300986,0.570327647957882
26467,0.13381451387598015,0.17396546400124324,0.6922200221227768
26468,0.059107578618243284,0.14674378819140133,0.7941486331903553
26469,0.7454585584175939,0.12258116341756341,0.1319602781648425
26470,0.07145601892376918,0.14387638775787406,0.7846675933183568
26471,0.0853838273737964,0.09992244485312843,0.8146937277730752
26472,0.09603686841015376,0.148653016971682,0.7553101146181643
26473,0.07519667898649947,0.09155071221019875,0.8332526088033018
26474,0.12768134037291937,0.8388910235297338,0.03342763609734698
26475,0.26738644173767595,0.16663537341567153,0.5659781848466526
26476,0.04965287796959282,0.08480575449423053,0.8655413675361765
26477,0.08107739477766361,0.1610756643094828,0.7578469409128535
26478,0.05952776431457393,0.14475418530894482,0.7957180503764814
26479,0.07142311045962303,0.2751539192081313,0.6534229703322457
26480,0.0808835200902363,0.10156589717821539,0.8175505827315483
26481,0.08653188505753868,0.25586842350255384,0.6575996914399075
26482,0.14498229422660697,0.12123322001212924,0.7337844857612639
26483,0.06079899931863728,0.19631159963773845,0.7428894010436243
26484,0.11032904948890293,0.19212551347607523,0.6975454370350218
26485,0.07603839854440166,0.09518769534528232,0.8287739061103161
26486,0.10125272442938922,0.21366492003426643,0.6850823555363444
26487,0.09496149305943859,0.16924320612845528,0.7357953008121062
26488,0.255409320391278,0.7106711407219432,0.03391953888677891
26489,0.05584655609119479,0.18177081426872113,0.7623826296400843
26490,0.0875783270316365,0.2109877640027811,0.7014339089655823
26491,0.060633884642234535,0.09565646125268927,0.8437096541050763
26492,0.05664639105968537,0.1383892046672884,0.8049644042730262
26493,0.5167328921059164,0.444174790429763,0.03909231746432065
26494,0.06503891228362103,0.2346450375611294,0.7003160501552497
26495,0.10042039824095277,0.12799259895167908,0.7715870028073681
26496,0.08301971570162643,0.41506012349896987,0.5019201607994038
26497,0.04622283530613401,0.6572778856679357,0.2964992790259304
26498,0.17267385509876482,0.3857600143629346,0.4415661305383006
26499,0.08900945393497484,0.14855730103490483,0.7624332450301203
26500,0.09070235484310706,0.33887681118410345,0.5704208339727893
26501,0.09033305780245514,0.22990565178376515,0.6797612904137796
26502,0.050374834372531985,0.12407723954735692,0.8255479260801112
26503,0.08282983809509911,0.3125327926901614,0.6046373692147395
26504,0.15088572835798492,0.2062330818433348,0.6428811897986803
26505,0.0555215447247451,0.08526125475996871,0.8592172005152864
26506,0.07941398929146036,0.8831175062160557,0.03746850449248396
26507,0.20480764425719922,0.7650221126134957,0.03017024312930503
26508,0.09558754333428295,0.3486007132049075,0.5558117434608095
26509,0.0783233855046702,0.2873339860802989,0.634342628415031
26510,0.07841995027535592,0.1546433627502333,0.7669366869744108
26511,0.084346361902657,0.11729563794851953,0.7983580001488234
26512,0.07436475390374529,0.19231776417489913,0.7333174819213556
26513,0.07296108778080293,0.14964103565654177,0.7773978765626551
26514,0.08502767446558465,0.11873833511364934,0.796233990420766
26515,0.26356494602272407,0.08943779925247745,0.6469972547247985
26516,0.06867549829139295,0.14949661397586755,0.7818278877327395
26517,0.3237061215499964,0.6460757024961993,0.030218175953804327
26518,0.07801039965010918,0.10117236337001297,0.8208172369798777
26519,0.50857851272454,0.08842092925555718,0.40300055801990287
26520,0.04452620141253119,0.7647473029929961,0.19072649559447272
26521,0.08949003548096923,0.1385344935358845,0.7719754709831461
26522,0.07902157808982378,0.1690373272833008,0.7519410946268754
26523,0.09315259333754375,0.16979828760901355,0.7370491190534426
26524,0.0591844365614857,0.1843382472930831,0.7564773161454312
26525,0.25588631399826506,0.16397348630184658,0.5801401996998884
26526,0.052944599998303254,0.1307019166016988,0.8163534833999979
26527,0.0809459320402953,0.2197333877090012,0.6993206802507035
26528,0.1244454266592392,0.8429053901779712,0.03264918316278963
26529,0.5287596775856023,0.10494278756802558,0.3662975348463721
26530,0.06140421760399914,0.10833980335975689,0.8302559790362442
26531,0.058966633459238624,0.17460243910154513,0.7664309274392163
26532,0.4771154048737329,0.08854263429594647,0.43434196083032073
26533,0.0640748744285155,0.0921909078443053,0.8437342177271792
26534,0.0869355372766899,0.14024743618643057,0.7728170265368794
26535,0.05255798160202324,0.13210436529460381,0.8153376531033729
26536,0.1048564443244672,0.20533966274678286,0.68980389292875
26537,0.07086368251486641,0.0890562477367267,0.8400800697484069
26538,0.054130758838094276,0.18478925959592155,0.7610799815659841
26539,0.06400520917943005,0.1506184129156214,0.7853763779049487
26540,0.10597691159275519,0.6474800966285447,0.24654299177870018
26541,0.06710170619419296,0.11521600043879496,0.817682293367012
26542,0.07284232587311548,0.14583167829066762,0.7813259958362169
26543,0.08321183072716926,0.11406582472769419,0.8027223445451366
26544,0.11609608810690562,0.1481266100521902,0.7357773018409043
26545,0.09397170125938069,0.16284322619652217,0.7431850725440973
26546,0.0909766754585485,0.13868338554502846,0.770339938996423
26547,0.04437100810887566,0.07507506546402676,0.8805539264270976
26548,0.07171007944520816,0.10945257460135838,0.8188373459534336
26549,0.31615249734551126,0.6532819426869979,0.030565559967490708
26550,0.05558285669279473,0.27692994969043677,0.6674871936167686
26551,0.05888764520161834,0.4116723467330675,0.5294400080653142
26552,0.05906806027255271,0.1762794233207117,0.7646525164067357
26553,0.046917293151642295,0.08119787684397112,0.8718848300043867
26554,0.10710130077312027,0.41673299083333676,0.47616570839354305
26555,0.08285606251039718,0.12350058258823768,0.7936433549013651
26556,0.06929626877176616,0.11371589369283241,0.8169878375354014
26557,0.062236424682457714,0.18574047061760007,0.7520231046999423
26558,0.28470120190640896,0.17715829312479528,0.5381405049687957
26559,0.3041914724572613,0.09009528441297698,0.6057132431297617
26560,0.07169715393251083,0.12436426775810337,0.8039385783093858
26561,0.05255501926428047,0.21482067980902422,0.7326243009266953
26562,0.06437401367506781,0.09285337218583486,0.8427726141390974
26563,0.09285990050712223,0.12411367283410427,0.7830264266587734
26564,0.0596043601729288,0.15409538262477065,0.7863002572023005
26565,0.10674227986370714,0.3365526806703739,0.5567050394659188
26566,0.10563377157100076,0.2086952215601708,0.6856710068688283
26567,0.05029531164999725,0.12814463701226397,0.8215600513377387
26568,0.3107520703210701,0.6584348800677351,0.03081304961119474
26569,0.06282664845709816,0.14970035569306583,0.7874729958498359
26570,0.07574138869954351,0.23188010877694637,0.6923785025235101
26571,0.05385808993982209,0.09184321649176491,0.854298693568413
26572,0.057910289926182565,0.18081648724067395,0.7612732228331435
26573,0.0954740089421753,0.14445942448226856,0.7600665665755562
26574,0.2898045781541763,0.09313643120793179,0.6170589906378919
26575,0.0750152178930565,0.28701872699638625,0.6379660551105573
26576,0.09293705914506521,0.13199756097543888,0.7750653798794961
26577,0.08476408184773654,0.11031211572741895,0.8049238024248444
26578,0.10228598218748837,0.35085023941437543,0.5468637783981363
26579,0.20146669060302277,0.7685518228998239,0.029981486497153344
26580,0.1220214763040244,0.11510733331851661,0.7628711903774591
26581,0.07263923765035692,0.20958499682477721,0.7177757655248659
26582,0.04497647125501941,0.08288981859543099,0.8721337101495495
26583,0.05808468864269357,0.12022627700340711,0.8216890343538993
26584,0.05379968418112863,0.09375384916988554,0.8524464666489858
26585,0.09899122078900015,0.3508934641591072,0.5501153150518926
26586,0.34771897655335554,0.33179933096640474,0.3204816924802399
26587,0.11177053388854594,0.3464972346284014,0.5417322314830526
26588,0.06627815226072875,0.14405921474162497,0.7896626329976463
26589,0.07096505944866778,0.1319527911118716,0.7970821494394605
26590,0.05621968734733854,0.49664456045270744,0.44713575219995405
26591,0.27487573184835246,0.6927967977277251,0.03232747042392258
26592,0.3311401556177104,0.10070427186764108,0.5681555725146487
26593,0.09731061265913199,0.12253085623275285,0.7801585311081152
26594,0.17119487568366065,0.12656848427660036,0.702236640039739
26595,0.04239378206541749,0.07049075349127504,0.8871154644433076
26596,0.11555718113908256,0.12004821817148367,0.7643946006894339
26597,0.1200330153714817,0.3948817417894767,0.48508524283904153
26598,0.10486283201480563,0.19539684115870273,0.6997403268264917
26599,0.05549309444086344,0.07930614265879307,0.8652007629003438
26600,0.053660718957705696,0.16738745091707838,0.7789518301252158
26601,0.11059491908161222,0.16348731993421695,0.7259177609841707
26602,0.10018553888476232,0.09903839077238162,0.8007760703428561
26603,0.08779457727643888,0.11323866732552068,0.7989667553980405
26604,0.055702281254181245,0.10306466974648758,0.8412330489993312
26605,0.09217255190092927,0.2392710263684095,0.6685564217306614
26606,0.16543551656116723,0.1286933922167042,0.7058710912221285
26607,0.09165325381917379,0.871006445668927,0.037340300511899335
26608,0.045018238731865286,0.07430363626586443,0.8806781250022702
26609,0.09320136778688999,0.24543514614112194,0.6613634860719881
26610,0.4059649562741547,0.5594874227103932,0.034547621015452154
26611,0.10302660384703956,0.10939425228269152,0.7875791438702691
26612,0.10587562192076916,0.2675567895380519,0.6265675885411789
26613,0.12213480530648013,0.11814439845853607,0.7597207962349838
26614,0.06281291568110153,0.10653665464005986,0.8306504296788386
26615,0.13652791980687273,0.17444513431366906,0.6890269458794582
26616,0.04273829842940252,0.07288443548795974,0.8843772660826377
26617,0.12338680496923471,0.18085352524546472,0.6957596697853006
26618,0.12527751089029085,0.1272724934434078,0.7474499956663013
26619,0.152979971722284,0.13154328033158566,0.7154767479461303
26620,0.30948032496078764,0.6590073526565963,0.03151232238261611
26621,0.06791580734064208,0.10123331408679197,0.8308508785725659
26622,0.11198737312631481,0.44022791906625336,0.4477847078074318
26623,0.043410660388059005,0.6288159412760418,0.32777339833589914
26624,0.130687764004141,0.1307174192697367,0.7385948167261223
26625,0.4048970345544671,0.1396040738007067,0.4554988916448262
26626,0.060900034551489575,0.10139325975697201,0.8377067056915384
26627,0.07259453679386414,0.09737683658453734,0.8300286266215986
26628,0.09026081032394666,0.15732559672204882,0.7524135929540046
26629,0.07347991863382802,0.10779030954888305,0.818729771817289
26630,0.0793032319509334,0.104987273636687,0.8157094944123796
26631,0.053741571295382595,0.0746612873779426,0.871597141326675
26632,0.14087772005876198,0.12282719974150574,0.7362950801997323
26633,0.09645987675476665,0.15951444802826426,0.744025675216969
26634,0.0636345723171383,0.09070337311594744,0.8456620545669143
26635,0.06860978973486001,0.19191131279814766,0.7394788974669922
26636,0.08247933719018832,0.15954864509561403,0.7579720177141975
26637,0.045078290314109,0.07027692857236902,0.884644781113522
26638,0.052369300872685924,0.6367814361681481,0.3108492629591661
26639,0.3474164858711942,0.3315374245786363,0.3210460895501695
26640,0.07585099172693413,0.10407277173032928,0.8200762365427365
26641,0.07839440934996399,0.6407447297065227,0.28086086094351337
26642,0.04620499490352614,0.08104467057450927,0.8727503345219647
26643,0.10134592981766816,0.09957109381061796,0.799082976371714
26644,0.1269368707055087,0.14271818892389743,0.7303449403705938
26645,0.07057992174931593,0.10886006454575083,0.8205600137049333
26646,0.6231719712647229,0.1356631133370297,0.24116491539824741
26647,0.09033728413799132,0.1378720600132021,0.7717906558488066
26648,0.08276653225339112,0.44662191144411184,0.470611556302497
26649,0.07838205610953555,0.19639106879654944,0.7252268750939149
26650,0.5161260243393089,0.43980771552527476,0.044066260135416375
26651,0.3833820552040743,0.584049648714867,0.032568296081058504
26652,0.33221833817962904,0.08829406026890053,0.5794876015514706
26653,0.21191623618615463,0.24241381146015212,0.5456699523536932
26654,0.09870391235487504,0.313333471964303,0.587962615680822
26655,0.0755279815149386,0.4305094044628598,0.4939626140222016
26656,0.07759901645307594,0.13571529947026914,0.786685684076655
26657,0.0813995053481538,0.15799411338455138,0.7606063812672949
26658,0.08351802225890045,0.16396068446233686,0.7525212932787625
26659,0.08319275909528691,0.21328565933568777,0.7035215815690254
26660,0.08020515670340969,0.3131121375182,0.6066827057783903
26661,0.07603007869318677,0.12426991057289685,0.7997000107339165
26662,0.05152932927236387,0.11129525428284838,0.8371754164447879
26663,0.09869420109422512,0.16241562136965695,0.7388901775361179
26664,0.06974052258563446,0.15438330319093954,0.7758761742234261
26665,0.21464262153986413,0.21657452451547515,0.5687828539446608
26666,0.05652058111250856,0.6755362003846008,0.2679432185028907
26667,0.045989737655318906,0.07880195603935639,0.8752083063053246
26668,0.11735809024153421,0.42438598669349625,0.45825592306496954
26669,0.10187727045907606,0.2565956178455981,0.641527111695326
26670,0.23167584852630935,0.21900083709513218,0.5493233143785584
26671,0.12457089807701242,0.10241221026773745,0.7730168916552501
26672,0.12087423316762844,0.1042488863749223,0.7748768804574493
26673,0.13444724125965415,0.16788406289272637,0.6976686958476196
26674,0.3744457702649972,0.08522600359519697,0.5403282261398058
26675,0.08890713779785599,0.17629902151963248,0.7347938406825115
26676,0.07276730397226819,0.10602116492861041,0.8212115310991214
26677,0.06749590970127614,0.10210478140437618,0.8303993088943475
26678,0.08270564722198963,0.14763786582955227,0.7696564869484581
26679,0.1332179244983935,0.11682343902582167,0.7499586364757849
26680,0.056261764488830815,0.14030408124770985,0.8034341542634593
26681,0.045812554021066,0.08039570419747587,0.8737917417814582
26682,0.07967873982701867,0.24779336571056576,0.6725278944624155
26683,0.09475569264095443,0.41274188403204215,0.49250242332700345
26684,0.053367404407451004,0.13028117508562817,0.8163514205069207
26685,0.12804438852010228,0.12325532589789323,0.7487002855820046
26686,0.06224618457721385,0.12802027447942965,0.8097335409433566
26687,0.1072094266622342,0.1072656736502459,0.7855248996875199
26688,0.4512917374240002,0.47036823068973954,0.07834003188626032
26689,0.053722190615861073,0.12146759792520438,0.8248102114589345
26690,0.05465447782953255,0.12880615775866064,0.8165393644118067
26691,0.06496243521833424,0.11473046544596527,0.8203070993357005
26692,0.056396080613330506,0.2720025584414458,0.6716013609452237
26693,0.5578540647442717,0.12303334822149123,0.3191125870342371
26694,0.4907777298557966,0.4685148773073699,0.040707392836833535
26695,0.12131619058054076,0.1439668472930156,0.7347169621264437
26696,0.07224290223165683,0.09817972428873759,0.8295773734796057
26697,0.04503270294853819,0.07020068621224587,0.8847666108392159
26698,0.060512900241022224,0.08390757973320925,0.8555795200257685
26699,0.09117491479577347,0.36891465875584983,0.5399104264483766
26700,0.08725589880390656,0.285181557785562,0.6275625434105314
26701,0.11457650548989474,0.3832517249297709,0.5021717695803344
26702,0.10748380179065671,0.35983257469761865,0.5326836235117246
26703,0.06036500223164212,0.18959949188822123,0.7500355058801365
26704,0.07022950182653744,0.13614687924294008,0.7936236189305224
26705,0.0554769898359193,0.09819311675956875,0.8463298934045118
26706,0.07269551772787504,0.11605936259897728,0.8112451196731476
26707,0.4925165930165767,0.10252994894181143,0.4049534580416119
26708,0.0699287392012926,0.14889815187744737,0.78117310892126
26709,0.08595331670860895,0.12037442948814568,0.7936722538032454
26710,0.13654115299248132,0.2588612594915619,0.6045975875159568
26711,0.351489962725319,0.12260208230804952,0.5259079549666316
26712,0.08042915455021225,0.15557642617187387,0.7639944192779139
26713,0.10456048045624722,0.4127154635566163,0.4827240559871365
26714,0.07829700321825513,0.11804720855204826,0.8036557882296965
26715,0.08193225644922852,0.4245373290984787,0.49353041445229273
26716,0.11241188095952466,0.5999814035964129,0.28760671544406247
26717,0.05539180555759345,0.1988104905583174,0.7457977038840891
26718,0.09291309168863357,0.14898708366104263,0.7580998246503238
26719,0.08772453932547712,0.18213997222864858,0.7301354884458742
26720,0.05977081727845009,0.22237855768676423,0.7178506250347856
26721,0.07021982388653475,0.3774905298275209,0.5522896462859443
26722,0.21567624538269645,0.1262134235692384,0.6581103310480652
26723,0.09180941120866873,0.16420144884440396,0.7439891399469274
26724,0.09636369209415627,0.314340172109892,0.5892961357959516
26725,0.05556588513035743,0.19485628840127375,0.7495778264683688
26726,0.11057780088858257,0.5151650012442064,0.37425719786721107
26727,0.05889588355164001,0.15120746327864207,0.7898966531697179
26728,0.07188390717720758,0.10718305111770639,0.8209330417050861
26729,0.12693694738100228,0.13520295181438743,0.7378601008046103
26730,0.2224918498555649,0.2722133409084313,0.5052948092360037
26731,0.056729261242147624,0.1858538028136696,0.7574169359441828
26732,0.13228540283340776,0.8349733073399588,0.03274128982663347
26733,0.05173883610729561,0.09001203559645542,0.8582491282962491
26734,0.05297102700641821,0.13782612407932718,0.8092028489142548
26735,0.07782702898143584,0.15724557678698153,0.7649273942315826
26736,0.05952100285356263,0.12338662404061582,0.8170923731058215
26737,0.09155944114214222,0.14449941284135348,0.7639411460165044
26738,0.11724952644243548,0.15044866396891873,0.7323018095886458
26739,0.496844444159893,0.08555090008464009,0.41760465575546685
26740,0.04991028899478166,0.07565395418670712,0.8744357568185112
26741,0.11273077890283498,0.8540048652586163,0.033264355838548774
26742,0.0733670882752991,0.1071725040850328,0.8194604076396679
26743,0.09182193435941916,0.129742996780397,0.7784350688601838
26744,0.09464970761334662,0.12011464386911357,0.7852356485175398
26745,0.05034688127625146,0.13063276690581926,0.8190203518179294
26746,0.09127096646037021,0.166403075977263,0.7423259575623669
26747,0.07521143265793295,0.42986659867774163,0.4949219686643255
26748,0.20260814916384162,0.397123733016375,0.40026811781978344
26749,0.10000002488011105,0.16173400879585806,0.7382659663240309
26750,0.12137407622909259,0.12198962827214052,0.7566362954987668
26751,0.04949363353763317,0.33487174288748345,0.6156346235748834
26752,0.09564874685614838,0.5503720110588964,0.3539792420849552
26753,0.2205775050464849,0.08929473143741008,0.690127763516105
26754,0.0822972488476976,0.09865433457948375,0.8190484165728187
26755,0.05742080046875619,0.09509514641338382,0.8474840531178601
26756,0.05849998645250241,0.1336273699653375,0.80787264358216
26757,0.15401236322426573,0.09879766925846756,0.7471899675172669
26758,0.07449099920976456,0.26504250084061515,0.6604664999496203
26759,0.10014165276796137,0.26475823172774043,0.6351001155042981
26760,0.11176463008998512,0.22596086745319957,0.6622745024568153
26761,0.07238973719162722,0.12495334484269702,0.802656917965676
26762,0.08943394015436541,0.20755634844854354,0.703009711397091
26763,0.04984383006750691,0.12454257184540543,0.8256135980870878
26764,0.05646368215196937,0.14987435892451265,0.7936619589235181
26765,0.06912078339723896,0.1184698352424287,0.8124093813603323
26766,0.0710519977814115,0.2594883814083132,0.6694596208102753
26767,0.091419282248959,0.15388301139481722,0.7546977063562238
26768,0.10199301668490897,0.8622000117612306,0.035806971553860575
26769,0.05006028787809739,0.16890486245075664,0.7810348496711458
26770,0.10195400536194471,0.27781494156703873,0.6202310530710166
26771,0.12549323357510828,0.8390724787430648,0.03543428768182682
26772,0.5488378359396605,0.09349283308817173,0.35766933097216774
26773,0.13193260547586516,0.13565927310201872,0.7324081214221161
26774,0.047990497511985024,0.11978213808904864,0.8322273643989663
26775,0.05075258172712871,0.12374982740373656,0.8254975908691348
26776,0.08055768933810294,0.18208534221285333,0.7373569684490437
26777,0.14310940748588438,0.10799371409523367,0.7488968784188819
26778,0.08632035726973225,0.12484916733061163,0.7888304753996561
26779,0.07208754636936768,0.11359402099212482,0.8143184326385076
26780,0.05778054454582315,0.1935720980576821,0.7486473573964947
26781,0.06915550435766314,0.1264620335300582,0.8043824621122786
26782,0.052901589278815386,0.1051898769052761,0.8419085338159087
26783,0.18379795481830594,0.16590747019315502,0.650294574988539
26784,0.07354885121743124,0.28868748017362894,0.6377636686089397
26785,0.08081613936171002,0.13985752343529945,0.7793263372029907
26786,0.49868705970257227,0.10509711519567153,0.3962158251017562
26787,0.05568155970288882,0.09301074965786675,0.8513076906392445
26788,0.16448761938847173,0.10659206687332644,0.7289203137382019
26789,0.38227092228056003,0.15960213997526113,0.4581269377441788
26790,0.05335942730920759,0.11816645810971933,0.8284741145810731
26791,0.057336409928798085,0.09378904267872609,0.8488745473924758
26792,0.16186014402772433,0.12595271497367141,0.7121871409986041
26793,0.08057085610495066,0.11481966043286543,0.8046094834621839
26794,0.048515041874730776,0.12129196495645507,0.8301929931688141
26795,0.08942277512523203,0.23154394825166535,0.6790332766231026
26796,0.12444430175288687,0.8428474600114235,0.03270823823568941
26797,0.07239659197515813,0.4089978265451619,0.5186055814796798
26798,0.2581189510405104,0.1472120069514652,0.5946690420080244
26799,0.21749946050504074,0.1141599716912839,0.6683405678036753
26800,0.0976794186391445,0.8662907738806173,0.0360298074802382
26801,0.1052362112441522,0.45335835040368666,0.4414054383521612
26802,0.10756248542074091,0.10110683526795128,0.7913306793113078
26803,0.06259516165960938,0.15342482029271232,0.7839800180476784
26804,0.07596960524596172,0.1210905673712474,0.8029398273827908
26805,0.052164114269021296,0.1408903551332646,0.806945530597714
26806,0.06580979520872468,0.11080615611525815,0.8233840486760172
26807,0.08587488953878941,0.1036491493433424,0.8104759611178681
26808,0.05956591228124303,0.22751636090573335,0.7129177268130237
26809,0.08548830650626894,0.14707962717551237,0.7674320663182187
26810,0.04973732629953983,0.10772950555490735,0.8425331681455528
26811,0.05592705682741168,0.09411020733578923,0.849962735836799
26812,0.05895346552219727,0.12993671627074166,0.8111098182070611
26813,0.0500647347876465,0.5823365900242812,0.36759867518807227
26814,0.14166106521463728,0.16963825313457792,0.6887006816507848
26815,0.07002317102219474,0.1299265430808628,0.8000502858969425
26816,0.05135496892692934,0.36551051153125536,0.5831345195418154
26817,0.12436115733796721,0.08409305337702665,0.7915457892850062
26818,0.10177423912235409,0.15812987103176124,0.7400958898458847
26819,0.059844511516876316,0.13399363067185077,0.8061618578112729
26820,0.2960674907902902,0.6731727850682578,0.030759724141451998
26821,0.1241763273178556,0.8426231102334015,0.03320056244874297
26822,0.09453320155629218,0.32734756991923125,0.5781192285244766
26823,0.0655606281242197,0.11913146976175301,0.8153079021140273
26824,0.0769730990600885,0.11032843375824905,0.8126984671816625
26825,0.1106733441066447,0.10467712178968351,0.7846495341036717
26826,0.13862870093809024,0.10919217248746836,0.7521791265744416
26827,0.05965629871592578,0.16957579617087523,0.7707679051131989
26828,0.05555876452442671,0.18133552161993674,0.7631057138556365
26829,0.051961782455184,0.1799439604609781,0.7680942570838378
26830,0.06301178018299944,0.21091849801811793,0.7260697217988826
26831,0.09697107047240125,0.14413137300199064,0.7588975565256081
26832,0.04540664236828206,0.0699811468391801,0.8846122107925378
26833,0.07923433090975399,0.10743968737705592,0.8133259817131899
26834,0.05444085959924936,0.12023713420853707,0.8253220061922135
26835,0.5714279652757508,0.09657402569755355,0.33199800902669563
26836,0.11938247241097862,0.535070821943051,0.34554670564597034
26837,0.0780576478715116,0.10725041213762035,0.8146919399908681
26838,0.0825390390770283,0.44918010859554414,0.46828085232742744
26839,0.7719094456276641,0.12581268484479025,0.10227786952754568
26840,0.10049957939859082,0.280116430695779,0.6193839899056303
26841,0.04503270294853819,0.07020068621224587,0.8847666108392159
26842,0.06726196180401887,0.11689140224901641,0.8158466359469647
26843,0.13766597168474237,0.11445158876975463,0.7478824395455032
26844,0.12032801619746887,0.42510483991248105,0.45456714389005015
26845,0.5315692967141564,0.08845141561955523,0.3799792876662883
26846,0.08604439956272308,0.12779991735041546,0.7861556830868616
26847,0.08973263618471027,0.21473631879801952,0.6955310450172701
26848,0.11935955074928499,0.13944183820355374,0.7411986110471612
26849,0.12583458204684214,0.12014274268979927,0.7540226752633584
26850,0.09815855642914809,0.3136822082473493,0.5881592353235026
26851,0.07589313012695531,0.1747546917523252,0.7493521781207194
26852,0.47203048381440943,0.45422397792163527,0.07374553826395526
26853,0.1511638409284142,0.14340345201700436,0.7054327070545814
26854,0.07149441164641417,0.8947664305973437,0.033739157756242234
26855,0.09864474217564448,0.17048150429995648,0.730873753524399
26856,0.11157242600690301,0.1163859921289958,0.7720415818641012
26857,0.12716934504971844,0.13815935476357422,0.7346713001867073
26858,0.07961139257513268,0.5993136741434207,0.32107493328144654
26859,0.08903723128955746,0.5247767763186345,0.38618599239180806
26860,0.06614745223704765,0.45240783047676936,0.4814447172861829
26861,0.12153001840989329,0.34872103965228607,0.5297489419378206
26862,0.09518418749514147,0.24692447469218673,0.6578913378126718
26863,0.04780824707394347,0.09620546094128382,0.8559862919847727
26864,0.050189054786492514,0.4391559995264961,0.5106549456870113
26865,0.06211295420995844,0.11125801978871228,0.8266290260013291
26866,0.06630649637974118,0.12118332197535012,0.8125101816449087
26867,0.05017090387895139,0.10376989498955491,0.8460592011314936
26868,0.04679094712041904,0.08545097767530195,0.8677580752042791
26869,0.045545712249986436,0.07016457943873809,0.8842897083112753
26870,0.04488963736840716,0.7435597134748198,0.21155064915677307
26871,0.12534874669101334,0.11395809159912676,0.7606931617098599
26872,0.0769603904940758,0.11875430048944194,0.8042853090164824
26873,0.15771115398804275,0.10493570131611724,0.7373531446958401
26874,0.09812756895643858,0.3732362579488761,0.5286361730946855
26875,0.08382120602885865,0.31590728581803296,0.6002715081531086
26876,0.06478953038037441,0.10980265056023668,0.825407819059389
26877,0.07900016633828022,0.1211243395618668,0.799875494099853
26878,0.11388866882375538,0.1270026296720385,0.7591087015042063
26879,0.10043242193782359,0.16714308424816346,0.732424493814013
26880,0.43275340497862486,0.10776215957014064,0.4594844354512346
26881,0.05591925626500821,0.1721598837562349,0.771920859978757
26882,0.3113642523642977,0.07942400956801009,0.6092117380676922
26883,0.06835497581008569,0.10843108056152587,0.8232139436283884
26884,0.08251852508586756,0.29530260379197837,0.6221788711221541
26885,0.32643070548696573,0.12724815162130454,0.5463211428917296
26886,0.08894731378111784,0.14902570734320195,0.7620269788756803
26887,0.051541265768707795,0.12113667226437397,0.8273220619669183
26888,0.12061056679127334,0.1702758085960403,0.7091136246126863
26889,0.06178076636054894,0.12063841404358755,0.8175808195958636
26890,0.05887426456453423,0.1923379288473024,0.7487878065881632
26891,0.09939068955819627,0.35261731682475406,0.5479919936170496
26892,0.0697669817082125,0.2539926683879593,0.6762403499038282
26893,0.06708437259087774,0.11380619678556052,0.8191094306235617
26894,0.0614768583245677,0.09213577628213744,0.846387365393295
26895,0.11040153481501035,0.29018890652847573,0.5994095586565138
26896,0.07972714699844892,0.3155192559566742,0.604753597044877
26897,0.06030630120181986,0.2704873346130798,0.6692063641851003
26898,0.06672952048033094,0.21006282046430702,0.723207659055362
26899,0.1307080236304315,0.15175115148066148,0.7175408248889071
26900,0.06875860165916237,0.38755505081646685,0.543686347524371
26901,0.05770238344290488,0.1533114638577448,0.7889861526993502
26902,0.052283797959161105,0.08870395377500837,0.8590122482658304
26903,0.059359542609743514,0.1727464063704854,0.7678940510197712
26904,0.38661022699121006,0.5800406190959877,0.03334915391280219
26905,0.07961712660846675,0.1598241120616182,0.760558761329915
26906,0.056214728403160205,0.11316136903207918,0.8306239025647606
26907,0.10319878674906266,0.10260851533118735,0.79419269791975
26908,0.06547948354189866,0.11713127477097028,0.8173892416871311
26909,0.05833314100105193,0.46343628490296335,0.47823057409598474
26910,0.08766768819091476,0.4163749179463771,0.49595739386270804
26911,0.11811874708505132,0.17703582105971763,0.7048454318552312
26912,0.08070585091648289,0.1575210952017785,0.7617730538817388
26913,0.12513522716779785,0.16052552434904335,0.7143392484831588
26914,0.06211835764474111,0.21900611916662716,0.7188755231886317
26915,0.11669078305087777,0.1029131463979006,0.7803960705512215
26916,0.12762567834633695,0.8398774290919067,0.03249689256175644
26917,0.052091030329919956,0.09402079188867807,0.8538881777814019
26918,0.09851399889628523,0.1134852971583736,0.7880007039453413
26919,0.5958835604029372,0.12288555798533966,0.28123088161172316
26920,0.06397297079534789,0.23940816875825854,0.6966188604463937
26921,0.05324511082162828,0.7291485901922682,0.21760629898610345
26922,0.09139779219657053,0.3886840929666572,0.5199181148367723
26923,0.047745246286805806,0.07988277945328118,0.872371974259913
26924,0.06053650740674125,0.09306284895935976,0.846400643633899
26925,0.09473463693429361,0.10249685447045313,0.8027685085952532
26926,0.44224260040601665,0.31630698479976876,0.24145041479421456
26927,0.11388689759473755,0.39002946539987615,0.4960836370053863
26928,0.08680962514414227,0.8802053405351843,0.032985034320673394
26929,0.09321137973180114,0.13372491653080734,0.7730637037373915
26930,0.0686984193228098,0.4960718038888377,0.43522977678835245
26931,0.12773540829078955,0.8396442075293875,0.0326203841798229
26932,0.05060678790584338,0.6216827301617575,0.32771048193239904
26933,0.3495178073178833,0.1266161730432586,0.5238660196388581
26934,0.12308021358533239,0.11939380822315854,0.757525978191509
26935,0.08756813382713058,0.12346036501532986,0.7889715011575397
26936,0.08390275885081909,0.10180378193499068,0.8142934592141902
26937,0.12265367023035123,0.1850802375322107,0.6922660922374381
26938,0.2298712664777062,0.7361503530365627,0.0339783804857309
26939,0.24975277328923987,0.7155514028269258,0.03469582388383434
26940,0.10567869718951742,0.13360954945665995,0.7607117533538226
26941,0.07141717675696849,0.11209783748277868,0.8164849857602529
26942,0.15640192379420942,0.18601969311916783,0.6575783830866226
26943,0.07462200086746121,0.4308096354111129,0.4945683637214259
26944,0.07496523929214037,0.12560045869595027,0.7994343020119093
26945,0.08935868205374725,0.17887080770985347,0.7317705102363993
26946,0.4032473223638701,0.13235330775579063,0.4643993698803392
26947,0.05452734071329396,0.4153258359892557,0.5301468232974503
26948,0.08194550136334512,0.15215338277422943,0.7659011158624255
26949,0.29623141670098047,0.16550276108195283,0.5382658222170666
26950,0.21129334351037235,0.36653718033515764,0.42216947615447015
26951,0.17532925028591778,0.34770578407653036,0.47696496563755186
26952,0.13216887180031534,0.2582264669910499,0.609604661208635
26953,0.0501842832984022,0.07414491739089639,0.8756707993107014
26954,0.05681448682904171,0.10835505804048626,0.8348304551304719
26955,0.05150056446950899,0.3134508205314173,0.6350486149990737
26956,0.12948554467540294,0.17369546820611764,0.6968189871184793
26957,0.5682981561471042,0.12303599423044612,0.30866584962244964
26958,0.15536697292527551,0.11423892466698894,0.7303941024077355
26959,0.06029742684062671,0.4186251066941506,0.5210774664652228
26960,0.1432064142017548,0.09255678726717179,0.7642367985310734
26961,0.07399269786860223,0.15349396059568587,0.772513341535712
26962,0.045001043233021044,0.7018626196784852,0.2531363370884938
26963,0.5578540647442717,0.12303334822149123,0.3191125870342371
26964,0.075523052117454,0.2173636970202794,0.7071132508622666
26965,0.05799642461771414,0.2873127481094422,0.6546908272728437
26966,0.07972714699844892,0.3155192559566742,0.604753597044877
26967,0.06135964366334195,0.09716269123007804,0.84147766510658
26968,0.05612610187972978,0.11108540052795701,0.8327884975923132
26969,0.05264834339197511,0.1358248483780722,0.8115268082299525
26970,0.13833400113255032,0.1709650882838872,0.6907009105835625
26971,0.06908508918217497,0.2509656184451697,0.6799492923726556
26972,0.0991517132726814,0.2929484115771711,0.6078998751501475
26973,0.054676800503210686,0.19760707577992367,0.7477161237168656
26974,0.05476373449793209,0.09394333632304598,0.851292929179022
26975,0.13563653374844886,0.16186261833774573,0.7025008479138054
26976,0.11839513418083486,0.8459350085107129,0.03566985730845219
26977,0.05711055075089964,0.18056862851567893,0.7623208207334213
26978,0.05774510678700249,0.12288837413336651,0.8193665190796309
26979,0.05902189054659703,0.27147264643667685,0.6695054630167259
26980,0.09092382225237336,0.11155188272138822,0.7975242950262383
26981,0.13791886110697316,0.24681666384512785,0.615264475047899
26982,0.05348990558176321,0.19028275119420915,0.7562273432240276
26983,0.10890036328268057,0.16774887970115668,0.7233507570161628
26984,0.12929624460984546,0.12041538132184142,0.750288374068313
26985,0.14630843115018102,0.1892373128028473,0.6644542560469718
26986,0.06413745375564499,0.08637825663792878,0.8494842896064262
26987,0.08570821965192929,0.5867328000210786,0.32755898032699204
26988,0.08761611449275,0.38760787340035335,0.5247760121068967
26989,0.0667770630909118,0.1541523226506823,0.7790706142584058
26990,0.1091678460309841,0.09782304408450074,0.7930091098845152
26991,0.06866764196322458,0.14423152401757677,0.7871008340191987
26992,0.10881810277157852,0.3583330056426878,0.5328488915857338
26993,0.07900578193275547,0.11826348982406462,0.80273072824318
26994,0.10866930851731785,0.15013565843173432,0.7411950330509479
26995,0.0704805815844108,0.2922619621337156,0.6372574562818737
26996,0.052757585419722565,0.10163950992727916,0.8456029046529981
26997,0.21702203207522688,0.23663396660967842,0.5463440013150946
26998,0.12084977730395452,0.10730552035167898,0.7718447023443665
26999,0.12408691158248286,0.10326134620104838,0.7726517422164688
27000,0.06541256663775877,0.4603067816221505,0.47428065174009076
27001,0.0548180609574186,0.28873609406223294,0.6564458449803484
27002,0.08606426286167969,0.19401282386252086,0.7199229132757994
27003,0.28645499759054494,0.12491497606747536,0.5886300263419796
27004,0.058396339733820794,0.20937433209669334,0.7322293281694859
27005,0.06138558251168882,0.17559648770036998,0.7630179297879413
27006,0.06982083199766884,0.10601645361199426,0.8241627143903368
27007,0.089999050740893,0.6219204952233149,0.2880804540357921
27008,0.07515226714391106,0.18529264878745452,0.7395550840686343
27009,0.08956875103332286,0.26142597819885693,0.6490052707678201
27010,0.05066681135883006,0.12707716030358665,0.8222560283375832
27011,0.11679362530233607,0.31721965704556654,0.5659867176520973
27012,0.07820695712011996,0.10124892376230861,0.8205441191175713
27013,0.2957307153133004,0.1177774070921849,0.5864918775945146
27014,0.05911136244353204,0.5297292325672631,0.41115940498920467
27015,0.08749836220586477,0.3463183560490825,0.5661832817450527
27016,0.060654094444688195,0.13213138585041556,0.8072145197048962
27017,0.07028761854543318,0.19217633131389306,0.7375360501406737
27018,0.05110130814714251,0.13375094929305636,0.8151477425598012
27019,0.07073635957829924,0.13268199302892883,0.7965816473927719
27020,0.06728393287488504,0.4440073579528187,0.4887087091722963
27021,0.08020052471656768,0.3283068391418619,0.5914926361415704
27022,0.09284143223114781,0.09304997871470126,0.8141085890541508
27023,0.11026894805558064,0.36162720254361086,0.5281038494008086
27024,0.049833757889465605,0.14347220775266992,0.8066940343578645
27025,0.1268114214540916,0.11794608555357429,0.7552424929923343
27026,0.05953508797070525,0.15678914724757773,0.783675764781717
27027,0.1041267726989895,0.0923306602987251,0.8035425670022854
27028,0.11716878091581183,0.1619897409394213,0.720841478144767
27029,0.07542993944408284,0.1365523226000514,0.7880177379558658
27030,0.12408291018891737,0.3934095000248683,0.4825075897862142
27031,0.44365970017319445,0.16184450136337197,0.3944957984634334
27032,0.21053855079563896,0.22776767654012972,0.5616937726642313
27033,0.14334069583926293,0.10266865902289839,0.7539906451378388
27034,0.0885702344995315,0.1374139366086613,0.7740158288918073
27035,0.5322016862142154,0.09349278861401103,0.3743055251717735
27036,0.07420036467693306,0.12147729318820878,0.8043223421348581
27037,0.21438242203597183,0.2218090942033435,0.5638084837606846
27038,0.06377714009724669,0.120054045827587,0.8161688140751664
27039,0.23391582898291619,0.12635335913039974,0.6397308118866839
27040,0.1439999414425122,0.1586889786271922,0.6973110799302956
27041,0.0451736172978057,0.07034945451260709,0.8844769281895871
27042,0.3065480421169096,0.662478477460149,0.030973480422941426
27043,0.09159273125571969,0.13905728466999942,0.7693499840742809
27044,0.07524228293587007,0.10135138227310157,0.8234063347910283
27045,0.051467258938695644,0.13487277906333503,0.8136599619979694
27046,0.04571908514744582,0.08036539529681871,0.8739155195557355
27047,0.06869406871477979,0.6068624745020955,0.32444345678312475
27048,0.36487514433406215,0.6040867389487699,0.03103811671716792
27049,0.1104729345323807,0.3451329453762586,0.5443941200913608
27050,0.05573695372350991,0.17500653786590198,0.769256508410588
27051,0.05792563914259307,0.19764569409571306,0.744428666761694
27052,0.05734805653227505,0.0901934771910757,0.8524584662766491
27053,0.062002190423953295,0.16083395125128372,0.777163858324763
27054,0.13626008467451078,0.11369097521816865,0.7500489401073206
27055,0.1313357459515231,0.8358998555610416,0.03276439848743536
27056,0.16907565328516663,0.7998769950483989,0.031047351666434336
27057,0.062489461294660806,0.22976591278962713,0.7077446259157121
27058,0.12690032064093507,0.13707232504758748,0.7360273543114774
27059,0.05366235029637458,0.09266282861159715,0.8536748210920283
27060,0.08294478658452846,0.1157182206091859,0.8013369928062857
27061,0.5206845988787334,0.11217820009358373,0.3671372010276827
27062,0.1535037361083487,0.11314273443329624,0.7333535294583551
27063,0.0966573050300836,0.12123083541009375,0.7821118595598227
27064,0.04538345634812633,0.06993047031241033,0.8846860733394633
27065,0.04934692044839375,0.17452295767397613,0.7761301218776301
27066,0.062092799627126535,0.11135797586988297,0.8265492245029904
27067,0.11613807811042358,0.17424078487135428,0.7096211370182222
27068,0.4893675943793661,0.0826449230320053,0.4279874825886286
27069,0.07229016146446152,0.1631623045535714,0.764547533981967
27070,0.08223177251263221,0.10174810198806038,0.8160201254993074
27071,0.055770701300621964,0.09864829028356632,0.8455810084158117
27072,0.05338416944195444,0.3097339347367419,0.6368818958213036
27073,0.07270429040872547,0.13684917995674556,0.790446529634529
27074,0.10678115780478134,0.2656887834979973,0.6275300586972214
27075,0.46151768211865307,0.1566417535752216,0.3818405643061253
