index,0,1,2
26457,0.05820001840092185,0.19179326140872036,0.7500067201903577
26458,0.18307379168543622,0.1860258726952089,0.630900335619355
26459,0.04629110219166427,0.0742157030622263,0.8794931947461094
26460,0.13247850393228414,0.12688623564563595,0.7406352604220799
26461,0.06767797957181367,0.2782684109770242,0.6540536094511622
26462,0.04491096224149868,0.07629669074425421,0.8787923470142471
26463,0.45482060649428685,0.5123053773864824,0.0328740161192309
26464,0.09666764098453984,0.10346940163560422,0.799862957379856
26465,0.046138508735647274,0.07238082715093977,0.881480664113413
26466,0.05208765327413671,0.46072671904867496,0.4871856276771884
26467,0.21447110273697856,0.1501306341463753,0.635398263116646
26468,0.04512947701419459,0.07577670958279664,0.8790938134030086
26469,0.5618481928066719,0.12317042851727479,0.31498137867605347
26470,0.110154829946568,0.147303626560255,0.7425415434931769
26471,0.07911396397720989,0.10270028582960386,0.8181857501931863
26472,0.10058358246041105,0.14975672153243902,0.7496596960071499
26473,0.07726004053218968,0.08342635202503618,0.8393136074427742
26474,0.14570209886795904,0.8254278078291633,0.02887009330287766
26475,0.31764111368361797,0.16041564600100144,0.5219432403153805
26476,0.04270403774617667,0.07533938970862307,0.8819565725452002
26477,0.08199825052432574,0.16757750140818828,0.7504242480674858
26478,0.04106640615390109,0.06693907138706255,0.8919945224590364
26479,0.09064125859550945,0.1574088704589728,0.7519498709455178
26480,0.07105752126106864,0.11025419072638543,0.818688288012546
26481,0.07000955354085193,0.332392721161116,0.597597725298032
26482,0.11833441074757342,0.10676462685753416,0.7749009623948925
26483,0.05140240243234372,0.12083899221914347,0.827758605348513
26484,0.17164514788978627,0.125783536062575,0.7025713160476387
26485,0.04649199598993897,0.07355402379805868,0.8799539802120023
26486,0.0695749245020457,0.2034936754072223,0.7269314000907319
26487,0.0712043057922467,0.09122460016346623,0.8375710940442871
26488,0.1904209808605363,0.7814983488733163,0.02808067026614747
26489,0.05349429809357014,0.20661202300522194,0.7398936789012077
26490,0.08502752457310273,0.27452824281237626,0.640444232614521
26491,0.046377845949648264,0.07831096677641397,0.8753111872739378
26492,0.06884394285261061,0.17484670774883126,0.7563093493985582
26493,0.496693940545568,0.46967733622900165,0.0336287232254303
26494,0.10267857741227623,0.1876004328129321,0.7097209897747916
26495,0.059365165103860196,0.0787047043335341,0.8619301305626057
26496,0.07172032756148827,0.23883152070539243,0.6894481517331192
26497,0.047542484108038977,0.7161861853459276,0.23627133054603353
26498,0.22607589170696604,0.46416532819463413,0.3097587800983998
26499,0.07537735613855163,0.143290564106025,0.7813320797554233
26500,0.06469145612519171,0.3907031121080256,0.5446054317667827
26501,0.09272615303691134,0.17454211872146802,0.7327317282416207
26502,0.04034971641627843,0.06256169757100084,0.8970885860127207
26503,0.06855613961254006,0.48682971048848234,0.44461414989897774
26504,0.11055832815560927,0.13900652730635846,0.7504351445380323
26505,0.04811427607029131,0.07599336523682854,0.87589235869288
26506,0.0723844981346167,0.8989422367497453,0.028673265115638044
26507,0.11659972935801502,0.8533093882672211,0.03009088237476392
26508,0.11169446703684922,0.47762456910712925,0.4106809638560214
26509,0.08977755381330355,0.1792277455037425,0.7309947006829539
26510,0.055244958397471365,0.2323615760856099,0.7123934655169186
26511,0.0628135717285687,0.08828194588458084,0.8489044823868503
26512,0.08134563648889193,0.13306946166562328,0.7855849018454849
26513,0.06900897397749982,0.15939430235991353,0.7715967236625867
26514,0.06971070000243351,0.1299095556547877,0.8003797443427787
26515,0.5088799084254223,0.0802656665134884,0.41085442506108927
26516,0.059782449139027256,0.1763550985161192,0.7638624523448535
26517,0.3119271408384466,0.6586247194424235,0.02944813971912987
26518,0.04782438296370473,0.0743079717351498,0.8778676453011455
26519,0.5277429023205327,0.08382140238366975,0.38843569529579763
26520,0.04306029978643878,0.8243017258935054,0.13263797432005564
26521,0.0752145742197349,0.19318083040210668,0.7316045953781584
26522,0.10514919926823575,0.10683921970117488,0.7880115810305894
26523,0.1335890419938045,0.3832412178631902,0.48316974014300534
26524,0.06303111314241479,0.2197034389050561,0.7172654479525291
26525,0.33631148527045635,0.14955357799559021,0.5141349367339534
26526,0.04754768964575651,0.07696395069881343,0.87548835965543
26527,0.08219883746567802,0.12867474158936823,0.7891264209449537
26528,0.12843532326593962,0.8438653406954708,0.02769933603858971
26529,0.573252092009601,0.08684931507494045,0.3398985929154586
26530,0.04841486830252391,0.08642938639112148,0.8651557453063545
26531,0.05194750817439083,0.1267372155553043,0.8213152762703049
26532,0.3893253745475597,0.08983660153934783,0.5208380239130924
26533,0.055165559145762544,0.08302241954428952,0.8618120213099478
26534,0.05136361644580542,0.10999069939767163,0.8386456841565229
26535,0.053788852235785604,0.10947885300928119,0.8367322947549332
26536,0.08758507835061342,0.2704355614711417,0.6419793601782449
26537,0.05573709696302273,0.0770044704753939,0.8672584325615832
26538,0.05007773719005579,0.27926401193783335,0.670658250872111
26539,0.06014597106767693,0.14973634843938957,0.7901176804929335
26540,0.15599231902917732,0.595417413573832,0.2485902673969907
26541,0.0681359732792519,0.09295853184593553,0.8389054948748126
26542,0.049468316750589526,0.23819900910030598,0.7123326741491043
26543,0.047497525801205906,0.08269660700265964,0.8698058671961345
26544,0.16613089378685447,0.23601463132108166,0.5978544748920637
26545,0.08001566251742988,0.16426132882836306,0.755723008654207
26546,0.055999555132172904,0.14984163266617437,0.7941588122016529
26547,0.046147221271781884,0.07175604771650237,0.8820967310117156
26548,0.04542061623687954,0.07385461045285466,0.880724773310266
26549,0.13026126448679082,0.8425349873544236,0.027203748158785745
26550,0.06109335565843112,0.24584520590301465,0.6930614384385541
26551,0.057786301100824805,0.3955757231682983,0.5466379757308768
26552,0.058350743213953615,0.29033527979994456,0.6513139769861016
26553,0.04429891031581993,0.07567117752391184,0.8800299121602682
26554,0.09446771219122141,0.4807949913467584,0.4247372964620202
26555,0.0792147396681087,0.09553289765688969,0.8252523626750016
26556,0.06822261530673895,0.13225828757308553,0.7995190971201754
26557,0.048559216146609296,0.0912272108012239,0.8602135730521668
26558,0.3969299229255946,0.12427527044397106,0.47879480663043417
26559,0.37856825797462296,0.10555442910714027,0.5158773129182368
26560,0.07811848080251237,0.14740367486194114,0.7744778443355463
26561,0.054266681133816254,0.21490243583800048,0.7308308830281832
26562,0.0562345662998292,0.07428124742039037,0.8694841862797804
26563,0.05900147151702834,0.15074655082416558,0.7902519776588062
26564,0.05454506970119893,0.15928911811580493,0.7861658121829964
26565,0.07380653817434307,0.4567756354808309,0.46941782634482615
26566,0.13617005576076902,0.1345252119558353,0.7293047322833958
26567,0.04843669968068437,0.09132269869962381,0.8602406016196918
26568,0.43769282687502725,0.5288312401152521,0.03347593300972058
26569,0.05542082303164512,0.1285448242043159,0.8160343527640391
26570,0.09095280872498808,0.3867776852942005,0.5222695059808113
26571,0.045201631675295645,0.07046196068193189,0.8843364076427727
26572,0.05583000988170139,0.1270858354968214,0.8170841546214773
26573,0.08079417063351436,0.1444100716634558,0.77479575770303
26574,0.23343075091145268,0.09830723430982215,0.6682620147787252
26575,0.059413410132866704,0.1906853951128481,0.7499011947542852
26576,0.13159731692061571,0.10743090515051092,0.7609717779288733
26577,0.06683082844090471,0.08119542234287765,0.8519737492162176
26578,0.11529074049004141,0.3561187682074808,0.5285904913024779
26579,0.15141229532193248,0.8221220584441296,0.026465646233937934
26580,0.0924373041877339,0.09886923608915597,0.8086934597231101
26581,0.07063779514266509,0.1517498986824637,0.7776123061748712
26582,0.040164159050613914,0.06235115588493366,0.8974846850644524
26583,0.04783577613144514,0.07583228845517422,0.8763319354133807
26584,0.05617524309586148,0.163645704824247,0.7801790520798917
26585,0.13336436867429236,0.38573473378706263,0.48090089753864507
26586,0.2527891853474507,0.38796186367307955,0.3592489509794699
26587,0.15314930849121672,0.2565897153832609,0.5902609761255224
26588,0.05952572172316652,0.2707415381487257,0.6697327401281077
26589,0.0993485542055902,0.1416033111147785,0.7590481346796313
26590,0.06815774048015727,0.5480320193596413,0.3838102401602014
26591,0.23200515199804478,0.7411117195033733,0.0268831284985819
26592,0.4029877907834721,0.09793267167408624,0.4990795375424418
26593,0.11345490320582935,0.16555565355065072,0.7209894432435198
26594,0.2232506978758542,0.08700546829885841,0.6897438338252875
26595,0.04032204743767281,0.0626876035577367,0.8969903490045905
26596,0.1204988979240108,0.1471098779329429,0.7323912241430462
26597,0.1306645127354931,0.4122949298593568,0.4570405574051502
26598,0.10824816601697543,0.1766825314315531,0.7150693025514714
26599,0.0590887180626496,0.08976572430420746,0.8511455576331429
26600,0.05015623513477183,0.09912552817907155,0.8507182366861565
26601,0.123814535177312,0.11823043794647199,0.7579550268762161
26602,0.1575910399585555,0.11517286829632738,0.7272360917451173
26603,0.1185287057939072,0.10683272325904546,0.7746385709470475
26604,0.046571908125191346,0.08185613946980026,0.8715719524050083
26605,0.08550810490907414,0.14486051850811496,0.769631376582811
26606,0.1825920995564043,0.22221844277481037,0.5951894576687854
26607,0.08812556655079258,0.8799267843072333,0.03194764914197408
26608,0.045016655664909665,0.08612369810057786,0.8688596462345125
26609,0.11075638414721813,0.16646045544124433,0.7227831604115377
26610,0.3521404822996317,0.6092015257072895,0.038657991993078816
26611,0.09438567604783937,0.14661390117121761,0.7590004227809429
26612,0.09511401772863612,0.3102048056300984,0.5946811766412654
26613,0.10438869335559517,0.1745756255020385,0.7210356811423665
26614,0.056336203245806606,0.09132792432870285,0.8523358724254906
26615,0.0848435721738979,0.16560541162068784,0.7495510162054143
26616,0.050426133449211326,0.08341082618830488,0.8661630403624835
26617,0.1134523300947967,0.19109800143193773,0.6954496684732655
26618,0.1063901640388424,0.2543942608204435,0.639215575140714
26619,0.22258265680170117,0.1487779421524697,0.628639401045829
26620,0.29725900822132884,0.6733502472479159,0.029390744530755353
26621,0.040823768341576167,0.06598551713244176,0.893190714525982
26622,0.09788824095980923,0.5004407553068005,0.40167100373339026
26623,0.04894338857197042,0.5958512772871958,0.3552053341408338
26624,0.06268380158885306,0.15154028010686296,0.7857759183042841
26625,0.43874633856137896,0.1680040668563655,0.39324959458225556
26626,0.14080564982968657,0.10006084183514086,0.7591335083351726
26627,0.06358403952542548,0.08559061324962063,0.8508253472249538
26628,0.061982218927044114,0.2316413133540275,0.7063764677189284
26629,0.04538937071639,0.072260258842692,0.8823503704409181
26630,0.05683086275015398,0.14083912555730937,0.8023300116925366
26631,0.04661173367324688,0.0675365113963639,0.8858517549303893
26632,0.19487882195244025,0.13633777092556035,0.6687834071219994
26633,0.06297472834469944,0.1514663340215271,0.7855589376337737
26634,0.061887374101018224,0.08375825083158707,0.8543543750673946
26635,0.07462373617544674,0.2540612491194031,0.6713150147051502
26636,0.05478008863158321,0.20161911549607903,0.7436007958723376
26637,0.0399615837891261,0.06288264385390155,0.8971557723569722
26638,0.07711119321360121,0.5259414642681163,0.39694734251828256
26639,0.2896945773529813,0.3726709735431813,0.33763444910383744
26640,0.05714819597653964,0.10252751654205389,0.8403242874814066
26641,0.11799060178577774,0.5336972645442826,0.34831213366993974
26642,0.04556694852681983,0.07509421600336057,0.8793388354698196
26643,0.06819173740759743,0.12199742216696535,0.8098108404254374
26644,0.05976909675634258,0.13770133907854343,0.802529564165114
26645,0.06691817925814274,0.09474074074621716,0.83834107999564
26646,0.5378837859820957,0.1175759872098021,0.34454022680810215
26647,0.0870523014636071,0.11152208354012177,0.8014256149962712
26648,0.06373463136555496,0.5012696761046351,0.4349956925298098
26649,0.052630881877752764,0.19644149894339705,0.7509276191788502
26650,0.5312324462386587,0.4208860126689112,0.04788154109243006
26651,0.42738704120386306,0.5376376091973413,0.0349753495987957
26652,0.3882542750340616,0.08839570952135432,0.523350015444584
26653,0.2650931738427864,0.1648368291955524,0.570069996961661
26654,0.09405255729345956,0.37124207984385504,0.5347053628626854
26655,0.05653798591254468,0.41162747809756434,0.531834535989891
26656,0.068242509412052,0.10877807051946095,0.822979420068487
26657,0.0587904890091239,0.15369775693701396,0.7875117540538621
26658,0.047988484934500225,0.1939500275131354,0.7580614875523644
26659,0.10220008665761275,0.24734466608844893,0.6504552472539383
26660,0.06065335288189642,0.19470379319281564,0.744642853925288
26661,0.15628951657978166,0.12117691580389446,0.7225335676163239
26662,0.06312873873415738,0.24006862046159497,0.6968026408042476
26663,0.04952719331834331,0.09530587507349314,0.8551669316081634
26664,0.0756174413103694,0.16842505704188945,0.7559575016477412
26665,0.199550722787268,0.14613346350551942,0.6543158137072126
26666,0.048298863786571763,0.7046904225617376,0.24701071365169064
26667,0.04108620875509841,0.06555103002974846,0.8933627612151531
26668,0.07505216404183317,0.5927909636582618,0.332156872299905
26669,0.09729238146382722,0.41820131507293834,0.4845063034632344
26670,0.24814306134520214,0.2280575570601255,0.5237993815946724
26671,0.15169121788252177,0.10388555225274738,0.7444232298647309
26672,0.05734149597210166,0.08140974180065644,0.8612487622272418
26673,0.1614832692800163,0.20264820188838728,0.6358685288315965
26674,0.5181669973384235,0.08031393423912979,0.4015190684224466
26675,0.0496628653210214,0.08267541675600582,0.8676617179229729
26676,0.050593342833257005,0.07618640547438875,0.8732202516923542
26677,0.03900158206610254,0.06822391752647831,0.8927745004074192
26678,0.06781517293740391,0.20385297408387457,0.7283318529787215
26679,0.2070330548474042,0.10463764937401013,0.6883292957785857
26680,0.05418465384969813,0.1047971061448141,0.8410182400054877
26681,0.03848011466571123,0.06732738645903324,0.8941924988752555
26682,0.05522540760250997,0.15351888372379685,0.7912557086736932
26683,0.06699100144030329,0.37953525500650703,0.5534737435531897
26684,0.062106948723195284,0.11594933181995962,0.8219437194568452
26685,0.18764413379484346,0.16142063554323105,0.6509352306619255
26686,0.056632176801134346,0.13865137733646105,0.8047164458624045
26687,0.1608713565179143,0.1066375513182975,0.7324910921637883
26688,0.35591531234783297,0.4244260886798923,0.21965859897227483
26689,0.05214703820013755,0.09577145054647777,0.8520815112533847
26690,0.04488684476683503,0.07579603177582803,0.8793171234573369
26691,0.06576988982988255,0.11321903080348662,0.8210110793666309
26692,0.05170828554258195,0.30868371336521755,0.6396080010922005
26693,0.3571013480751343,0.08319878380527987,0.5596998681195858
26694,0.5148916920691271,0.4415342801928869,0.043574027737986014
26695,0.0817457410800646,0.107884056867393,0.8103702020525421
26696,0.07549855097227916,0.09086113368830874,0.8336403153394123
26697,0.040655879124291444,0.06388828682115041,0.895455834054558
26698,0.04022099518699526,0.06229628328625802,0.8974827215267466
26699,0.06214160945877272,0.49684854923247107,0.4410098413087563
26700,0.06862988707138876,0.41502210054296396,0.5163480123856474
26701,0.09969484027169138,0.41168877684604493,0.4886163828822638
26702,0.0882275880814165,0.47818549076441214,0.4335869211541714
26703,0.05437189748715841,0.21822400106951875,0.7274041014433229
26704,0.06649774913004781,0.08960956663657049,0.8438926842333816
26705,0.046115323650183226,0.07203129555287498,0.8818533807969416
26706,0.06353467267720443,0.13335377809036572,0.8031115492324299
26707,0.5202999876007977,0.08048130718514351,0.3992187052140589
26708,0.08794379403227864,0.1710043297348327,0.7410518762328886
26709,0.04582621606507614,0.07307803175903427,0.8810957521758896
26710,0.12971786635403024,0.18747747837155032,0.6828046552744194
26711,0.5266812077899216,0.08856075593435027,0.3847580362757282
26712,0.0758985492436347,0.1562581626842021,0.7678432880721633
26713,0.10098890730121475,0.47349091809220034,0.4255201746065848
26714,0.07842160961186509,0.09678011268282286,0.8247982777053119
26715,0.0648896281136108,0.41735979867768797,0.5177505732087013
26716,0.10147404639700318,0.657044170754308,0.24148178284868888
26717,0.06801525618433285,0.3431431831748586,0.5888415606408084
26718,0.10996419630358131,0.24097637148629342,0.6490594322101253
26719,0.08304500196176955,0.23136203965432703,0.6855929583839033
26720,0.05543330559965566,0.11637377692927461,0.8281929174710698
26721,0.054745710986943856,0.44052655380179206,0.5047277352112641
26722,0.35957621196811324,0.09053441334919941,0.5498893746826874
26723,0.07690259478652871,0.18571231054229123,0.7373850946711801
26724,0.06351272238664121,0.49174487928733857,0.4447423983260203
26725,0.05081316327048736,0.2835736405200126,0.6656131962095001
26726,0.0963126051402268,0.49904798949752877,0.4046394053622443
26727,0.04209421743596524,0.06654535673451074,0.891360425829524
26728,0.07004922195601464,0.11729131163077845,0.812659466413207
26729,0.10070348281623434,0.2072738285719233,0.6920226886118422
26730,0.08730158538988322,0.4493213965490448,0.46337701806107195
26731,0.055784686597582386,0.19026577539828887,0.7539495380041288
26732,0.14520945547031514,0.8277228935163022,0.027067651013382692
26733,0.04845776325307679,0.07765775847455009,0.8738844782723733
26734,0.056807969059559156,0.27195482540478316,0.6712372055356578
26735,0.05720420989597421,0.11678625794183957,0.8260095321621862
26736,0.08490546237045657,0.12343919917817715,0.7916553384513663
26737,0.076889211987659,0.1584707158549749,0.7646400721573661
26738,0.04559465784863843,0.0860149842656151,0.8683903578857465
26739,0.5361705605753136,0.08026140988864405,0.38356802953604235
26740,0.047406373771614864,0.08259195974958447,0.8700016664788008
26741,0.13193549483233696,0.8411842339027069,0.026880271264956165
26742,0.056968444414541665,0.12965341356266638,0.8133781420227919
26743,0.14834500276814844,0.17868680542935564,0.6729681918024959
26744,0.12367308598323651,0.17966174400266965,0.6966651700140938
26745,0.05206399941468386,0.12800681038280715,0.819929190202509
26746,0.12176564451214905,0.15548125831140072,0.7227530971764502
26747,0.08527836694261838,0.4152603578150045,0.4994612752423771
26748,0.22600156490543338,0.46401513526846655,0.30998329982610007
26749,0.061415603906217045,0.17877554290043599,0.759808853193347
26750,0.0709521617621244,0.08420956765244259,0.844838270585433
26751,0.05700588805167318,0.22176061485979487,0.7212334970885319
26752,0.07644438241388511,0.5446277967464321,0.37892782083968285
26753,0.1156180913783708,0.09109024367854689,0.7932916649430823
26754,0.09355065472246613,0.09888306409338626,0.8075662811841476
26755,0.05428629730542985,0.09399856571828716,0.8517151369762828
26756,0.06008392380852768,0.09001967948389637,0.8498963967075759
26757,0.15013743419234685,0.10900806420716565,0.7408545016004874
26758,0.08944747592836237,0.16419363234334328,0.7463588917282944
26759,0.08539416672620176,0.359065332326274,0.5555405009475242
26760,0.15558412221355233,0.2809859052250434,0.5634299725614043
26761,0.05265598937214397,0.09860751289577191,0.8487364977320841
26762,0.09484771650600739,0.107727917483144,0.7974243660108488
26763,0.0409757331978278,0.07254227307229011,0.8864819937298822
26764,0.07321024911160019,0.15409875712397753,0.7726909937644223
26765,0.06594946176740812,0.10447442475737663,0.8295761134752153
26766,0.06100111360510518,0.44301891001888644,0.49597997637600844
26767,0.061847508178541954,0.2774109714702014,0.6607415203512568
26768,0.05904025370000082,0.9123213909183007,0.028638355381698555
26769,0.06583482910367949,0.2840291771553148,0.650135993741006
26770,0.0773843593759741,0.22717135572198333,0.6954442849020425
26771,0.14071765159985322,0.8324973264627026,0.02678502193744413
26772,0.5876365246849761,0.08472692969752722,0.3276365456174967
26773,0.11527542400099888,0.1263800883966216,0.7583444876023796
26774,0.05224819943961612,0.09741288274781498,0.8503389178125689
26775,0.05306694727624655,0.16918468956492055,0.777748363158833
26776,0.06832747649270224,0.12508753706350798,0.80658498644379
26777,0.06226825333505432,0.09958820308339587,0.8381435435815499
26778,0.04776415255358275,0.07370306931232581,0.8785327781340913
26779,0.04833590298365248,0.09010398527565952,0.8615601117406879
26780,0.052141769852189164,0.21621556908129538,0.7316426610665155
26781,0.05984068155037142,0.10077174753481015,0.8393875709148184
26782,0.044183764217997655,0.07243472414961766,0.8833815116323847
26783,0.21528006544029354,0.15852453050155485,0.6261954040581517
26784,0.07725589943985096,0.3953325238940837,0.5274115766660653
26785,0.043226859576132606,0.08786595063864852,0.8689071897852189
26786,0.5731892120420401,0.087865207798832,0.338945580159128
26787,0.04000362755842736,0.0637433600216847,0.8962530124198879
26788,0.17613787067203468,0.1352512137835976,0.6886109155443677
26789,0.22053492890860849,0.3570908114097244,0.4223742596816671
26790,0.05144210356195445,0.08811835531863672,0.860439541119409
26791,0.04607345313480764,0.07277642991184015,0.8811501169533524
26792,0.1535439802220934,0.12272952950502199,0.7237264902728846
26793,0.06915600243565732,0.15453887256058907,0.7763051250037535
26794,0.051564678438277105,0.0978241623765399,0.8506111591851828
26795,0.08746189517316907,0.1576902049606882,0.7548478998661426
26796,0.07369826268871554,0.8973832159625763,0.028918521348708124
26797,0.0545912770089833,0.45711677742093687,0.48829194557007977
26798,0.47188721670614364,0.0981426176573102,0.42997016563654616
26799,0.12098396293481561,0.1426094437057033,0.7364065933594812
26800,0.06201608831512098,0.9107003856951208,0.027283525989758178
26801,0.0996019508132693,0.5043678602902866,0.39603018889644415
26802,0.08414508056334842,0.09693795790600396,0.8189169615306477
26803,0.06308052818389778,0.153143769977371,0.7837757018387311
26804,0.059515610722721095,0.11415908733473028,0.8263253019425486
26805,0.04431167158462423,0.08710069980617216,0.8685876286092038
26806,0.060030851160074075,0.14462765069097305,0.795341498148953
26807,0.07011395266880067,0.10614198135669872,0.8237440659745007
26808,0.06241971370539995,0.27723929964470534,0.6603409866498947
26809,0.08300860853459863,0.16123498658339114,0.7557564048820101
26810,0.0511860797830851,0.20164915892088642,0.7471647612960286
26811,0.03979343558019724,0.0628129295301752,0.8973936348896275
26812,0.04130617833065263,0.07146768324685178,0.8872261384224956
26813,0.05446928311591212,0.5272664831279368,0.41826423375615107
26814,0.13219798269962105,0.14594128784527313,0.7218607294551058
26815,0.08590905826151875,0.1924898849433964,0.721601056795085
26816,0.05643851245722967,0.4186023978684807,0.5249590896742895
26817,0.10862867225583846,0.09184833122875419,0.7995229965154074
26818,0.09480082242427197,0.09243047815968992,0.8127686994160381
26819,0.08615090697203875,0.17854576137543263,0.7353033316525287
26820,0.1445605142667537,0.8288337914453232,0.02660569428792288
26821,0.08890687573773429,0.8819912782952036,0.029101845967062133
26822,0.07148337168492509,0.3819193096222731,0.5465973186928018
26823,0.05559649000229422,0.10301582440508207,0.8413876855926237
26824,0.09603044081112178,0.10162788756323926,0.802341671625639
26825,0.0661259421773587,0.09649513733600516,0.8373789204866362
26826,0.0828063988810859,0.10527221093030172,0.8119213901886123
26827,0.06428109379045882,0.12217476618704351,0.8135441400224975
26828,0.056255717197822366,0.20073018062252412,0.7430141021796536
26829,0.056388323685410045,0.12359770944172034,0.8200139668728698
26830,0.05996390819567917,0.13050930328989124,0.8095267885144296
26831,0.059015264597437986,0.077243726117864,0.863741009284698
26832,0.040210503783232064,0.06409655425743487,0.8956929419593331
26833,0.06231032037531552,0.0925587975452997,0.8451308820793849
26834,0.05945908023502183,0.14478973346895083,0.7957511862960274
26835,0.6462696694773515,0.09306529107939286,0.2606650394432555
26836,0.14100005731334314,0.46950339516791645,0.3894965475187404
26837,0.09602419751530443,0.10575014539469238,0.7982256570900031
26838,0.08934705597033615,0.3913090001082136,0.5193439439214502
26839,0.6216354094763015,0.08994581308956948,0.2884187774341291
26840,0.05791279948934841,0.21357042418940042,0.7285167763212511
26841,0.03990524773049466,0.06289039222530156,0.8972043600442038
26842,0.05510721187774903,0.1865087768881122,0.7583840112341387
26843,0.1172337752163273,0.10949107298600728,0.7732751517976653
26844,0.09001553742217455,0.4469952229423356,0.4629892396354897
26845,0.5524444201569705,0.08372889596837824,0.36382668387465117
26846,0.06512266969966335,0.09812079867002513,0.8367565316303116
26847,0.07073138843674998,0.2351208158655062,0.6941477956977438
26848,0.09690940829028695,0.09936054982627812,0.803730041883435
26849,0.2846392278328349,0.10144143231563539,0.6139193398515297
26850,0.12694223314449649,0.3276034569035423,0.5454543099519612
26851,0.10189343342493178,0.11646451627112497,0.7816420503039433
26852,0.14316725069309094,0.5372891702875229,0.31954357901938624
26853,0.09995100644195754,0.0900899508429934,0.809959042715049
26854,0.06280821560550413,0.9099833753425607,0.027208409051935042
26855,0.07432405044433307,0.25257741326857797,0.6730985362870889
26856,0.09297339607455551,0.11195147264265688,0.7950751312827876
26857,0.12737549834029194,0.15950390528012076,0.7131205963795874
26858,0.06852822363846357,0.6610292945628653,0.27044248179867125
26859,0.06455149368321551,0.5605597082565857,0.3748887980601987
26860,0.07075372790842925,0.45169857816882203,0.4775476939227487
26861,0.09117033804920452,0.31748892152867475,0.5913407404221207
26862,0.08588464419749055,0.2529956119862849,0.6611197438162247
26863,0.05084476621059617,0.10241765248153947,0.8467375813078644
26864,0.05141690403756765,0.4665731996212911,0.4820098963411414
26865,0.07470888808391626,0.13507337229961605,0.7902177396164678
26866,0.048984864987469574,0.08803787170189573,0.8629772633106347
26867,0.06509963935029893,0.0983069722560607,0.8365933883936404
26868,0.052403108655326165,0.09865264653298363,0.8489442448116904
26869,0.03978787024829314,0.06258576767284886,0.8976263620788578
26870,0.045493269074727546,0.7431873622416224,0.2113193686836502
26871,0.09855764358145454,0.10876236625163536,0.79267999016691
26872,0.08494701395946185,0.1528604105144276,0.7621925755261105
26873,0.11370361723262278,0.16209045422582902,0.7242059285415483
26874,0.10300525340235515,0.367125344133765,0.5298694024638799
26875,0.06743292411482822,0.2768086516803155,0.6557584242048564
26876,0.04819329437569176,0.08798717018315244,0.8638195354411556
26877,0.07152874172291114,0.1038211117979794,0.8246501464791096
26878,0.10376015660336012,0.33703226616078685,0.559207577235853
26879,0.08729314584995869,0.22450664608796644,0.6882002080620748
26880,0.39127383675080063,0.07976360763949239,0.5289625556097072
26881,0.06661751091870388,0.19521290001903024,0.7381695890622658
26882,0.3459939377631978,0.10091865915553086,0.5530874030812715
26883,0.04109727797738343,0.06438017066492575,0.8945225513576909
26884,0.10750376431894486,0.42638373509625316,0.46611250058480197
26885,0.38224277729906486,0.08791229391318908,0.5298449287877461
26886,0.09321182479905035,0.09426659145627574,0.8125215837446739
26887,0.040090996180235365,0.07297678807291963,0.8869322157468451
26888,0.14377006543996643,0.20043427387052368,0.65579566068951
26889,0.04902043645111072,0.08841238073360527,0.8625671828152841
26890,0.05360849593091397,0.18208552788094964,0.7643059761881363
26891,0.0515334380052324,0.5214830101958199,0.42698355179894776
26892,0.08935726994571955,0.24236094145288894,0.6682817886013915
26893,0.04976839645101749,0.10267524066561423,0.8475563628833682
26894,0.06299003299878177,0.09145357214543329,0.8455563948557849
26895,0.10718089626034036,0.4293935774482298,0.46342552629142986
26896,0.06635931343758784,0.26853103251140975,0.6651096540510024
26897,0.07134645209737768,0.2381766234709565,0.690476924431666
26898,0.05809548184752894,0.10482584280920229,0.8370786753432689
26899,0.07472328101829083,0.1680185076257645,0.7572582113559447
26900,0.0682908693779097,0.3699201086458144,0.5617890219762758
26901,0.05283591965838976,0.19297693698787688,0.7541871433537334
26902,0.04056818229948559,0.06430990694169084,0.8951219107588235
26903,0.08961571190564561,0.37319613331283713,0.5371881547815174
26904,0.4793452084208209,0.4886910357546047,0.03196375582457429
26905,0.0719098650336941,0.1940057022974729,0.734084432668833
26906,0.04120239184758464,0.06448052211748041,0.8943170860349349
26907,0.14906463000478223,0.09682541049830315,0.7541099594969147
26908,0.05637086730058328,0.1176613504885346,0.8259677822108821
26909,0.05052054961955659,0.5964977979651559,0.3529816524152876
26910,0.07319151998170574,0.3770275413860278,0.5497809386322664
26911,0.07149931558741202,0.1520916744040457,0.7764090100085422
26912,0.054260804029617145,0.13341304441380938,0.8123261515565735
26913,0.24128882718385578,0.11514497889684944,0.6435661939192947
26914,0.06661634712576243,0.18885937092350172,0.7445242819507359
26915,0.11546146579431359,0.12747827403444303,0.7570602601712433
26916,0.10181704328326686,0.8678501822223659,0.030332774494367352
26917,0.045212622186041516,0.07088959218328411,0.8838977856306744
26918,0.10166786538388273,0.12631325214865713,0.77201888246746
26919,0.5608826909534758,0.08907484765884945,0.3500424613876749
26920,0.055431537088791345,0.45094500959887285,0.49362345331233587
26921,0.042397672932126734,0.7486407997070451,0.20896152736082818
26922,0.05833982802505075,0.49474367098682254,0.4469165009881267
26923,0.04621665371821114,0.07251184452856634,0.8812715017532227
26924,0.05104382432287015,0.07911035919939116,0.8698458164777386
26925,0.09484247206336312,0.09898056719820926,0.8061769607384275
26926,0.09215496799511923,0.42166640963689905,0.48617862236798165
26927,0.15387945874538936,0.1687413664474001,0.6773791748072104
26928,0.09579838798029572,0.8749928256224556,0.02920878639724877
26929,0.05938858926341088,0.15159278071878973,0.7890186300177995
26930,0.052869175696141774,0.5907452794908113,0.35638554481304685
26931,0.14044348280113036,0.8324626774034611,0.027093839795408498
26932,0.05259393857679529,0.5919221616752536,0.3554838997479512
26933,0.4345832915923963,0.13559035068186037,0.42982635772574335
26934,0.08095619084637197,0.11432616618825196,0.804717642965376
26935,0.0545805519108998,0.08610589892167189,0.8593135491674282
26936,0.04711848796402747,0.0754495020140447,0.8774320100219278
26937,0.07262591920995871,0.18510484394033683,0.7422692368497046
26938,0.12487467299305642,0.8478141986237485,0.0273111283831952
26939,0.4353071925659434,0.5310456751378682,0.03364713229618839
26940,0.09950958484696866,0.09490441761834166,0.8055859975346895
26941,0.07104220453445342,0.09579710347208038,0.8331606919934663
26942,0.2061201895491872,0.15466497502330873,0.6392148354275041
26943,0.06141970654876261,0.3857914099148418,0.5527888835363955
26944,0.07894276816678517,0.09513703453233936,0.8259201973008756
26945,0.12572544420846107,0.362400741718945,0.511873814072594
26946,0.07968954345120693,0.1487276505568125,0.7715828059919804
26947,0.06781429725058225,0.5001577084126262,0.4320279943367915
26948,0.06658947102512003,0.2231233137619338,0.7102872152129464
26949,0.5017730821913038,0.09578021104140595,0.4024467067672904
26950,0.2513392940386765,0.33717405667503475,0.4114866492862887
26951,0.27281339026809803,0.3431925678715415,0.38399404186036046
26952,0.14856002535404633,0.2766820158378568,0.5747579588080969
26953,0.06863969434815008,0.09514554242298043,0.8362147632288693
26954,0.05063763548710696,0.08134086678245861,0.8680214977304346
26955,0.050745012100740755,0.5334030415994447,0.4158519462998145
26956,0.1485640855980684,0.1374890417328117,0.7139468726691198
26957,0.6411784687106235,0.09756220963064019,0.2612593216587363
26958,0.23038539268738795,0.08777434750776315,0.681840259804849
26959,0.05209729905322749,0.303379556747124,0.6445231441996485
26960,0.12377169103610883,0.10442522553195517,0.7718030834319362
26961,0.0878258515537396,0.1464314876474564,0.7657426607988039
26962,0.05300602314234186,0.6449921948236415,0.30200178203401645
26963,0.3571013480751343,0.08319878380527987,0.5596998681195858
26964,0.07313036396162112,0.19810270562014715,0.7287669304182317
26965,0.05520100468650814,0.48523147570743547,0.4595675196060565
26966,0.06635931343758784,0.26853103251140975,0.6651096540510024
26967,0.04794658704906792,0.0866476507608491,0.8654057621900832
26968,0.09718145176287166,0.1061920339116486,0.7966265143254797
26969,0.04541515479456257,0.0845401433170812,0.8700447018883561
26970,0.09604132907585959,0.13160489726518948,0.7723537736589509
26971,0.07501336443350974,0.19752296349342685,0.7274636720730634
26972,0.09447927238374564,0.29641359232294207,0.6091071352933123
26973,0.05373105022749199,0.17161464854952552,0.7746543012229825
26974,0.04861093469287601,0.07111099483330426,0.8802780704738199
26975,0.09417786260783671,0.1206265161089473,0.785195621283216
26976,0.11639231453741869,0.855391000020096,0.0282166854424852
26977,0.05415855408743754,0.20047936775100553,0.7453620781615571
26978,0.04665526920448109,0.09009465260038836,0.8632500781951304
26979,0.05663145223523923,0.2707324789889853,0.6726360687757754
26980,0.08955565526922094,0.09764152274065817,0.812802821990121
26981,0.08873893936760403,0.1507471293459156,0.7605139312864804
26982,0.05504894227778059,0.1119790571428815,0.8329720005793378
26983,0.06776603619693479,0.15353923351989832,0.7786947302831668
26984,0.07303018672856554,0.1808793923657038,0.7460904209057307
26985,0.13246246714125412,0.20665201841642739,0.6608855144423186
26986,0.05471184402274769,0.07925635677350115,0.8660317992037512
26987,0.09250984643517639,0.527164183671637,0.3803259698931866
26988,0.1010709307105346,0.44055735459494444,0.458371714694521
26989,0.06316027438903118,0.1478266880871499,0.7890130375238189
26990,0.07624581794104864,0.08337780426460638,0.8403763777943449
26991,0.05385033042815738,0.15355050041599919,0.7925991691558434
26992,0.08120694795157958,0.43258767331113723,0.48620537873728314
26993,0.06370890418519874,0.0953063303278523,0.8409847654869491
26994,0.11576530329555279,0.12665267251069867,0.7575820241937484
26995,0.05135665703709133,0.2939186813788176,0.654724661584091
26996,0.050667617673818034,0.0899925239223947,0.8593398584037873
26997,0.14695109859095803,0.38166475279002626,0.4713841486190157
26998,0.4064439356092876,0.08370493941442433,0.509851124976288
26999,0.2791047571255636,0.13020589216598358,0.590689350708453
27000,0.06730085478010202,0.464285109821219,0.468414035398679
27001,0.049008049831859274,0.4175320831844919,0.5334598669836488
27002,0.07503037994938062,0.26904750433001384,0.6559221157206055
27003,0.1733943333461883,0.1711385370038667,0.655467129649945
27004,0.051078926097657316,0.21529088039511182,0.7336301935072309
27005,0.06539904306798411,0.22735121075254117,0.7072497461794747
27006,0.06786215904453627,0.10266854892453016,0.8294692920309334
27007,0.04759988675602261,0.7155227958431081,0.23687731740086942
27008,0.09588442243337711,0.18070223902569785,0.7234133385409249
27009,0.04720136198474911,0.20632887597819838,0.7464697620370526
27010,0.050888627007275374,0.09898742723655139,0.8501239457561732
27011,0.1517684869318759,0.3719273752383771,0.47630413782974707
27012,0.04800005351647766,0.07535370933038299,0.8766462371531394
27013,0.4305397032610194,0.09887100260166708,0.47058929413731365
27014,0.07418685614674751,0.4744843390151555,0.45132880483809695
27015,0.06650275195323342,0.4945045556363041,0.4389926924104624
27016,0.05956855158334416,0.11094442898191305,0.8294870194347429
27017,0.07972330100425348,0.13199420103953938,0.7882824979562072
27018,0.050288953196768904,0.09698818439526334,0.8527228624079676
27019,0.11874333752648106,0.13283554455969013,0.7484211179138289
27020,0.05633195648553256,0.5184763141007199,0.42519172941374733
27021,0.06432178722841629,0.40050191962151027,0.5351762931500735
27022,0.10506700660809798,0.13067785382733513,0.7642551395645669
27023,0.10496073327477368,0.44859204254815327,0.44644722417707305
27024,0.05967682026231235,0.22432886113438932,0.7159943186032982
27025,0.3466559805623587,0.08804079962755065,0.5653032198100907
27026,0.052676905134077814,0.11653484267618268,0.8307882521897396
27027,0.14434134190617987,0.10917380287749343,0.7464848552163268
27028,0.2036486867290882,0.15259750103883346,0.6437538122320783
27029,0.06186310131107461,0.14894721527384966,0.7891896834150758
27030,0.10456912063387597,0.5310215382778248,0.3644093410882992
27031,0.5035988643030047,0.21001013750328582,0.28639099819370945
27032,0.3727435609917913,0.10460554463035507,0.5226508943778536
27033,0.0844265061116882,0.10473512731233016,0.8108383665759814
27034,0.07384939349770292,0.12130655457454544,0.8048440519277519
27035,0.6190473201494173,0.08955096510384483,0.29140171474673776
27036,0.0509567835643956,0.07557385647717063,0.8734693599584339
27037,0.20785246819583622,0.1553200566092342,0.6368274751949297
27038,0.07104101266271405,0.09667589072048724,0.8322830966167987
27039,0.35769064285231517,0.09268561925584241,0.5496237378918425
27040,0.1384632886345276,0.09897576231827124,0.7625609490472011
27041,0.040161812306995975,0.06377400784449445,0.8960641798485095
27042,0.35217771300942563,0.6104192573124507,0.03740302967812365
27043,0.0886521940745965,0.11071112037918346,0.8006366855462199
27044,0.04981414762795674,0.1035977887269444,0.846588063645099
27045,0.05629289475768541,0.13623393233636164,0.807473172905953
27046,0.05178825793748286,0.08623878004872859,0.8619729620137886
27047,0.1158103890854935,0.5439259154899245,0.340263695424582
27048,0.20446402246103532,0.7687449479270129,0.02679102961195185
27049,0.08452501822546989,0.4446046198483196,0.4708703619262105
27050,0.054538069910725635,0.12901991827503315,0.8164420118142411
27051,0.07093254756338593,0.21873795533938997,0.710329497097224
27052,0.044556564127881476,0.0831108928701256,0.872332543001993
27053,0.0580429589440069,0.1916255824116473,0.7503314586443456
27054,0.08311407503674305,0.10267697089632566,0.8142089540669314
27055,0.14081045155571048,0.8323288718004273,0.026860676643862196
27056,0.17326422387358092,0.8006189373622581,0.02611683876416117
27057,0.04879357685664291,0.2295145875707499,0.7216918355726072
27058,0.3791219428345449,0.09866410312244955,0.5222139540430056
27059,0.07189570777196158,0.10802212929883923,0.8200821629291994
27060,0.07355963133171634,0.1658700618589178,0.7605703068093659
27061,0.5972218544945644,0.12157721510238989,0.28120093040304567
27062,0.20266285155457567,0.09639919944584133,0.700937948999583
27063,0.14200591013886446,0.182327634971896,0.6756664548892396
27064,0.04018514055258505,0.06306991331602553,0.8967449461313892
27065,0.08101633519222373,0.25881587079712187,0.6601677940106544
27066,0.047177180612554284,0.08140002843613002,0.8714227909513157
27067,0.06234174129457282,0.16292518328391714,0.77473307542151
27068,0.5064599026958386,0.07889695272968236,0.41464314457447893
27069,0.06195271658888633,0.11946819923684225,0.8185790841742715
27070,0.04833291770417643,0.08473808018781838,0.8669290021080052
27071,0.05113095508215287,0.0819068828242615,0.8669621620935857
27072,0.07011546137039791,0.3970715088968577,0.5328130297327445
27073,0.06200941065146635,0.15648975283905833,0.7815008365094754
27074,0.09665509135581152,0.38798377035331094,0.5153611382908776
27075,0.22718535101302062,0.2906800691814103,0.4821345798055691
