index,0,1,2
26457,0.05878371639474164,0.21638298193630345,0.7248333016689549
26458,0.19688119942249227,0.16075382456986562,0.6423649760076421
26459,0.05424411448106085,0.06734999385413265,0.8784058916648066
26460,0.12558544632736884,0.10841329135068141,0.7660012623219498
26461,0.07289752320642343,0.20984503858954012,0.7172574382040365
26462,0.045556776998559194,0.07043010883481991,0.8840131141666208
26463,0.47463226471724074,0.49389206751262815,0.03147566777013118
26464,0.0928757060046611,0.09440339751959619,0.812720896475743
26465,0.044163571043253136,0.08773671322598918,0.8680997157307577
26466,0.04490907800362408,0.417432354997825,0.537658566998551
26467,0.2037755947984499,0.14435876412081722,0.651865641080733
26468,0.04951290039649516,0.07606367935447769,0.8744234202490272
26469,0.5412730332540173,0.12081489379874674,0.33791207294723585
26470,0.11570188465784122,0.126976911431363,0.7573212039107958
26471,0.0753705371134472,0.08406882264633261,0.84056064024022
26472,0.11942113490565218,0.11308730648594036,0.7674915586084075
26473,0.09064397384784596,0.08732663502997785,0.8220293911221761
26474,0.16513442546294585,0.8086471085893233,0.026218465947730935
26475,0.32280562206503954,0.20304162919464097,0.47415274874031954
26476,0.047723001560522886,0.07330873093341135,0.8789682675060655
26477,0.07896666171253786,0.2092512360811514,0.7117821022063107
26478,0.0463304307420235,0.07781040790126019,0.8758591613567163
26479,0.0743058666728182,0.15699346099742761,0.7687006723297543
26480,0.06703991152918491,0.1131454000972641,0.8198146883735509
26481,0.07867397286854085,0.31063320553448015,0.610692821596979
26482,0.15306831452088598,0.10987232042647241,0.7370593650526416
26483,0.04351710478504188,0.10267869179887702,0.8538042034160811
26484,0.18454030476621214,0.13726581157663198,0.6781938836571558
26485,0.0418344667551277,0.06070987606719455,0.8974556571776777
26486,0.07851541153492862,0.19149563501708788,0.7299889534479835
26487,0.08310735970123895,0.1124267195994119,0.8044659206993492
26488,0.19623587454887845,0.7742134531170106,0.02955067233411083
26489,0.05962512074359908,0.26348261846986476,0.6768922607865362
26490,0.07582735943483405,0.21581735788060857,0.7083552826845574
26491,0.05589820500168971,0.07937772488344685,0.8647240701148634
26492,0.07302696526191244,0.19530580971052433,0.7316672250275633
26493,0.5323659174147028,0.43703971112244233,0.03059437146285483
26494,0.14701622114806087,0.19186102021997894,0.6611227586319602
26495,0.06782113086586145,0.09620942414100216,0.8359694449931364
26496,0.09108945365782278,0.20313805447104782,0.7057724918711294
26497,0.048017157246913786,0.7016102494071151,0.2503725933459711
26498,0.17934166618627617,0.4920810753940529,0.328577258419671
26499,0.07348027922618118,0.1503834101996976,0.7761363105741211
26500,0.08160252710951339,0.32487228120067335,0.5935251916898132
26501,0.07804261504494439,0.17664372528805838,0.7453136596669973
26502,0.04429179361107727,0.06816916938583638,0.8875390370030865
26503,0.09475884486013995,0.47626593327270617,0.4289752218671539
26504,0.1443604929363824,0.13084730913437484,0.7247921979292429
26505,0.04236056030472982,0.058927193427249405,0.8987122462680207
26506,0.08224627476787075,0.8881003364889266,0.029653388743202634
26507,0.15407109470179445,0.8175659161785354,0.028362989119669984
26508,0.11744961284311273,0.45205398732686597,0.43049639983002136
26509,0.07126002416193719,0.19742075958904104,0.7313192162490217
26510,0.05153133668816051,0.2994275268983503,0.6490411364134892
26511,0.07551357816591393,0.08254901919212311,0.841937402641963
26512,0.09749189149738499,0.15497277098312193,0.7475353375194932
26513,0.06807733774194649,0.2252701995814962,0.7066524626765572
26514,0.06168204876803569,0.10307641728538738,0.835241533946577
26515,0.4699261746344789,0.09005094616855537,0.4400228791969657
26516,0.05728204161831573,0.16645468765303914,0.7762632707286451
26517,0.29511738799236203,0.6780705519562612,0.026812060051376697
26518,0.04688467806930861,0.07153154645928311,0.8815837754714081
26519,0.5347579230636413,0.08092906205845518,0.38431301487790354
26520,0.04077804377802179,0.8888148678642793,0.07040708835769897
26521,0.059849955605162194,0.21940866930849856,0.7207413750863394
26522,0.1022681661483734,0.14123565948269326,0.7564961743689332
26523,0.12216351428921894,0.35261256337789604,0.5252239223328851
26524,0.05284604194753583,0.26318082309404583,0.6839731349584183
26525,0.3993619044765678,0.19484591668827136,0.40579217883516083
26526,0.046480621115539814,0.06823615544448305,0.8852832234399771
26527,0.0681535472303349,0.13777023410274894,0.7940762186669162
26528,0.12977925318236402,0.8433578525763155,0.026862894241320386
26529,0.5465362177461481,0.09527739637444474,0.3581863858794072
26530,0.0446847289418503,0.09454882855426103,0.8607664425038888
26531,0.0466313630587181,0.10163895831393396,0.8517296786273479
26532,0.31017114067294366,0.08435360508062734,0.605475254246429
26533,0.05410319387546119,0.08363138748402736,0.8622654186405113
26534,0.04928428739658683,0.12303969989679009,0.8276760127066232
26535,0.05144146569723653,0.11870872414688327,0.8298498101558802
26536,0.08082954215054991,0.22785623970179433,0.6913142181476557
26537,0.062207273886919025,0.07507209588994869,0.8627206302231322
26538,0.05507123898744017,0.3112605335405794,0.6336682274719805
26539,0.05272398330931671,0.16160512716111405,0.7856708895295693
26540,0.13868595342292714,0.6305693395120162,0.23074470706505668
26541,0.06428533360681683,0.11162212680464219,0.8240925395885408
26542,0.05624330171091793,0.24733741056002623,0.6964192877290558
26543,0.053341463155046204,0.08651978800633918,0.8601387488386146
26544,0.18929454507088211,0.22651724529174316,0.5841882096373748
26545,0.07548214512874667,0.17777436404843266,0.7467434908228207
26546,0.05239859968542875,0.16922837438340985,0.7783730259311614
26547,0.04172465107265269,0.06774365902899994,0.8905316898983472
26548,0.0496495818077024,0.07447079003587015,0.8758796281564274
26549,0.14868946597189794,0.825438315327928,0.025872218700174143
26550,0.07420253228472529,0.29313005312135115,0.6326674145939235
26551,0.05411692148929668,0.42018061904011894,0.5257024594705844
26552,0.05263588917699802,0.25047964286029534,0.6968844679627068
26553,0.0470163468637627,0.07183625072669483,0.8811474024095424
26554,0.09729232830173962,0.4418562768035223,0.4608513948947381
26555,0.06803927264266592,0.0787036364081975,0.8532570909491367
26556,0.06312496951349891,0.12221608148861543,0.8146589489978857
26557,0.05429908881279389,0.10335629180793918,0.8423446193792669
26558,0.4828337098014808,0.12276434045609302,0.3944019497424261
26559,0.4278237286663982,0.09095825460289654,0.4812180167307054
26560,0.07339961764085456,0.148606454504038,0.7779939278551073
26561,0.05363783604722851,0.2506617391142677,0.6957004248385037
26562,0.06483394454412846,0.08176973252017675,0.8533963229356948
26563,0.04986272698234372,0.13579622509700812,0.8143410479206481
26564,0.04397897182373657,0.13045061775690175,0.8255704104193617
26565,0.07792853124324527,0.4233417727825186,0.498729695974236
26566,0.17384203658455918,0.10679089104050561,0.7193670723749351
26567,0.04783413365978803,0.09968043212448306,0.8524854342157289
26568,0.4272984116462694,0.5394692761158083,0.033232312237922335
26569,0.047609140323759,0.10983385603853765,0.8425570036377035
26570,0.097952952123678,0.4438613316224208,0.45818571625390114
26571,0.04574189572932268,0.07286409441632459,0.8813940098543527
26572,0.05632324402110228,0.1763906775899017,0.767286078388996
26573,0.0711450414411728,0.1423962927818256,0.7864586657770017
26574,0.220262156561506,0.10838576576412806,0.6713520776743659
26575,0.05469064947487968,0.17976508208565153,0.7655442684394688
26576,0.14788702075821505,0.10289388138215531,0.7492190978596296
26577,0.08055653863096499,0.10577073433467521,0.8136727270343598
26578,0.11209956652086256,0.4129120571665853,0.4749883763125521
26579,0.13743092313566765,0.8371047918239256,0.02546428504040683
26580,0.08329780822778853,0.11364455152655857,0.803057640245653
26581,0.07182674287974013,0.16431910270333436,0.7638541544169257
26582,0.04209097653126332,0.06911671432319497,0.8887923091455417
26583,0.04562286397288705,0.09091734590219704,0.863459790124916
26584,0.05707786103332694,0.14943099063826448,0.7934911483284086
26585,0.11912148861483335,0.4191860516175301,0.4616924597676366
26586,0.28388294643584033,0.3428381598820231,0.3732788936821366
26587,0.11459304966798925,0.3395368247713299,0.5458701255606808
26588,0.05650655856435451,0.31252869029431574,0.6309647511413297
26589,0.07961003652453906,0.12794590137963352,0.7924440620958273
26590,0.056928855886817224,0.534689332095879,0.40838181201730384
26591,0.32087716565462476,0.6535789894094071,0.02554384493596809
26592,0.47056026342707746,0.10055313176814144,0.42888660480478097
26593,0.10222159958251885,0.14664090071558147,0.7511374997018996
26594,0.2375140304076601,0.1023534452030134,0.6601325243893266
26595,0.042403572303366735,0.07287629187450088,0.8847201358221324
26596,0.1052173892787699,0.13522882712263687,0.7595537835985934
26597,0.11664244496051189,0.4841861357276099,0.39917141931187816
26598,0.11105129859198008,0.18397830428739947,0.7049703971206205
26599,0.05923763801131175,0.08203480555921713,0.8587275564294711
26600,0.05023498589670381,0.11055186808468567,0.8392131460186104
26601,0.11436145175170893,0.14382206900982972,0.7418164792384614
26602,0.16515922788764892,0.10215022875600215,0.732690543356349
26603,0.11737339253129171,0.13009784239593758,0.7525287650727707
26604,0.05325177985486748,0.08503787650195906,0.8617103436431734
26605,0.08060130521698942,0.17747238703930032,0.7419263077437103
26606,0.19952915566980856,0.2579217492287847,0.5425490951014068
26607,0.09548286476421985,0.872855721602369,0.03166141363341119
26608,0.0441327957582345,0.09757094949206252,0.858296254749703
26609,0.10474781449219747,0.15493571147080865,0.740316474036994
26610,0.3959971696147929,0.5409160152601367,0.06308681512507046
26611,0.08364927925424163,0.11695300613912106,0.7993977146066374
26612,0.08508732895958329,0.341735578846148,0.5731770921942687
26613,0.10950010475952651,0.14709121588969953,0.743408679350774
26614,0.05848066537583457,0.10417915907006207,0.8373401755541032
26615,0.10227090221079897,0.12892472821673606,0.7688043695724649
26616,0.05581258193827086,0.09324584757554694,0.8509415704861822
26617,0.11750883881534352,0.21681496914584114,0.6656761920388155
26618,0.08766328661155648,0.28493094482911235,0.6274057685593312
26619,0.2383900797119423,0.14156652234202075,0.620043397946037
26620,0.28816248036089004,0.6842497534059295,0.027587766233180575
26621,0.042359545880939195,0.06698975340368395,0.8906507007153769
26622,0.10188048363433037,0.5439338144957743,0.3541857018698953
26623,0.045997833768990304,0.5612659337197762,0.3927362325112336
26624,0.06147470648407333,0.14630505314332476,0.7922202403726019
26625,0.3969387219760453,0.22730340153022732,0.3757578764937274
26626,0.12469266353357658,0.10136817657526931,0.7739391598911541
26627,0.08388311514165973,0.10461177778678324,0.8115051070715571
26628,0.06252502930828722,0.22373247047796063,0.7137425002137521
26629,0.04042163202941283,0.062060501224517145,0.8975178667460701
26630,0.05566246755146807,0.1255375629756346,0.8187999694728975
26631,0.04187588390292995,0.059357398164107185,0.8987667179329628
26632,0.2261555854728254,0.1416349978767403,0.6322094166504341
26633,0.06865413061686479,0.19191635102532603,0.7394295183578091
26634,0.07133752241799744,0.07664011318455793,0.8520223643974447
26635,0.06410742604893097,0.23614151828033417,0.6997510556707349
26636,0.05819552357761026,0.24194866243784285,0.699855813984547
26637,0.03826436142423196,0.061093452957423515,0.9006421856183446
26638,0.06563341962994687,0.544735929153661,0.389630651216392
26639,0.30086590619673576,0.3776405587168726,0.3214935350863917
26640,0.056822938296873765,0.10706642738329844,0.8361106343198279
26641,0.12120172141770419,0.5026138428856317,0.37618443569666404
26642,0.04503984592238719,0.07045719495937619,0.8845029591182367
26643,0.07111974067172398,0.12368608527097988,0.8051941740572962
26644,0.05778060874565255,0.14849467239064199,0.7937247188637055
26645,0.07826042984268178,0.08010829345730992,0.8416312767000084
26646,0.5389926828568313,0.11678150848439728,0.34422580865877145
26647,0.08467720651515655,0.11102024319383202,0.8043025502910115
26648,0.07489952129034443,0.47424102844271243,0.45085945026694313
26649,0.06344089691011096,0.20847462569050204,0.728084477399387
26650,0.567851537388792,0.39179741232933546,0.04035105028187253
26651,0.4495654270812974,0.5150778512536075,0.03535672166509521
26652,0.369137383425489,0.07886363439228003,0.5519989821822311
26653,0.2538525458409265,0.16883347802364804,0.5773139761354255
26654,0.11857497629630265,0.322830011961862,0.5585950117418353
26655,0.07473669863969608,0.40492586420539445,0.5203374371549094
26656,0.075474621621549,0.14102811410101723,0.7834972642774337
26657,0.06045289955765696,0.17376286507311337,0.7657842353692299
26658,0.05393277909261889,0.30510421157146067,0.6409630093359204
26659,0.08706330535448893,0.20421217667612826,0.708724517969383
26660,0.056173234164778124,0.20804095047223514,0.7357858153629867
26661,0.13283780400566642,0.17332532325827857,0.6938368727360549
26662,0.04954853155090281,0.24165994744078867,0.7087915210083087
26663,0.04506409126201771,0.08879806761679453,0.8661378411211879
26664,0.07955263456773633,0.2143948512745654,0.7060525141576982
26665,0.15345223814013392,0.22076989071807437,0.6257778711417916
26666,0.044402351291915464,0.7286201070736198,0.22697754163446462
26667,0.044990998026683944,0.07622110706815854,0.8787878949051575
26668,0.07845017544851923,0.5793401563749683,0.3422096681765124
26669,0.09612495603902389,0.44840495698639504,0.45547008697458113
26670,0.277314310339324,0.2711019408202973,0.4515837488403787
26671,0.22995227341812186,0.10062479160906605,0.6694229349728121
26672,0.06421669694597047,0.07781862517514024,0.8579646778788892
26673,0.1283212160200169,0.1813362005674686,0.6903425834125145
26674,0.455872410313523,0.08818865261542767,0.4559389370710493
26675,0.05098280353989136,0.07526427667413768,0.873752919785971
26676,0.05412312466008323,0.07905109232413354,0.8668257830157832
26677,0.03856237966825092,0.05538140188649435,0.9060562184452547
26678,0.06684604167481352,0.2689690099436039,0.6641849483815825
26679,0.22963298713143995,0.11090518261400961,0.6594618302545504
26680,0.049243806797135914,0.09169181813439076,0.8590643750684734
26681,0.04316175435279874,0.07808707686850204,0.8787511687786993
26682,0.051476489238121516,0.1390701135651366,0.8094533971967418
26683,0.06839763752591131,0.37740872708516404,0.5541936353889245
26684,0.057507171414684,0.10519197531354102,0.8373008532717751
26685,0.1839694817732754,0.13687980894272742,0.6791507092839972
26686,0.04871069528454422,0.15385030861541238,0.7974389961000434
26687,0.14976838946297674,0.11819688926454094,0.7320347212724824
26688,0.36842218678342264,0.41476392313060273,0.2168138900859746
26689,0.05679205206702506,0.09896476334643219,0.8442431845865428
26690,0.04887248116876163,0.09295122545556112,0.8581762933756774
26691,0.06291722142776146,0.11399505801870685,0.8230877205535319
26692,0.045209902903848145,0.3581065632496958,0.5966835338464559
26693,0.33466116532925005,0.08472692066736046,0.5806119140033894
26694,0.531853964535648,0.43044870180580413,0.03769733365854789
26695,0.07783171989371508,0.11885043450416004,0.8033178456021249
26696,0.08196156541343887,0.09066121781298299,0.8273772167735781
26697,0.039170995789340746,0.056481785423072396,0.9043472187875867
26698,0.042451921311810206,0.06119643505902531,0.8963516436291643
26699,0.06051604144529964,0.4857429083741261,0.45374105018057426
26700,0.067229786762629,0.36193257767768516,0.570837635559686
26701,0.09491550214256562,0.4288290912905198,0.4762554065669145
26702,0.10493495990480177,0.4855966402779131,0.409468399817285
26703,0.04805039805443231,0.173524304661894,0.7784252972836736
26704,0.08098733942593228,0.08483192957096822,0.8341807310030996
26705,0.04234960632329822,0.06606701793588424,0.8915833757408176
26706,0.058579565467832266,0.12215797786270569,0.8192624566694621
26707,0.5058935309393843,0.07486973840738712,0.41923673065322864
26708,0.08124975896289471,0.166889377158121,0.7518608638789842
26709,0.03979467495503494,0.057491512427000284,0.9027138126179648
26710,0.11769886275165299,0.21608693099992596,0.6662142062484211
26711,0.5202126475847726,0.09029396468867847,0.38949338772654896
26712,0.07187680511287854,0.18457731156525595,0.7435458833218654
26713,0.12888146346915394,0.5153692244958036,0.35574931203504256
26714,0.06890180539179726,0.12742076239470404,0.8036774322134987
26715,0.0657304348332324,0.4216004266331348,0.5126691385336328
26716,0.12508451530788028,0.5885694467103735,0.28634603798174624
26717,0.058223639430148674,0.2783246312179899,0.6634517293518615
26718,0.08787972040609973,0.21146499822957107,0.7006552813643293
26719,0.07118003137528718,0.21681958873075607,0.7120003798939567
26720,0.058268781868492686,0.10383739808404993,0.8378938200474575
26721,0.06114144691603009,0.4338679894166711,0.5049905636672988
26722,0.2725800496081016,0.0981480770739702,0.6292718733179282
26723,0.08557470025701598,0.1832879851324448,0.7311373146105391
26724,0.06589988751189443,0.4359646095823115,0.49813550290579406
26725,0.05098881928748872,0.29672075842636236,0.6522904222861489
26726,0.10065716521874908,0.5126934788865638,0.3866493558946871
26727,0.04120920167919094,0.07691490673228978,0.8818758915885192
26728,0.0729380582034851,0.12583705008480958,0.8012248917117055
26729,0.0787324814836208,0.18316999126388472,0.7380975272524944
26730,0.10455015216327614,0.4483690086969744,0.4470808391397495
26731,0.05474497632655409,0.17924964375948688,0.7660053799139591
26732,0.1356857441257556,0.83797677526851,0.02633748060573439
26733,0.04465679889245465,0.06879635624076931,0.886546844866776
26734,0.0502770052195791,0.2691171110509258,0.6806058837294952
26735,0.05975238626517197,0.12329137830060011,0.8169562354342279
26736,0.09809715320011195,0.09339124295752792,0.8085116038423601
26737,0.12737722681673028,0.1259793530290432,0.7466434201542265
26738,0.049647825918069106,0.0996579765664253,0.8506941975155056
26739,0.5334295263141238,0.08048913042240284,0.3860813432634733
26740,0.05160643040080363,0.09177581395080925,0.8566177556483872
26741,0.14209454557707515,0.8312015128778306,0.026703941545094274
26742,0.04576941232478076,0.15783117032580468,0.7963994173494147
26743,0.12347984913306875,0.17916824311905855,0.6973519077478726
26744,0.1315858868385038,0.177343745720443,0.6910703674410531
26745,0.04545850742894489,0.09312698384836529,0.8614145087226898
26746,0.09537311538102188,0.1432955811577559,0.7613313034612222
26747,0.10570190697531893,0.3681365549348195,0.5261615380898617
26748,0.18307260919424434,0.41570040506797407,0.4012269857377817
26749,0.059701254947091734,0.1573911400896115,0.7829076049632967
26750,0.10198936984837623,0.08670988462450821,0.8113007455271156
26751,0.07849948347523265,0.19119937609649348,0.7303011404282738
26752,0.07215324305616626,0.5398706069281359,0.3879761500156978
26753,0.10501647723124313,0.0910465785802025,0.8039369441885545
26754,0.08755226629122548,0.09134443255085442,0.82110330115792
26755,0.056756215246363,0.07730451970708106,0.8659392650465559
26756,0.060893298342300624,0.09023305670950349,0.8488736449481958
26757,0.22446958407128645,0.09784818988689496,0.6776822260418186
26758,0.08497102300359728,0.16444323040637887,0.7505857465900239
26759,0.07956065073470987,0.3376511399815515,0.5827882092837386
26760,0.16694527004261694,0.27958062534892153,0.5534741046084616
26761,0.043016987705221305,0.10612210290990895,0.8508609093848698
26762,0.07796536027908625,0.09852554734586358,0.82350909237505
26763,0.04553983002941527,0.08493442475345978,0.8695257452171251
26764,0.07144869403734483,0.1502527120985548,0.7782985938641003
26765,0.06477087863812685,0.08234082555961081,0.8528882958022622
26766,0.06250531782257432,0.462848165728327,0.4746465164490987
26767,0.06673670175038189,0.21755095042345496,0.7157123478261632
26768,0.05100109837188897,0.9203588622220837,0.028640039406027232
26769,0.068446116608441,0.2977470874747909,0.633806795916768
26770,0.075811998994392,0.20417408074085455,0.7200139202647534
26771,0.1224732140026574,0.850488785928069,0.027038000069273517
26772,0.5382028578286542,0.07835009617878447,0.3834470459925613
26773,0.15315540166649796,0.10592268929030046,0.7409219090432015
26774,0.0516507233024466,0.10194134862948512,0.8464079280680684
26775,0.04116893667114037,0.15921800257592514,0.7996130607529346
26776,0.06719624229030563,0.10555582952330007,0.8272479281863941
26777,0.04667277796024807,0.06824883313389832,0.8850783889058536
26778,0.0458568113555598,0.07125116275274877,0.8828920258916917
26779,0.06190536865144783,0.08087880678005137,0.8572158245685009
26780,0.050164320601484375,0.19167851559868557,0.7581571637998301
26781,0.05612833446355456,0.08763060196725381,0.8562410635691917
26782,0.046843617026818794,0.07478031845787504,0.8783760645153064
26783,0.21571004962279577,0.21535802444023494,0.5689319259369692
26784,0.09084244695042731,0.3978800629355314,0.5112774901140413
26785,0.047971887337154004,0.08268949452985977,0.8693386181329863
26786,0.5580768509424574,0.08596578649937096,0.3559573625581716
26787,0.0379399308340676,0.05622434163375408,0.9058357275321783
26788,0.14912712664340821,0.17611149433185877,0.6747613790247331
26789,0.2873058897990194,0.3191851504298944,0.3935089597710862
26790,0.052155160951910605,0.09537800164949709,0.8524668373985924
26791,0.04593609423158182,0.06997159812969997,0.8840923076387182
26792,0.17410885300648482,0.11085901103334224,0.715032135960173
26793,0.07512994528600693,0.17346501539301215,0.7514050393209808
26794,0.04523402022358329,0.10894213341653557,0.8458238463598813
26795,0.07571125651263255,0.2127726093659174,0.7115161341214501
26796,0.08531843093800005,0.8886646497065949,0.026016919355405187
26797,0.05875163400035929,0.5077772249148542,0.4334711410847864
26798,0.46260669984915614,0.10300155651759031,0.4343917436332535
26799,0.16542138360718578,0.12882138221738582,0.7057572341754285
26800,0.05842380388710965,0.9137473520958669,0.027828844017023374
26801,0.09502279331312835,0.5053469244880368,0.3996302821988349
26802,0.077075114583894,0.08385856911822583,0.8390663162978801
26803,0.07493451143864455,0.20336311956151265,0.7217023689998427
26804,0.05523097676288269,0.14060600884871696,0.8041630143884003
26805,0.046720129760589375,0.08559266451629191,0.8676872057231189
26806,0.05909933709401757,0.1535834905472562,0.7873171723587262
26807,0.06581342051176055,0.11294436525044106,0.8212422142377984
26808,0.05072308500403129,0.23498599892108468,0.7142909160748842
26809,0.0850152182519189,0.1584637624554225,0.7565210192926586
26810,0.053002230343336086,0.26494259472759163,0.6820551749290723
26811,0.03812811332290895,0.06191868656263567,0.8999532001144555
26812,0.04950719457942159,0.0904721348710933,0.8600206705494851
26813,0.05592709585026558,0.5354231407447879,0.40864976340494635
26814,0.11180505119345693,0.123295353835684,0.7648995949708591
26815,0.07510558414740448,0.2341251861664089,0.6907692296861867
26816,0.04741300905518038,0.37866082557242603,0.5739261653723936
26817,0.11591083320463295,0.09072215760232999,0.793367009193037
26818,0.09551442888583556,0.08789741752608247,0.8165881535880819
26819,0.08533349276072417,0.18476918620294275,0.729897321036333
26820,0.15655239510679464,0.8175686240698833,0.025878980823322018
26821,0.13138090254272097,0.8403952467462861,0.02822385071099295
26822,0.07591245118315619,0.3312844728051207,0.5928030760117231
26823,0.055012473789696086,0.1059023327862255,0.8390851934240783
26824,0.08869769982348567,0.10107141124454243,0.8102308889319718
26825,0.05594525757680173,0.1006966208582705,0.8433581215649277
26826,0.08832817321757641,0.09522247847171889,0.8164493483107047
26827,0.06467731821234589,0.1124401276538051,0.822882554133849
26828,0.05762596830526876,0.21448745984120834,0.727886571853523
26829,0.05305059074795222,0.14389871967102932,0.8030506895810184
26830,0.0529112294501108,0.11442154540532842,0.8326672251445607
26831,0.05605351759972918,0.06395063083083204,0.8799958515694388
26832,0.0402888265113505,0.057112729893142984,0.9025984435955063
26833,0.06857129390933674,0.08574925165767701,0.8456794544329861
26834,0.052512724681704454,0.1420003392118841,0.8054869361064115
26835,0.5982371034739521,0.09587460352552506,0.3058882930005229
26836,0.11518173500366094,0.4797832108576624,0.4050350541386766
26837,0.09429249888113378,0.08362661823129754,0.8220808828875689
26838,0.08511821197522915,0.35332985334258804,0.5615519346821829
26839,0.6217417934160184,0.09013883282547618,0.28811937375850516
26840,0.06943411796419068,0.259448589298371,0.6711172927374384
26841,0.03912413157535634,0.05771907706498283,0.9031567913596608
26842,0.05736481063912874,0.21564966322225188,0.7269855261386193
26843,0.10446302718206457,0.11079761234695058,0.784739360470985
26844,0.09488323548737396,0.4343590586202157,0.47075770589241034
26845,0.5525321631482082,0.08328504761774314,0.3641827892340485
26846,0.07633941199439481,0.08054068501682334,0.8431199029887819
26847,0.07040382403813739,0.2326431687596382,0.6969530072022245
26848,0.09156767033218759,0.10805623386496724,0.8003760958028452
26849,0.21143838054507227,0.1359549104119852,0.6526067090429425
26850,0.09958931330600557,0.40414750788756454,0.4962631788064299
26851,0.0908395336291805,0.14172493406472775,0.7674355323060917
26852,0.11929634558712122,0.4995063467427264,0.38119730767015236
26853,0.09159055102166215,0.1025646950841897,0.8058447538941482
26854,0.0835850102292026,0.8908737139851999,0.025541275785597638
26855,0.0720414594593774,0.18114278820287208,0.7468157523377505
26856,0.11335114930314877,0.10538401511530869,0.7812648355815426
26857,0.1211249821548483,0.1265014323808375,0.7523735854643141
26858,0.07818148651228073,0.623016757658133,0.2988017558295862
26859,0.06324120954064617,0.5184986320528207,0.4182601584065333
26860,0.07630596498628979,0.44742939494737877,0.47626464006633146
26861,0.10322587506950079,0.3585121803946457,0.5382619445358534
26862,0.07940390383464571,0.25899130931546976,0.6616047868498846
26863,0.04766668319921843,0.10164524666875362,0.8506880701320281
26864,0.044621642743055044,0.4060260641650626,0.5493522930918824
26865,0.08735642338161523,0.1362574323131003,0.7763861443052843
26866,0.050680142264424854,0.100728371411859,0.8485914863237161
26867,0.06909559155935818,0.09941321924937249,0.8314911891912693
26868,0.04564692869719117,0.10236329720360784,0.851989774099201
26869,0.03906573346307215,0.05997502529403678,0.9009592412428911
26870,0.03773769998935447,0.7740800779728406,0.18818222203780482
26871,0.12470518028448986,0.1112436936862362,0.7640511260292738
26872,0.09839424714422898,0.159637942196013,0.741967810659758
26873,0.10765441958279648,0.15833689132765508,0.7340086890895485
26874,0.101221095285281,0.40298692723168,0.49579197748303905
26875,0.07035564345990493,0.2758505505788983,0.6537938059611966
26876,0.047856799415798235,0.07514112735592912,0.8770020732282726
26877,0.06568412858534212,0.10994938440642527,0.8243664870082326
26878,0.1454120542994555,0.2594054341842539,0.5951825115162908
26879,0.07918386743697255,0.20912649701696723,0.71168963554606
26880,0.373591494485615,0.07304799521547281,0.5533605102989121
26881,0.058690808139176646,0.16686262594645837,0.7744465659143649
26882,0.38730533996895977,0.07973964063576133,0.532955019395279
26883,0.040434049792680476,0.06885456122917702,0.8907113889781425
26884,0.09434822771159428,0.4687142997390806,0.43693747254932513
26885,0.3510034244320678,0.08183021053514163,0.5671663650327905
26886,0.09213814182532086,0.10922065634441616,0.798641201830263
26887,0.041024803323840016,0.0826245307556409,0.8763506659205189
26888,0.13853965910999178,0.19113063184990123,0.670329709040107
26889,0.0493132315625742,0.0941020716712934,0.8565846967661324
26890,0.05371045091724745,0.16634141644798878,0.7799481326347638
26891,0.056466077599153765,0.4903179743046323,0.4532159480962139
26892,0.0779606097331252,0.19744400437613388,0.724595385890741
26893,0.05007425116860116,0.13412016491567194,0.815805583915727
26894,0.06022835581582899,0.08297551989799476,0.8567961242861762
26895,0.10802211414359811,0.45025830254645866,0.44171958330994326
26896,0.06853002123644814,0.2764858434756866,0.6549841352878653
26897,0.07138629462057576,0.28624539870225574,0.6423683066771685
26898,0.053944069441707466,0.10331012347456202,0.8427458070837306
26899,0.10008035260590878,0.16004267693498303,0.7398769704591084
26900,0.06209608133660584,0.3094289589511203,0.6284749597122739
26901,0.04427626519795143,0.1520477284633016,0.8036760063387469
26902,0.04097524643645448,0.05952315025703199,0.8995016033065135
26903,0.06973099125831249,0.2797734794013314,0.6504955293403561
26904,0.5183261796838438,0.4504894214627296,0.03118439885342663
26905,0.06963546667085824,0.13486166757048304,0.7955028657586587
26906,0.037120541653237846,0.05624436702470723,0.9066350913220549
26907,0.15159242717653018,0.09422720131876741,0.7541803715047024
26908,0.046238269527746505,0.13721755120872395,0.8165441792635295
26909,0.046178195978245136,0.5573634173318331,0.3964583866899218
26910,0.08059026001805611,0.2941568176393287,0.6252529223426153
26911,0.06792759121379663,0.1275156746774275,0.8045567341087759
26912,0.05390950297533402,0.14125578169990197,0.8048347153247641
26913,0.2449423333969357,0.1088722870321116,0.6461853795709527
26914,0.05618918066448401,0.2442575252453459,0.6995532940901701
26915,0.1296457275461608,0.1016783465391037,0.7686759259147354
26916,0.12259446394679593,0.8499998419404424,0.02740569411276161
26917,0.046406900616815926,0.07755545164421124,0.876037647738973
26918,0.07461157327835126,0.11460999527525062,0.810778431446398
26919,0.5514891977274896,0.0994520966147372,0.34905870565777314
26920,0.05736366894649118,0.47130574839248285,0.4713305826610259
26921,0.03712274316356607,0.7695555614427556,0.19332169539367822
26922,0.05778368248707347,0.4406434433021683,0.5015728742107582
26923,0.047021535625429975,0.07717734876478044,0.8758011156097896
26924,0.05685611651050171,0.08350407169988017,0.8596398117896181
26925,0.10153052068458539,0.0972275780940581,0.8012419012213565
26926,0.0925631036458982,0.3859695353044386,0.5214673610496633
26927,0.11689390751885799,0.17900601719709855,0.7041000752840435
26928,0.11006519087657399,0.8578725179933375,0.03206229113008863
26929,0.05149074617316557,0.13361734060016087,0.8148919132266735
26930,0.04405735361266437,0.5805551278973377,0.3753875184899979
26931,0.14428440549293028,0.8298285175274861,0.025887076979583833
26932,0.05463491885633571,0.6294601292007673,0.31590495194289697
26933,0.456400437963824,0.15075574512407217,0.3928438169121038
26934,0.08204920414354526,0.10175755510504314,0.8161932407514116
26935,0.06187788124840738,0.08385428204102784,0.8542678367105648
26936,0.04375252427592532,0.057927700265235096,0.8983197754588396
26937,0.07356046684381952,0.20125335693812396,0.7251861762180566
26938,0.11238505296759331,0.8612218746860232,0.026393072346383585
26939,0.4263407825920458,0.5405665898764159,0.033092627531538216
26940,0.08307605883971049,0.09716342767147869,0.8197605134888108
26941,0.08699475536762177,0.09893386646815894,0.8140713781642193
26942,0.17824231156309667,0.16810162205560464,0.6536560663812987
26943,0.06939422406549332,0.3974502465296575,0.5331555294048493
26944,0.07432296154317836,0.09080913470110623,0.8348679037557153
26945,0.13240844028703597,0.39216089215807476,0.4754306675548893
26946,0.10471959245829458,0.1068755828130341,0.7884048247286712
26947,0.0689752383985194,0.5191363034938352,0.41188845810764524
26948,0.06701856520395101,0.19205347026305242,0.7409279645329967
26949,0.5193548956146561,0.08426415696949921,0.3963809474158447
26950,0.20163697624431656,0.3542677110600232,0.4440953126956604
26951,0.2540457250379546,0.356063397606626,0.3898908773554195
26952,0.13586918607166376,0.2632598414374256,0.6008709724909107
26953,0.06614459658529677,0.07352307561925304,0.8603323277954502
26954,0.045371295040574355,0.09214182335848653,0.8624868816009392
26955,0.05883985725036788,0.5327757418487565,0.40838440090087563
26956,0.11766166139414518,0.16505368330449613,0.7172846553013588
26957,0.6338642515263506,0.09400859726064403,0.2721271512130054
26958,0.2678185529655014,0.10803981732989282,0.6241416297046058
26959,0.049549974696333265,0.3055047424089746,0.6449452828946921
26960,0.1656579945797529,0.10829659203677486,0.7260454133834724
26961,0.07911199442508762,0.191955298429318,0.7289327071455944
26962,0.04656792386081958,0.6591569861647028,0.2942750899744777
26963,0.33466116532925005,0.08472692066736046,0.5806119140033894
26964,0.07550308890842514,0.1984956771516928,0.726001233939882
26965,0.05348603248403247,0.4814244422028836,0.4650895253130839
26966,0.06853002123644814,0.2764858434756866,0.6549841352878653
26967,0.056207187835937825,0.10951069588844478,0.8342821162756174
26968,0.1409654420520249,0.09881543328275755,0.7602191246652176
26969,0.04361072055223694,0.07791117491111993,0.8784781045366432
26970,0.1120917138017011,0.10505609263881016,0.7828521935594888
26971,0.06187514983596906,0.19319365539339384,0.7449311947706372
26972,0.11728341287205399,0.26312549406074925,0.6195910930671967
26973,0.056595577195106966,0.18896884913486048,0.7544355736700326
26974,0.046448284642040996,0.06242371892546928,0.8911279964324896
26975,0.0855751674743715,0.10764801774227217,0.8067768147833563
26976,0.12208516232949394,0.8512928246237478,0.02662201304675815
26977,0.04555941539529527,0.19939927909092395,0.7550413055137808
26978,0.04759840307788406,0.12997252379434066,0.8224290731277752
26979,0.05742698399702117,0.31362342073304966,0.6289495952699291
26980,0.11550689692953901,0.09183519759678463,0.7926579054736762
26981,0.08541386729959181,0.23371508661992013,0.6808710460804881
26982,0.0501035327690829,0.13102677930090756,0.8188696879300095
26983,0.07651408187569557,0.17272321811275174,0.7507627000115528
26984,0.07948095270838818,0.20733547916381326,0.7131835681277985
26985,0.11791975222681642,0.20730295173044427,0.6747772960427394
26986,0.0452880049247979,0.06449092417485276,0.8902210709003494
26987,0.09499435840214335,0.48825330129722516,0.41675234030063146
26988,0.10669511804855458,0.4706579241193269,0.4226469578321185
26989,0.06135893191641592,0.15124840011714122,0.7873926679664429
26990,0.08252098563904291,0.08585529903472429,0.8316237153262328
26991,0.046464083273185575,0.13280877306439118,0.820727143662423
26992,0.08684862530172052,0.4469742156628408,0.46617715903543866
26993,0.07088072917984113,0.09494281740709855,0.8341764534130603
26994,0.13340925664359912,0.1053842048925395,0.7612065384638614
26995,0.05321078617822733,0.32313035065704077,0.6236588631647318
26996,0.04835720406551745,0.09800311738539484,0.8536396785490877
26997,0.16490853018437826,0.3206309153202141,0.5144605544954076
26998,0.3336141692862577,0.08607204718822481,0.5803137835255175
26999,0.2673241607873699,0.10332213252898376,0.6293537066836464
27000,0.06466540813138444,0.484979171323187,0.4503554205454286
27001,0.04811946177090105,0.3722127296248113,0.5796678086042877
27002,0.07206886782673991,0.22461394852030703,0.703317183652953
27003,0.1417099064062666,0.16539929746440607,0.6928907961293272
27004,0.04954338124846537,0.26283044942568695,0.6876261693258477
27005,0.08328578900741782,0.22669196980938877,0.6900222411831933
27006,0.07655152559909018,0.0876758452744224,0.8357726291264873
27007,0.05177860861871164,0.7069409779369856,0.2412804134443028
27008,0.0804632291516976,0.13524406311110812,0.7842927077371943
27009,0.04520718848474902,0.2256276562945984,0.7291651552206526
27010,0.05425546263851935,0.12400641479585235,0.8217381225656284
27011,0.13617994594487337,0.40187766918207735,0.46194238487304934
27012,0.05079647195292826,0.07541987211869698,0.8737836559283748
27013,0.3807579499182449,0.08253547431562061,0.5367065757661345
27014,0.07093978638794385,0.4416618702492966,0.48739834336275945
27015,0.08527717728293162,0.49301676162538643,0.4217060610916819
27016,0.07416770436587389,0.13646496065741454,0.7893673349767116
27017,0.08252698489577522,0.17121524104324043,0.7462577740609844
27018,0.04359317850788071,0.07420908121521433,0.882197740276905
27019,0.07929377422585834,0.11463268098916445,0.8060735447849773
27020,0.04957405338881718,0.47884085465259807,0.47158509195858467
27021,0.05609095386653263,0.34968767126223116,0.5942213748712363
27022,0.08528612547891436,0.13591256004466046,0.778801314476425
27023,0.11037487378979159,0.44325702346529494,0.44636810274491334
27024,0.049971139842316076,0.2742186870044826,0.6758101731532014
27025,0.2985358846227477,0.08740550232059899,0.6140586130566531
27026,0.051696946413812325,0.13738689828156544,0.8109161553046221
27027,0.12029174869870184,0.0921707543676728,0.7875374969336254
27028,0.16217500283294384,0.1592711674098307,0.6785538297572254
27029,0.0761455384390668,0.14041886711096757,0.7834355944499656
27030,0.10230272179038674,0.5104424081109299,0.3872548700986834
27031,0.5721011385722998,0.19535876133596133,0.23254010009173884
27032,0.2892537110071883,0.11276872649125133,0.5979775625015603
27033,0.07426046519558152,0.1018345562269625,0.823904978577456
27034,0.08500084309209063,0.1364609512440297,0.7785382056638798
27035,0.6018275108106753,0.09240764098965157,0.30576484819967314
27036,0.06335891559008616,0.08714443204236844,0.8494966523675453
27037,0.1531375259277865,0.16577532836535028,0.681087145706863
27038,0.06407670112521602,0.08146685526054069,0.8544564436142432
27039,0.293803927076377,0.08487350810098486,0.6213225648226383
27040,0.13859442395884988,0.12404412142520381,0.7373614546159463
27041,0.038936871283918234,0.0565257365913153,0.9045373921247665
27042,0.4231768987119932,0.545718932960853,0.0311041683271537
27043,0.0840790091748154,0.10675157650734754,0.8091694143178371
27044,0.0530866449021928,0.08960288621295083,0.8573104688848564
27045,0.04778703562505794,0.15767061813990405,0.7945423462350379
27046,0.04112880514253606,0.05755003892062239,0.9013211559368416
27047,0.11489292460282438,0.528946589382679,0.35616048601449657
27048,0.24472243784402015,0.7292448332430188,0.026032728912961017
27049,0.08211644356304725,0.4638906372554931,0.4539929191814596
27050,0.04578886890710665,0.1384374626585641,0.8157736684343292
27051,0.07240159543742576,0.23292187548620535,0.6946765290763689
27052,0.049034528293159955,0.0903453809332339,0.8606200907736062
27053,0.054695226135101166,0.24593946488261634,0.6993653089822826
27054,0.07838345094250351,0.0885362478359294,0.8330803012215671
27055,0.14540493267762272,0.8286658761927407,0.025929191129636386
27056,0.18021731407937971,0.7929736648112395,0.026809021109380674
27057,0.050299766538158354,0.30686665932214024,0.6428335741397015
27058,0.313420410280524,0.0874023888808938,0.5991772008385824
27059,0.09257378135588742,0.1131798575740132,0.7942463610700994
27060,0.0695844132837505,0.14384672185646588,0.7865688648597837
27061,0.5043748080970223,0.13997640498656916,0.35564878691640855
27062,0.26648479456273905,0.10901027377924356,0.6245049316580175
27063,0.12180675954642183,0.17029546704276988,0.7078977734108083
27064,0.04057190350081596,0.05726107845731811,0.9021670180418659
27065,0.07511711017997587,0.25177674870862454,0.6731061411113995
27066,0.053444676122627544,0.09901149752563472,0.8475438263517378
27067,0.05536115889835681,0.15457593783211143,0.7900629032695318
27068,0.5004235743839838,0.08518090251762551,0.41439552309839073
27069,0.05472065332942469,0.1202766597283191,0.8250026869422562
27070,0.04522297896729138,0.08313284539547916,0.8716441756372294
27071,0.0519166299982595,0.09872254805065438,0.8493608219510861
27072,0.06900485348683018,0.29705416745505325,0.6339409790581166
27073,0.0757064066537719,0.1815627646110123,0.7427308287352159
27074,0.0912157603811685,0.45506389219778837,0.45372034742104306
27075,0.27512804992175965,0.2617682959696596,0.46310365410858056
