index,0,1,2
26457,0.09857386834865811,0.20690316682322865,0.6945229648281133
26458,0.3336048397777039,0.24707158397820106,0.419323576244095
26459,0.03788487764769049,0.05782317823944652,0.9042919441128628
26460,0.04853136016824225,0.06778597248078784,0.88368266735097
26461,0.07370271179766029,0.20534851078379435,0.7209487774185452
26462,0.07384487627019727,0.11624509367170262,0.8099100300581
26463,0.5685512705818996,0.3974069434700214,0.034041785948079
26464,0.04454302739921738,0.0645527379566687,0.8909042346441138
26465,0.04761820694497559,0.08914578602763218,0.8632360070273921
26466,0.04443432740913418,0.3181797663824134,0.6373859062084525
26467,0.11190630914499147,0.11607606722243288,0.7720176236325756
26468,0.03543772742822467,0.05350754111400148,0.9110547314577737
26469,0.6359633973253401,0.07026087355253571,0.29377572912212413
26470,0.09116385223511847,0.31360065614967875,0.5952354916152028
26471,0.11288879339103965,0.13619098713469913,0.7509202194742611
26472,0.056593777250641124,0.3106070290897643,0.6327991936595946
26473,0.032830947736857075,0.04909095461164913,0.9180780976514937
26474,0.31462248166513224,0.6578558409064252,0.02752167742844247
26475,0.31282866850447255,0.2055366732811942,0.48163465821433316
26476,0.0327226918088585,0.06133901975052982,0.9059382884406116
26477,0.19128467242386318,0.23080635947348138,0.5779089681026554
26478,0.04303612691259289,0.059242358203879866,0.8977215148835271
26479,0.03824682018005404,0.06733587982056664,0.8944172999993792
26480,0.04537973621457209,0.05559059765226648,0.8990296661331615
26481,0.060423525883031313,0.2920351649347252,0.6475413091822436
26482,0.11905644914754492,0.08325814416013831,0.7976854066923169
26483,0.05586294034250896,0.13905466424975058,0.8050823954077405
26484,0.06719642398555674,0.09481143569684573,0.8379921403175977
26485,0.03528952379115543,0.05733049716385531,0.9073799790449892
26486,0.05888067117929852,0.14486626683504608,0.7962530619856554
26487,0.06739586468119604,0.09144318645322554,0.8411609488655785
26488,0.2872483973213115,0.6803856580703195,0.03236594460836914
26489,0.042281916536750085,0.29496269677696724,0.6627553866862826
26490,0.06177424219939797,0.12067974731138124,0.8175460104892208
26491,0.06769967502792004,0.09912187876198886,0.8331784462100912
26492,0.05068437820347421,0.3585497698302623,0.5907658519662634
26493,0.30775436460055366,0.6685131120437805,0.023732523355665787
26494,0.05903606371383847,0.41807645579669794,0.5228874804894637
26495,0.061618151240342645,0.06417167704021456,0.8742101717194427
26496,0.09642392940425588,0.14223200821287657,0.7613440623828676
26497,0.03299340871482827,0.8571758073911121,0.10983078389405969
26498,0.14222877749866839,0.5503343992507319,0.30743682325059984
26499,0.09411826361001763,0.14853377450598473,0.7573479618839977
26500,0.06888180749260661,0.3811443907187043,0.549973801788689
26501,0.07956324752680656,0.3470912514841907,0.5733455009890026
26502,0.05032859617464186,0.08183923810556804,0.86783216571979
26503,0.11280260763442845,0.47948487204922113,0.40771252031635047
26504,0.11741665448112071,0.17895054098167887,0.7036328045372003
26505,0.038624524522694145,0.05725797527123012,0.9041175002060758
26506,0.10343047455959699,0.8697444051600226,0.026825120280380328
26507,0.09919278818462794,0.8794278333286835,0.021379378486688572
26508,0.10108982041395148,0.20184856607441196,0.6970616135116365
26509,0.12052238482138383,0.15704822993964299,0.7224293852389733
26510,0.04458413696111999,0.281063686070204,0.6743521769686761
26511,0.0378757670580506,0.054754172886499884,0.9073700600554496
26512,0.10774025416140245,0.15763920477368348,0.7346205410649141
26513,0.09201646413848603,0.20381463698482094,0.704168898876693
26514,0.04688683645274413,0.07276086382289561,0.8803522997243601
26515,0.4478914804919586,0.08015322833283742,0.471955291175204
26516,0.04653795043547049,0.34643015931190324,0.6070318902526264
26517,0.22688715213134844,0.7520359922667973,0.021076855601854225
26518,0.04065716324539095,0.057112420295890774,0.9022304164587182
26519,0.45014679784246525,0.07273841744477154,0.47711478471276325
26520,0.03196805053590293,0.8634467754732911,0.10458517399080593
26521,0.050677730803660954,0.19812278989770196,0.7511994792986371
26522,0.20284211870029192,0.12675982093462934,0.6703980603650789
26523,0.10866480810418759,0.13648178311808062,0.7548534087777319
26524,0.07343089836177712,0.20309148201908658,0.7234776196191361
26525,0.12342491321539606,0.20221723162782024,0.6743578551567836
26526,0.04116697765458093,0.05985473934111187,0.8989782830043072
26527,0.10588205918645098,0.32259933508827154,0.5715186057252776
26528,0.10302309502821667,0.875130802400177,0.02184610257160632
26529,0.5127446137531464,0.07744833266901816,0.4098070535778355
26530,0.12416571290911398,0.15043764080235006,0.725396646288536
26531,0.0629203027192609,0.19650868503995994,0.7405710122407791
26532,0.14035715652005368,0.09202193732743043,0.7676209061525158
26533,0.08836237174096641,0.14517713898646742,0.7664604892725662
26534,0.03621202828867999,0.0631155808456574,0.9006723908656626
26535,0.04060775073299818,0.0676551668769011,0.8917370823901009
26536,0.11878551865086778,0.14419929159231626,0.7370151897568161
26537,0.0510856462302307,0.07489194403510092,0.8740224097346684
26538,0.04246097974646593,0.28128484912430646,0.6762541711292276
26539,0.05709403931833215,0.1276243075621493,0.8152816531195186
26540,0.2558705529729081,0.20523051433894543,0.5388989326881464
26541,0.047309430262607505,0.07535329120246152,0.877337278534931
26542,0.04800824671488282,0.108030890858036,0.8439608624270811
26543,0.050480451717330656,0.06899608173913059,0.8805234665435389
26544,0.13945462503883854,0.16666070420942092,0.6938846707517405
26545,0.10947073878991072,0.3780904316502938,0.5124388295597954
26546,0.041270286909551354,0.07704486053211175,0.8816848525583368
26547,0.03635729804336356,0.056214995959036625,0.9074277059975997
26548,0.06111738743171045,0.08158706555728183,0.8572955470110077
26549,0.22204222183851435,0.755790101103819,0.02216767705766677
26550,0.0441522715178422,0.14905636507193587,0.806791363410222
26551,0.04060372875857901,0.15502558768639813,0.8043706835550231
26552,0.05710548573628441,0.23637505595855673,0.7065194583051589
26553,0.044369552685491614,0.06207496742952155,0.893555479884987
26554,0.08472119268166467,0.3586778808556003,0.556600926462735
26555,0.13739606335649163,0.12138460155949322,0.7412193350840153
26556,0.049667591921714965,0.23364469372692923,0.7166877143513558
26557,0.052674948102084666,0.0772700982039357,0.8700549536939797
26558,0.6382841288317782,0.07606006150677676,0.28565580966144505
26559,0.311172928829114,0.08707976570349114,0.6017473054673946
26560,0.058643436934598385,0.10299562175002198,0.8383609413153796
26561,0.041786719920582,0.2779667985956007,0.6802464814838173
26562,0.04474713865438888,0.060728843853095266,0.8945240174925159
26563,0.033312201382978544,0.06566952203344319,0.9010182765835785
26564,0.1008292050530735,0.11939282685566778,0.7797779680912587
26565,0.08567193153833268,0.3416866333798206,0.5726414350818467
26566,0.06743300409475589,0.220748950297615,0.711818045607629
26567,0.09335167579328285,0.14618805571577032,0.7604602684909468
26568,0.3907388081360951,0.5790541169486851,0.03020707491521974
26569,0.04587425410512028,0.0794988301348117,0.874626915760068
26570,0.06797917659989273,0.6361042539674492,0.29591656943265826
26571,0.05033615975517501,0.08037864093336111,0.8692851993114639
26572,0.05343523113765428,0.17156166713131366,0.775003101731032
26573,0.08600130094675065,0.12879872479767335,0.785199974255576
26574,0.19921351880201169,0.0928058015076166,0.7079806796903716
26575,0.06691670056600593,0.09703660258695626,0.8360466968470378
26576,0.11840219771043446,0.08128992909101439,0.8003078731985511
26577,0.08088125948920685,0.12773968165174124,0.7913790588590519
26578,0.22031151500163165,0.44621533207022435,0.333473152928144
26579,0.24827347565914257,0.7270940487454831,0.024632475595374393
26580,0.0765529287205027,0.14163426153172098,0.7818128097477763
26581,0.11371731155575322,0.13502847325105516,0.7512542151931916
26582,0.03702398274219106,0.05899232508831685,0.9039836921694923
26583,0.0395670278413634,0.06144158644687051,0.8989913857117661
26584,0.09503965450261025,0.15232281194856798,0.7526375335488218
26585,0.11125733668196086,0.5197566124882952,0.36898605082974395
26586,0.24931299602611318,0.2539413016859194,0.49674570228796744
26587,0.2723996292649254,0.41504276274771873,0.312557607987356
26588,0.05329547340827906,0.12687472371638026,0.8198298028753407
26589,0.1120471242456517,0.10546702429247015,0.7824858514618782
26590,0.08644392950283931,0.36970225553701713,0.5438538149601435
26591,0.10631131050939131,0.8728642807509583,0.020824408739650104
26592,0.4378618696676081,0.0796543335826724,0.48248379674971936
26593,0.06665945330317563,0.6010355768138936,0.33230496988293073
26594,0.0638168466865031,0.07511856296690074,0.8610645903465961
26595,0.035302593205461044,0.057914181371506696,0.9067832254230322
26596,0.06227184773639129,0.08428538673561277,0.853442765527996
26597,0.3472457265607196,0.44446343237341623,0.20829084106586415
26598,0.05711667657666913,0.1297033532292144,0.8131799701941164
26599,0.040151290593673235,0.059198323815552796,0.9006503855907739
26600,0.036828189126886984,0.06926867534068688,0.8939031355324263
26601,0.04908319369962375,0.12347697601696139,0.8274398302834148
26602,0.09040778181385373,0.170194101943644,0.7393981162425024
26603,0.06712839576844729,0.1094807260791116,0.8233908781524409
26604,0.034858531947817566,0.06489123046736989,0.9002502375848125
26605,0.04209922790577617,0.06532174477524552,0.8925790273189784
26606,0.09090583920674496,0.4062328993239697,0.5028612614692853
26607,0.08749763316113392,0.8863493618118666,0.026153005026999545
26608,0.04156947547914098,0.0735397217156737,0.8848908028051853
26609,0.055334961819785686,0.0852386158114783,0.8594264223687361
26610,0.333245072684287,0.6329992114662306,0.03375571584948254
26611,0.0904297782977847,0.234742371957402,0.6748278497448132
26612,0.11572112496412663,0.416333310269815,0.46794556476605825
26613,0.05744917722137346,0.1701557924658617,0.7723950303127649
26614,0.08847454614357328,0.1284277145556764,0.7830977393007503
26615,0.10077038259833619,0.20366469245824737,0.6955649249434165
26616,0.03188497520408031,0.055827209811187446,0.9122878149847324
26617,0.06956923108441583,0.08710760109910866,0.8433231678164754
26618,0.040458957563512685,0.07630454850774512,0.8832364939287423
26619,0.060721680247365475,0.1459658332542574,0.7933124864983772
26620,0.1624075405537141,0.8126101473006075,0.02498231214567841
26621,0.0355705157452793,0.05411538903917414,0.9103140952155466
26622,0.06738347238672086,0.5853188114610042,0.34729771615227484
26623,0.040055775971547206,0.5069894766663356,0.45295474736211716
26624,0.11086303983196945,0.11423600494696555,0.774900955221065
26625,0.6587010941234863,0.1074843694110742,0.23381453646543957
26626,0.3818817273199319,0.09620481927298351,0.5219134534070845
26627,0.036620370441760856,0.056278246397909154,0.9071013831603298
26628,0.03255264593675705,0.06781784811302377,0.8996295059502191
26629,0.03677073938082687,0.0564530101717935,0.9067762504473795
26630,0.039507852569052,0.07063288735442468,0.8898592600765233
26631,0.033583288723599634,0.0487925680895565,0.9176241431868439
26632,0.5705173102679353,0.09194367478343335,0.3375390149486314
26633,0.04455094104898874,0.12380141940680069,0.8316476395442105
26634,0.0413725393901598,0.05556404370918235,0.9030634169006578
26635,0.039587376757311846,0.2694296696811498,0.6909829535615384
26636,0.04449019788768238,0.340990968560017,0.6145188335523007
26637,0.04375990834375376,0.0728506299080262,0.88338946174822
26638,0.036821001231738655,0.773032488012221,0.1901465107560403
26639,0.15337606353695957,0.6102726526765853,0.23635128378645517
26640,0.23626309478985238,0.16415130019444832,0.5995856050156991
26641,0.1378381454432082,0.575161092391518,0.2870007621652738
26642,0.05975437755651698,0.10421947468543459,0.8360261477580485
26643,0.06572715282491688,0.2019295415709289,0.7323433056041543
26644,0.05297751968476468,0.09401311812105662,0.8530093621941787
26645,0.07078065176668294,0.07744242817108173,0.8517769200622353
26646,0.6438009414046906,0.09032780269319073,0.2658712559021187
26647,0.03640109044424728,0.06694938182102037,0.8966495277347324
26648,0.06145298136198092,0.5301769832956775,0.40837003534234156
26649,0.05706375394304592,0.09359671145686822,0.8493395346000859
26650,0.5470594255578713,0.41940301448630546,0.03353755995582307
26651,0.37029366109701933,0.6015865215418399,0.02811981736114074
26652,0.3000367532331375,0.0886462560267766,0.6113169907400858
26653,0.29768878186340797,0.13659703210813276,0.5657141860284594
26654,0.058310546753663595,0.7285994027025644,0.2130900505437719
26655,0.0485436279977474,0.5432925332834273,0.4081638387188253
26656,0.062486645289343834,0.08681791483090048,0.8506954398797556
26657,0.06943138171561421,0.36175929078907343,0.5688093274953124
26658,0.05059665048997142,0.28709441820567116,0.6623089313043573
26659,0.11845862028125918,0.23064547054032475,0.650895909178416
26660,0.05254637107485306,0.2641719071805386,0.6832817217446081
26661,0.17118897101265865,0.19455854150731847,0.6342524874800228
26662,0.056008534218246614,0.2809222819244623,0.6630691838572911
26663,0.0628849621171525,0.21790988274259598,0.7192051551402515
26664,0.12656026941279427,0.1719469470095691,0.7014927835776364
26665,0.15914177451867229,0.22910181149061415,0.6117564139907135
26666,0.046866392390662565,0.3914731312503916,0.5616604763589458
26667,0.03169120678446379,0.056824157616961496,0.9114846355985747
26668,0.05641940908327887,0.511110133685739,0.43247045723098215
26669,0.15554058592071504,0.3116395236222957,0.5328198904569893
26670,0.327998182158295,0.30059974201828116,0.37140207582342377
26671,0.10020010420202258,0.4302524019628134,0.4695474938351641
26672,0.053843475842624895,0.07190025521646967,0.8742562689409056
26673,0.11287453328067999,0.12066415244830937,0.7664613142710107
26674,0.6489092940246134,0.0730915744562531,0.27799913151913347
26675,0.03510518169261139,0.08268873119575972,0.8822060871116288
26676,0.06477753498106345,0.08309569174325607,0.8521267732756806
26677,0.03543167383986256,0.05462467884692356,0.9099436473132139
26678,0.060821175913966255,0.25929479186878834,0.6798840322172454
26679,0.1403315363946117,0.126078397892737,0.7335900657126514
26680,0.07685635236995247,0.19773208619387736,0.7254115614361702
26681,0.0370963341748966,0.06841369978602597,0.8944899660390774
26682,0.04652094003043424,0.08435727042947638,0.8691217895400895
26683,0.04775909003775668,0.3434175889534129,0.6088233210088304
26684,0.09618800937430295,0.14598354498684946,0.7578284456388477
26685,0.34028908138050445,0.10416934841289163,0.5555415702066039
26686,0.03423853017058744,0.08591983068974525,0.8798416391396674
26687,0.11270263042807745,0.16576623161814075,0.7215311379537819
26688,0.2283495094198597,0.5336823739375607,0.23796811664257952
26689,0.09566630114637895,0.15539658463998482,0.7489371142136362
26690,0.03938699464520795,0.07063211539232926,0.8899808899624629
26691,0.09267133392803464,0.28000448926440474,0.6273241768075606
26692,0.042845833771491336,0.34288442295974997,0.6142697432687587
26693,0.43734214888904627,0.08391552016364989,0.4787423309473038
26694,0.5981915854972334,0.36780060242071383,0.0340078120820528
26695,0.044648592463135676,0.06181094557062231,0.893540461966242
26696,0.03747762431487938,0.05179866427697977,0.9107237114081409
26697,0.034960608522069433,0.05719677675334692,0.9078426147245837
26698,0.038862078191157515,0.05753042386681175,0.9036074979420307
26699,0.05617786672018242,0.4466654751460148,0.49715665813380283
26700,0.05171032552891053,0.4201001769396995,0.52818949753139
26701,0.10923089200849509,0.3597662461954469,0.531002861796058
26702,0.08379637095639801,0.343300486731192,0.5729031423124101
26703,0.06867631669585529,0.0869306300573705,0.844393053246774
26704,0.03812435874887789,0.07302704590168585,0.8888485953494363
26705,0.03630577851654182,0.06334757282708407,0.9003466486563743
26706,0.04273015645626515,0.05672128926537886,0.9005485542783561
26707,0.368247940108964,0.08203294752106131,0.5497191123699748
26708,0.037264080168795934,0.07045733827025753,0.8922785815609465
26709,0.03601528673342495,0.052913202295965946,0.9110715109706092
26710,0.08452873390633225,0.11264953561100956,0.8028217304826581
26711,0.3492559566428473,0.08872131641449679,0.562022726942656
26712,0.060696149630235195,0.24394685188200177,0.6953569984877629
26713,0.08279253286220528,0.47251328443308827,0.4446941827047064
26714,0.06401235718961716,0.12342583074319152,0.8125618120671914
26715,0.04730492857128793,0.28228677137155644,0.6704083000571556
26716,0.1397627376963242,0.6291992794097521,0.23103798289392372
26717,0.04499893169245925,0.24299069369921736,0.7120103746083235
26718,0.13069332261016833,0.15769953163021522,0.7116071457596164
26719,0.06546294221380394,0.3434647797191042,0.5910722780670921
26720,0.11174227192937225,0.08756742096335911,0.8006903071072689
26721,0.04372079132954843,0.28581020113649114,0.6704690075339605
26722,0.23493389674374526,0.06364864456362629,0.7014174586926284
26723,0.07381956311677404,0.10241752454915948,0.8237629123340664
26724,0.06609359675913758,0.5193079139883021,0.41459848925256026
26725,0.04836720713813493,0.23603721849757128,0.7155955743642939
26726,0.0870242746219378,0.3747441828274346,0.5382315425506277
26727,0.036529770613502564,0.06446524155954107,0.8990049878269564
26728,0.11753794181072087,0.17156575459374657,0.7108963035955325
26729,0.11162078748078194,0.16876554708717365,0.7196136654320443
26730,0.10026461678713369,0.6043303734262686,0.2954050097865976
26731,0.04070955238568765,0.07660019393638925,0.8826902536779231
26732,0.16143290617762165,0.8176925970665941,0.020874496755784226
26733,0.03612095665095511,0.056355286842683365,0.9075237565063615
26734,0.09137430417375651,0.18541991337906075,0.7232057824471827
26735,0.047354872800047604,0.09105099849601565,0.8615941287039369
26736,0.11391174009282769,0.2097261311708587,0.6763621287363135
26737,0.09668059616478207,0.2701835373883153,0.6331358664469027
26738,0.035772429035717236,0.07242698786850316,0.8918005830957797
26739,0.5437859006121369,0.06548450886556285,0.39072959052230016
26740,0.039284631006445594,0.06416535708419867,0.8965500119093556
26741,0.09000384017190041,0.8868143825669582,0.02318177726114132
26742,0.04805291145433787,0.23079439864548895,0.7211526899001731
26743,0.12250761500433197,0.14066879266346682,0.7368235923322013
26744,0.11337579639111751,0.26255296946868073,0.6240712341402016
26745,0.04125287467465985,0.0674891659257679,0.8912579593995723
26746,0.41082741887679775,0.11802027438076682,0.47115230674243536
26747,0.05414531591871814,0.515071265645433,0.4307834184358488
26748,0.20863568426734386,0.3612169670240242,0.4301473487086318
26749,0.05762138631991608,0.13805430402467256,0.8043243096554114
26750,0.06535675261866342,0.1254288830268913,0.8092143643544453
26751,0.056569528488310074,0.09655342165533977,0.8468770498563502
26752,0.08190521646725493,0.44951935842309554,0.4685754251096494
26753,0.13918292570860427,0.118294973322147,0.7425221009692488
26754,0.07019259303859764,0.07920787142280825,0.8505995355385941
26755,0.0569006923747665,0.11577174627737218,0.8273275613478613
26756,0.1387803122362286,0.10115472913642178,0.7600649586273496
26757,0.22796191389294446,0.18396205768642745,0.5880760284206282
26758,0.08893117960632933,0.27750032720150203,0.6335684931921686
26759,0.0905326740674368,0.15734939152830912,0.7521179344042541
26760,0.37649030701135916,0.1830619428599548,0.440447750128686
26761,0.062354410001276526,0.14462164415748247,0.793023945841241
26762,0.035469591050825956,0.0670387951209031,0.897491613828271
26763,0.0438022017058206,0.07998350784707382,0.8762142904471055
26764,0.05477337598574628,0.11547897057812055,0.8297476534361332
26765,0.06648286836018528,0.07674911581834157,0.8567680158214731
26766,0.0550955454313064,0.5053547850074754,0.43954966956121816
26767,0.059047179366794295,0.10869422510413211,0.8322585955290738
26768,0.09614214371272883,0.8764764173579414,0.027381438929329757
26769,0.3140178318350282,0.16833847374948732,0.5176436944154845
26770,0.050519107769057534,0.09070416440303418,0.8587767278279083
26771,0.16558141984526772,0.809293805952875,0.025124774201857467
26772,0.5251257932123277,0.061508882933769306,0.41336532385390307
26773,0.14930896171052394,0.13894450895170124,0.7117465293377749
26774,0.09768406318939679,0.1433145527432632,0.75900138406734
26775,0.04066391500766353,0.24055950056943154,0.718776584422905
26776,0.04549988694979635,0.08072619314713875,0.8737739199030649
26777,0.035814704037391454,0.0549073731599349,0.9092779228026736
26778,0.04012041940411064,0.06481862351895333,0.8950609570769359
26779,0.06761056529651055,0.10098563888980717,0.8314037958136822
26780,0.03805522664881685,0.07180607997442329,0.8901386933767598
26781,0.043957397034015765,0.11553888580066934,0.840503717165315
26782,0.03616659596181638,0.053601455303367254,0.9102319487348166
26783,0.17714743572369696,0.14473191499945676,0.6781206492768462
26784,0.0627991586178892,0.5253988828145657,0.4118019585675451
26785,0.05005291540304987,0.1274372342358071,0.822509850361143
26786,0.4378502149154968,0.0746584229902942,0.48749136209420896
26787,0.03928211116005836,0.06184795496288341,0.8988699338770584
26788,0.1777579305409622,0.25567983243329484,0.566562237025743
26789,0.07376029548737655,0.45373932961643554,0.4725003748961879
26790,0.05803917097546903,0.12588745283818945,0.8160733761863413
26791,0.03287964061375519,0.053515757010373616,0.9136046023758712
26792,0.09210571102251106,0.10877724626518043,0.7991170427123084
26793,0.03924183650299736,0.13587454382572692,0.8248836196712758
26794,0.053985633628696114,0.10607205392320526,0.8399423124480987
26795,0.06055593648083176,0.260584146411158,0.6788599171080102
26796,0.1066900021961766,0.8720067766160324,0.021303221187791016
26797,0.057278556076200755,0.2985516366040794,0.6441698073197198
26798,0.5747940541575877,0.130838799450264,0.2943671463921483
26799,0.3417610760336346,0.08380632364241687,0.5744326003239485
26800,0.0910037989618756,0.8816695412160142,0.027326659822110258
26801,0.052396172012008926,0.5129098614696677,0.4346939665183235
26802,0.14499010001307644,0.11528170340134174,0.7397281965855819
26803,0.05209686817944025,0.21862336179256847,0.7292797700279913
26804,0.04622980030821316,0.23755822772556545,0.7162119719662214
26805,0.04603168466791973,0.07978215743635107,0.8741861578957292
26806,0.08750631641949497,0.2487779095597484,0.6637157740207568
26807,0.043021581117471314,0.06409389817191063,0.8928845207106179
26808,0.04511383757161131,0.23855960705124507,0.7163265553771435
26809,0.05833640589495327,0.25008891402055367,0.6915746800844931
26810,0.04519653601027759,0.33844077734316824,0.6163626866465541
26811,0.045645350379221135,0.0738610547408402,0.8804935948799386
26812,0.039325249968607166,0.06775739008908356,0.8929173599423093
26813,0.07743376470054918,0.42521295248157637,0.4973532828178745
26814,0.12279480512244485,0.1626708730346791,0.714534321842876
26815,0.09988942047853808,0.1258344813901911,0.7742760981312709
26816,0.0643374882674551,0.32068862582547314,0.6149738859070718
26817,0.04793217344170466,0.05682958797317101,0.8952382385851243
26818,0.33182999600795304,0.14279816570759613,0.5253718382844509
26819,0.07768220807553038,0.2751096576539711,0.6472081342704985
26820,0.09455342192283625,0.8848574138154719,0.020589164261691894
26821,0.07064979529475518,0.9030467604763976,0.02630344422884717
26822,0.07528629360311272,0.42779107218932216,0.4969226342075653
26823,0.04156730043198795,0.064311563802722,0.8941211357652902
26824,0.12490382761276857,0.12035796416154497,0.7547382082256866
26825,0.03355363233419648,0.061366317999985126,0.9050800496658185
26826,0.050920106185177075,0.06066590384650669,0.8884139899683162
26827,0.09995921207864397,0.1453986413690036,0.7546421465523524
26828,0.09669674823788497,0.16421193806334247,0.7390913136987726
26829,0.04510095838830842,0.07720503986405594,0.8776940017476356
26830,0.037105027514000334,0.06820357707178183,0.8946913954142179
26831,0.04756123871884408,0.09824127360454268,0.8541974876766131
26832,0.035628829250472505,0.05838185045024593,0.9059893202992817
26833,0.06705136537779363,0.12865138499560883,0.8042972496265978
26834,0.04850996690304282,0.14494201770306359,0.8065480153938936
26835,0.6806224172673327,0.07731461804086935,0.24206296469179778
26836,0.10267323329737876,0.37529963160348095,0.5220271350991403
26837,0.08271528774584647,0.08310653205169204,0.8341781802024614
26838,0.1428662054876747,0.2828396450419132,0.574294149470412
26839,0.6439246301675666,0.06864823327784735,0.287427136554586
26840,0.08835319483969382,0.22246190780547082,0.6891848973548355
26841,0.0360334348120952,0.056792276700634324,0.9071742884872704
26842,0.04440324390505614,0.19501440486484845,0.7605823512300953
26843,0.12897676253174997,0.1643725433117689,0.7066506941564812
26844,0.060087902235657686,0.6033474999434284,0.3365645978209139
26845,0.4873603269376508,0.06869917620947125,0.44394049685287795
26846,0.0733284203507916,0.08940284702578014,0.8372687326234284
26847,0.08319234000448567,0.19478993634068667,0.7220177236548277
26848,0.19660052337022813,0.09255211607675515,0.7108473605530166
26849,0.3545367495573799,0.17289760770211476,0.47256564274050533
26850,0.10667601889631691,0.1943595275828637,0.6989644535208195
26851,0.09612029357276115,0.13220612693406647,0.7716735794931724
26852,0.07041022714877831,0.608519046787992,0.32107072606322967
26853,0.04806715335145681,0.06112956367407833,0.8908032829744649
26854,0.09213993633627837,0.8809782716516475,0.026881792012074083
26855,0.0628366061356177,0.22055861608093283,0.7166047777834496
26856,0.14498939578110015,0.09516907673109548,0.7598415274878043
26857,0.06926586863841382,0.3593590375265894,0.5713750938349967
26858,0.031030588839756675,0.8281404230776134,0.14082898808263
26859,0.06275326941534212,0.5859441555950808,0.3513025749895771
26860,0.04381517234890183,0.730360811282159,0.22582401636893937
26861,0.06257194777629,0.2296899505330737,0.7077381016906364
26862,0.05735661904393749,0.09906634729354101,0.8435770336625215
26863,0.0549348805644686,0.0927212578199605,0.8523438616155709
26864,0.049496926324669836,0.2973168800583398,0.6531861936169904
26865,0.05766895513728357,0.22163062091382377,0.7207004239488928
26866,0.049930909255812686,0.11329885491323742,0.8367702358309498
26867,0.04367379266452002,0.07182622197218858,0.8844999853632913
26868,0.04567240329683876,0.0821407630012109,0.8721868337019502
26869,0.035410727837058044,0.05759597489573637,0.9069932972672056
26870,0.03080740821193408,0.7977494879950159,0.1714431037930502
26871,0.359746016321694,0.12107857318729712,0.5191754104910089
26872,0.04851461683946438,0.08089583258862802,0.8705895505719078
26873,0.0587086656251268,0.1453163209143348,0.7959750134605383
26874,0.059371173236629576,0.39059379922663623,0.5500350275367342
26875,0.08127287408162442,0.2633860299847296,0.655341095933646
26876,0.04072318727908226,0.055142710139246265,0.9041341025816714
26877,0.05522203605216862,0.08053225901252169,0.8642457049353097
26878,0.11758717401320701,0.10974544120071313,0.7726673847860799
26879,0.06218076002362345,0.17329631701814358,0.764522922958233
26880,0.17946325005073327,0.08413632971059488,0.7364004202386717
26881,0.030515838645454554,0.0747055565982056,0.8947786047563397
26882,0.5784493362655906,0.07083459227548086,0.3507160714589286
26883,0.043405089979516,0.07502377597803482,0.8815711340424491
26884,0.055567901942314715,0.4702290903700089,0.47420300768767637
26885,0.16146495812521802,0.10278183374979916,0.7357532081249828
26886,0.04720959473713808,0.05610818577662748,0.8966822194862344
26887,0.05321956352734532,0.10494110645869742,0.8418393300139572
26888,0.16603638715035368,0.144644062477656,0.6893195503719903
26889,0.044849241555696466,0.07216193196314852,0.882988826481155
26890,0.039595281618659474,0.2830803602876049,0.6773243580937355
26891,0.05455755018095323,0.6578200324235239,0.28762241739552286
26892,0.06243726408776471,0.10944003999105328,0.8281226959211819
26893,0.03595785573680314,0.06588858938440133,0.8981535548787954
26894,0.05802434321025964,0.0938560232340252,0.8481196335557151
26895,0.0614799482509947,0.42290537040515797,0.5156146813438475
26896,0.04299712742844823,0.09789330079666927,0.8591095717748826
26897,0.04782235432296149,0.21690590547570796,0.7352717402013306
26898,0.03076344882199635,0.06481082609127232,0.9044257250867311
26899,0.13999890107769875,0.14926502568231204,0.7107360732399892
26900,0.0635798185192459,0.2476419346621775,0.6887782468185767
26901,0.04109430592461984,0.23529038802428384,0.7236153060510963
26902,0.035429752746767185,0.05465052479713494,0.9099197224560978
26903,0.04428602292648263,0.23918228879300768,0.7165316882805096
26904,0.5579524784491945,0.40347463249874105,0.03857288905206464
26905,0.06101452873975523,0.09267867581218034,0.8463067954480645
26906,0.03669995644734339,0.07425613614199914,0.8890439074106574
26907,0.04637067487058231,0.05509694845241657,0.8985323766770013
26908,0.058346452083246306,0.10531292195973264,0.8363406259570211
26909,0.041721247102917317,0.5977815320312344,0.36049722086584834
26910,0.09427561332234649,0.19070038979193557,0.7150239968857177
26911,0.045903683842325994,0.0832979769170033,0.8707983392406705
26912,0.04564187906592101,0.09147286217918192,0.8628852587548971
26913,0.3313944265933609,0.11463884436939947,0.5539667290372398
26914,0.05299453516707436,0.11901329081529362,0.827992174017632
26915,0.11597838030929664,0.14181348675005634,0.7422081329406471
26916,0.18665772102352088,0.7888113620689258,0.024530916907553355
26917,0.05856022862314947,0.1445262903002366,0.7969134810766137
26918,0.05665960990402567,0.08939709881238214,0.8539432912835923
26919,0.5578333176918896,0.09692560459933017,0.3452410777087803
26920,0.052701264135128725,0.2612555988102974,0.6860431370545739
26921,0.05037587965615452,0.5998169314353704,0.349807188908475
26922,0.06613210261206179,0.4688705439733678,0.46499735341457044
26923,0.03673758117083002,0.06219719725997756,0.9010652215691926
26924,0.05179130669931634,0.09342677251253774,0.8547819207881457
26925,0.03248873562104655,0.05056267758619161,0.9169485867927619
26926,0.10967093838537806,0.24132310972456272,0.6490059518900592
26927,0.055120893722325724,0.12135957977113676,0.8235195265065376
26928,0.052416912930249894,0.9210659555568577,0.026517131512892395
26929,0.03755674545604905,0.09320315544195588,0.869240099101995
26930,0.041916181277789254,0.7189557912801222,0.23912802744208878
26931,0.14166483880242972,0.8372084940785541,0.02112666711901619
26932,0.04072384171359225,0.724424951283506,0.2348512070029018
26933,0.46109928449256976,0.08053224268926164,0.4583684728181686
26934,0.06666192951146942,0.08930710929462157,0.844030961193909
26935,0.06666427414013398,0.13053876324904576,0.8027969626108202
26936,0.054401889198028686,0.08913355298825767,0.8564645578137134
26937,0.0868623855514456,0.190943917825465,0.7221936966230895
26938,0.1762114993293657,0.8016444336099154,0.022144067060718906
26939,0.5425594969772697,0.41986729735492656,0.03757320566780366
26940,0.11860323821858604,0.13580552166818885,0.7455912401132252
26941,0.08481726490415753,0.22340082562413455,0.6917819094717079
26942,0.06587025943941568,0.09482323567866564,0.8393065048819186
26943,0.04822466040181657,0.4323725811273451,0.5194027584708385
26944,0.06035028125794893,0.08199630816753681,0.8576534105745143
26945,0.06282016503770295,0.47381953900359436,0.4633602959587027
26946,0.04337450607484128,0.06452893454170842,0.8920965593834504
26947,0.05304735427933514,0.14647575036649255,0.8004768953541723
26948,0.07907464132333193,0.3228307379343594,0.5980946207423086
26949,0.3681896951322767,0.09718082916394252,0.5346294757037808
26950,0.22201745130854017,0.0986832106345882,0.6792993380568716
26951,0.3073835232311558,0.27762637341703217,0.4149901033518121
26952,0.14476791742924644,0.2134054419480613,0.6418266406226923
26953,0.0647376768463958,0.08687007196106317,0.8483922511925409
26954,0.04804828472292396,0.09176045145856719,0.8601912638185087
26955,0.040320117097158485,0.708976979062377,0.25070290384046445
26956,0.13550608920957322,0.2737896058526927,0.5907043049377341
26957,0.7035809569545619,0.07560612853662839,0.2208129145088097
26958,0.307868177872628,0.10321085586516723,0.5889209662622048
26959,0.057518888723684,0.11549049506547744,0.8269906162108385
26960,0.07815040604861263,0.17300149632784373,0.7488480976235437
26961,0.06972554073031925,0.10902699547761972,0.8212474637920609
26962,0.049400461275513056,0.6133126820179184,0.3372868567065685
26963,0.43734214888904627,0.08391552016364989,0.4787423309473038
26964,0.10743325175405256,0.11874441192933109,0.7738223363166163
26965,0.03972011225702596,0.7400293016279808,0.22025058611499335
26966,0.04299712742844823,0.09789330079666927,0.8591095717748826
26967,0.037233263189150344,0.0633851169877494,0.8993816198231002
26968,0.12984073956820408,0.15608848053109214,0.7140707799007038
26969,0.044091802756075556,0.07214131255210632,0.8837668846918182
26970,0.06440953936226211,0.08832622682754389,0.8472642338101941
26971,0.04167302945162883,0.2809519700420437,0.6773750005063275
26972,0.09834148423224992,0.3041015931198185,0.5975569226479316
26973,0.10431122047084339,0.1671232514063877,0.7285655281227689
26974,0.04065434396241438,0.05523340811459723,0.9041122479229883
26975,0.044206628849443055,0.05089591077244918,0.9048974603781079
26976,0.09926676316652434,0.8792789005445243,0.02145433628895133
26977,0.11726957126772986,0.1900076264214247,0.6927228023108454
26978,0.04315201243361175,0.13387701841079738,0.8229709691555909
26979,0.09137972963884808,0.26163462329439546,0.6469856470667564
26980,0.07819417951801501,0.17817695526929062,0.7436288652126946
26981,0.06592345246957473,0.4259082300662195,0.5081683174642058
26982,0.053761054610528033,0.1117691695212434,0.8344697758682283
26983,0.11360688383989448,0.17154279789280064,0.7148503182673049
26984,0.061931123106862,0.1962003233382548,0.7418685535548831
26985,0.06479033773696131,0.49054700858083444,0.4446626536822043
26986,0.07473894058451294,0.09945190794232171,0.8258091514731655
26987,0.05152383044766462,0.7241601886460443,0.22431598090629118
26988,0.10059571406869419,0.35024997511891287,0.5491543108123931
26989,0.05322406030278487,0.6014014029201151,0.3453745367771
26990,0.04263223841123198,0.05860303626383464,0.8987647253249333
26991,0.04187315208177724,0.06604745694207426,0.8920793909761484
26992,0.12921711618715487,0.5820066197423946,0.28877626407045043
26993,0.03906078624637115,0.0651234956689542,0.8958157180846749
26994,0.11494737281522324,0.12170273986946922,0.7633498873153075
26995,0.05090657842884404,0.29493681081489664,0.6541566107562592
26996,0.03465689254309289,0.07206688915545251,0.8932762183014546
26997,0.25643600875654565,0.4749513792637038,0.26861261197975056
26998,0.5336256704970087,0.09369427833963909,0.3726800511633522
26999,0.6296833046393887,0.07995094674085232,0.29036574861975895
27000,0.044606563387877066,0.5523451505523832,0.4030482860597397
27001,0.0485878691170947,0.3464722066079167,0.6049399242749885
27002,0.04713621359025136,0.3105578934404355,0.6423058929693131
27003,0.09920655061144533,0.12771555402463533,0.7730778953639195
27004,0.18127116975794663,0.15056228709739736,0.6681665431446561
27005,0.051290317444448265,0.2877172599944747,0.660992422561077
27006,0.051578615071685895,0.06414498213694769,0.8842764027913665
27007,0.08342467774383948,0.7218668200011513,0.19470850225500924
27008,0.06397336680430128,0.23039446837222435,0.7056321648234744
27009,0.04162232141705318,0.1808877733356123,0.7774899052473345
27010,0.031064239170975814,0.07792116471800321,0.8910145961110212
27011,0.09870028960022789,0.6089119476884696,0.29238776271130257
27012,0.03769688536639213,0.0554864910998149,0.906816623533793
27013,0.2869000817490415,0.08484958637841147,0.628250331872547
27014,0.07532686031077042,0.4596832036644178,0.4649899360248118
27015,0.09657996439394934,0.5066267209394711,0.3967933146665796
27016,0.039163014386099246,0.0785022847610241,0.8823347008528767
27017,0.06452366645121237,0.09966216755259931,0.8358141659961883
27018,0.09652631431611924,0.12483899638427476,0.778634689299606
27019,0.13510969612066534,0.14931417337334746,0.7155761305059872
27020,0.04790013327272203,0.33717237590525045,0.6149274908220275
27021,0.05196315724267273,0.4099218001384995,0.5381150426188278
27022,0.04053683794261321,0.06484103418913806,0.8946221278682487
27023,0.09938233405836878,0.35842990960107085,0.5421877563405605
27024,0.09278813727788432,0.24561632405165046,0.6615955386704652
27025,0.3852750655877644,0.08609816394925945,0.5286267704629762
27026,0.02807778827278779,0.06391649369508823,0.9080057180321242
27027,0.09197338242317588,0.08407470615243143,0.8239519114243927
27028,0.5793571255901256,0.11331565814073574,0.3073272162691387
27029,0.038195870817646665,0.1001316306258974,0.8616724985564559
27030,0.10306104399958067,0.6258571995667027,0.2710817564337165
27031,0.5609934054977358,0.19977354403181874,0.23923305047044544
27032,0.436272303424254,0.11814579863716007,0.44558189793858594
27033,0.06353359464013038,0.08897585778508173,0.8474905475747879
27034,0.12145185852899128,0.1733940188928283,0.7051541225781806
27035,0.6632171860714984,0.07804955148497923,0.25873326244352246
27036,0.08024046671232767,0.1164388469243706,0.8033206863633017
27037,0.263512163865729,0.37700517295972885,0.3594826631745421
27038,0.04133042220112325,0.05770341303408676,0.9009661647647901
27039,0.22626248544625924,0.09713663080193906,0.6766008837518017
27040,0.06423061189664757,0.09124179748278713,0.8445275906205654
27041,0.038053226802202834,0.05957250145964669,0.9023742717381504
27042,0.27320691332644775,0.7032024463409111,0.023590640332641077
27043,0.050186792127219805,0.07150535830273858,0.8783078495700416
27044,0.0493447681793135,0.0725178847557662,0.8781373470649203
27045,0.10020184964236425,0.1345216644938495,0.7652764858637863
27046,0.05624670182676941,0.08117297361431312,0.8625803245589176
27047,0.08368026044405222,0.5301987730455929,0.3861209665103548
27048,0.24940331945025132,0.7238684304219344,0.026728250127814355
27049,0.09190829693851094,0.3610764030667871,0.547015299994702
27050,0.03650695910444287,0.08957724276735785,0.8739157981281993
27051,0.08798734268508251,0.32566225081634226,0.5863504064985752
27052,0.04433539034433097,0.06050436080787122,0.8951602488477979
27053,0.052180588882938396,0.2766793113797049,0.6711400997373567
27054,0.07392849141222498,0.08975142025882407,0.8363200883289509
27055,0.17754799721041914,0.8008694637122121,0.021582539077368745
27056,0.22513830638415816,0.7508087471781314,0.024052946437710453
27057,0.04577311762965584,0.41421075599092066,0.5400161263794235
27058,0.5649767755795589,0.099383504340664,0.3356397200797772
27059,0.06281210460569282,0.11411033026256696,0.8230775651317401
27060,0.0602554635267982,0.1251487071468467,0.8145958293263551
27061,0.4745624432997519,0.08864548407226444,0.4367920726279836
27062,0.24381921527970934,0.06253303555707065,0.6936477491632201
27063,0.03981758588223434,0.08171108459679183,0.8784713295209738
27064,0.036767647516752405,0.058832668655350265,0.9043996838278973
27065,0.05081017822374536,0.5042664100174651,0.4449234117587896
27066,0.03552027127444881,0.05650567941208533,0.907974049313466
27067,0.04758671274211615,0.09623112477249685,0.8561821624853869
27068,0.624988940628957,0.06685024745579041,0.30816081191525246
27069,0.03732901720116402,0.05848413557871828,0.9041868472201177
27070,0.03965328333679066,0.06104207704420706,0.8993046396190022
27071,0.037666747909888144,0.06244831595117448,0.8998849361389374
27072,0.04416994028119278,0.29638431324730014,0.6594457464715071
27073,0.11141009086764139,0.21413649338279925,0.6744534157495594
27074,0.09817592482470365,0.35908401685540114,0.5427400583198951
