index,0,1,2
26457,0.055334901360797877,0.1341748716926412,0.8104902269465609
26458,0.2097364011183735,0.1918019295807184,0.5984616693009082
26459,0.044834065882909876,0.07992600534511429,0.8752399287719758
26460,0.1009986347188271,0.0918339908341507,0.8071673744470221
26461,0.07478130297558963,0.2218735019063383,0.7033451951180723
26462,0.06645335583759572,0.12257860563812112,0.810968038524283
26463,0.38281421047877806,0.5889097367422589,0.028276052778963223
26464,0.09455133847521868,0.129955211545734,0.7754934499790472
26465,0.0543071306766074,0.12472505779056905,0.8209678115328235
26466,0.06687071933367426,0.3346095097846151,0.5985197708817106
26467,0.11480255958590803,0.13351122791095874,0.7516862125031332
26468,0.04808213203054262,0.08702090177450593,0.8648969661949515
26469,0.5621195727089746,0.11499643155198794,0.32288399573903753
26470,0.08230397010431907,0.12328478857160569,0.7944112413240753
26471,0.08968926817518169,0.08450133474413037,0.8258093970806879
26472,0.11143609822931658,0.15951538299587636,0.729048518774807
26473,0.08227099269258471,0.08280669233769158,0.8349223149697238
26474,0.144151578933905,0.8256933779144295,0.030155043151665402
26475,0.2626710040018021,0.25999899513699376,0.4773300008612042
26476,0.049274079957092494,0.10557229804584042,0.8451536219970672
26477,0.10298799539715935,0.13114000652780386,0.7658719980750367
26478,0.041331193313654216,0.07398032107759406,0.8846884856087518
26479,0.06543917638298227,0.1650670792848953,0.7694937443321226
26480,0.07221430238482042,0.12819228636510166,0.7995934112500779
26481,0.06944783471229801,0.3506003354120468,0.5799518298756552
26482,0.2068760937073141,0.09621104788811359,0.6969128584045722
26483,0.056005644328176146,0.1337257612771993,0.8102685943946246
26484,0.11693013157667431,0.17474178960316117,0.7083280788201645
26485,0.041168351241618814,0.07153597290242392,0.8872956758559573
26486,0.08480806257369462,0.22737372343640852,0.6878182139898967
26487,0.09427659069066632,0.12325719712258777,0.782466212186746
26488,0.1669703778891474,0.8027778210492242,0.03025180106162841
26489,0.05335127874194112,0.2298519987496267,0.7167967225084322
26490,0.07500030652649574,0.3218111644932332,0.6031885289802711
26491,0.05933979107045642,0.09359911225294723,0.8470610966765963
26492,0.07457563009209672,0.15809812944144447,0.7673262404664588
26493,0.48389312402174856,0.4842208958803831,0.031885980097868284
26494,0.1039448233324587,0.1936043930137987,0.7024507836537426
26495,0.06335327368020467,0.10522208778727661,0.8314246385325187
26496,0.07483844022027143,0.22798059708128468,0.6971809626984439
26497,0.055196021174089935,0.6733674734081578,0.2714365054177524
26498,0.13659257223060445,0.492289864859927,0.37111756290946857
26499,0.0670564552454628,0.1341321575583942,0.7988113871961429
26500,0.07957552727373819,0.32943482662240836,0.5909896461038536
26501,0.09487596707898588,0.2287767506273911,0.676347282293623
26502,0.04048471076252038,0.07216485019490125,0.8873504390425784
26503,0.09423728366620622,0.4081900217096659,0.4975726946241278
26504,0.09481634431162564,0.1540261791349428,0.7511574765534316
26505,0.042474748890817746,0.07639961432580233,0.8811256367833799
26506,0.08213400484881095,0.8829193863467064,0.03494660880448272
26507,0.14575032072072888,0.8243906739036969,0.029859005375574177
26508,0.08508679301863496,0.46573558156050704,0.449177625420858
26509,0.11561549881535634,0.18536450834410556,0.699019992840538
26510,0.05514914403477834,0.20222085724575503,0.7426299987194667
26511,0.06071924836352034,0.08998382826130705,0.8492969233751726
26512,0.11171544489016279,0.1916621221609502,0.696622432948887
26513,0.07292496963314554,0.22807002712566848,0.699005003241186
26514,0.05530553896068327,0.09712112373641184,0.8475733373029049
26515,0.4609716745369306,0.06781371400423643,0.471214611458833
26516,0.05180246272343032,0.18001913992126234,0.7681783973553074
26517,0.2455135067669174,0.7256457119368924,0.028840781296190277
26518,0.059421582035485726,0.08718106042755477,0.8533973575369597
26519,0.5688495447108953,0.07952154302504662,0.3516289122640581
26520,0.04597701408909147,0.8581438148251984,0.09587917108571017
26521,0.0697786874509412,0.17653716953854265,0.7536841430105163
26522,0.10671511953066952,0.1835481296138191,0.7097367508555115
26523,0.08625898115183295,0.23474916960136535,0.6789918492468016
26524,0.051986741815055866,0.197366831474923,0.7506464267100212
26525,0.3870495347589161,0.19707950138696237,0.4158709638541215
26526,0.042285655821845285,0.07104280395372961,0.8866715402244252
26527,0.08020530698176534,0.1537233175032973,0.7660713755149373
26528,0.12788454500671237,0.8425634699230053,0.02955198507028238
26529,0.4737441467320744,0.08035613813903084,0.44589971512889476
26530,0.06112653818323736,0.1072086211725773,0.8316648406441852
26531,0.03957339943425799,0.09440166049132621,0.866024940074416
26532,0.4662415982577278,0.0802336435146857,0.4535247582275864
26533,0.06527641801075093,0.11018932716664795,0.8245342548226011
26534,0.06093761079814573,0.14631433307518454,0.7927480561266698
26535,0.0452018636449291,0.10806282918741146,0.8467353071676593
26536,0.10461752695518256,0.23609434600464338,0.659288127040174
26537,0.048398956836273356,0.07417581746191647,0.87742522570181
26538,0.060587506642151304,0.31325828809114137,0.6261542052667072
26539,0.05023396178380448,0.16716220128528603,0.7826038369309096
26540,0.1129187467004253,0.6232603314246039,0.26382092187497075
26541,0.06709383447168044,0.13562035742005318,0.7972858081082663
26542,0.07120482073982526,0.14478431658011082,0.7840108626800638
26543,0.061599170875227295,0.10132021977381225,0.8370806093509605
26544,0.1239110841903064,0.17165880379409149,0.7044301120156021
26545,0.0885779052679425,0.22651795063900215,0.6849041440930552
26546,0.06365246117604711,0.15180075881283994,0.784546780011113
26547,0.041147650525817134,0.07498306659653901,0.8838692828776439
26548,0.058299417965173315,0.08258464604444349,0.8591159359903832
26549,0.21278984117287406,0.757473980646719,0.02973617818040715
26550,0.0783726290044775,0.2670854556146181,0.6545419153809043
26551,0.06979162032170332,0.32267470830321726,0.6075336713750795
26552,0.056909373393080394,0.24241520073161632,0.7006754258753034
26553,0.03975479693642558,0.06850106325962405,0.8917441398039505
26554,0.10003941081611697,0.39145121416347045,0.5085093750204126
26555,0.08688822227384822,0.10390331519008637,0.8092084625360655
26556,0.07496653813774595,0.1893505414237682,0.7356829204384858
26557,0.05582179953704648,0.14055117855203517,0.8036270219109185
26558,0.412995845321386,0.17964477314545635,0.40735938153315765
26559,0.3199913352147521,0.11178290507825374,0.5682257597069941
26560,0.05873472735892139,0.14721386390515936,0.7940514087359192
26561,0.051453242097646484,0.22590797167692975,0.7226387862254239
26562,0.07031503856344191,0.08797208247085356,0.8417128789657047
26563,0.05530974253690529,0.12405707998691815,0.8206331774761766
26564,0.05469758553858526,0.15330866427693707,0.7919937501844776
26565,0.08378494194521348,0.45112703527990083,0.4650880227748858
26566,0.11166169289196315,0.2385031066979146,0.6498352004101223
26567,0.04928006054146239,0.12323851995976398,0.8274814194987735
26568,0.3767693003259719,0.596385651610899,0.026845048063129057
26569,0.06692600223707891,0.149864008485402,0.7832099892775191
26570,0.09305872329151738,0.3441044176119418,0.5628368590965407
26571,0.04415741763520022,0.08178988227893182,0.874052700085868
26572,0.07090698617087758,0.20974714025350585,0.7193458735756165
26573,0.09271011574825753,0.1429728838913389,0.7643170003604036
26574,0.17357007407413763,0.09176296930333674,0.7346669566225257
26575,0.08716198819525534,0.147882065078978,0.7649559467257665
26576,0.1425008488561541,0.10568799091939834,0.7518111602244476
26577,0.08788440603987499,0.10478882223066754,0.8073267717294575
26578,0.10136695328068805,0.24172752742688125,0.6569055192924306
26579,0.1405261780022727,0.8304366032228656,0.029037218774861442
26580,0.08790212863247485,0.14896602329971362,0.7631318480678115
26581,0.07045214616412948,0.18592553462500838,0.7436223192108623
26582,0.04115080224946491,0.07189576097140186,0.8869534367791331
26583,0.058040071120909,0.08899733430335366,0.8529625945757374
26584,0.04664755292823962,0.19318586202023996,0.7601665850515205
26585,0.1350248258311671,0.4293120086318714,0.43566316553696155
26586,0.3697009032452726,0.28797288098632856,0.342326215768399
26587,0.18422574150498677,0.3532333647637118,0.4625408937313014
26588,0.054954693715005956,0.1806860796575361,0.764359226627458
26589,0.08378854534230995,0.09242486917155769,0.8237865854861323
26590,0.0703433655685093,0.5088857267881046,0.42077090764338587
26591,0.18602145353651084,0.7846207494819789,0.029357796981510427
26592,0.40948999593160673,0.09577337634419483,0.4947366277241984
26593,0.09028743066165758,0.20315591858196957,0.7065566507563728
26594,0.15133161912817128,0.13895234463349082,0.7097160362383379
26595,0.041792387722851404,0.07518890620779974,0.883018706069349
26596,0.11197222424303935,0.11757761213590488,0.7704501636210557
26597,0.1320037179999322,0.37525710164812853,0.4927391803519391
26598,0.10822360943738582,0.17802841416857207,0.7137479763940421
26599,0.05492717045495993,0.0973538285642882,0.8477190009807518
26600,0.04723601575628293,0.10531881638983066,0.8474451678538865
26601,0.07662382943861103,0.1183851318024567,0.8049910387589322
26602,0.09832740327200847,0.10748680687470578,0.7941857898532857
26603,0.10445337289162336,0.13605186174143571,0.7594947653669408
26604,0.04889080431240733,0.09206750914594933,0.8590416865416434
26605,0.09266251115028425,0.22644147670425946,0.6808960121454563
26606,0.38434086638132664,0.19314194266535614,0.4225171909533172
26607,0.06603738797970285,0.9032666180440612,0.03069599397623612
26608,0.045674403703771585,0.11942798878008742,0.8348976075161411
26609,0.09552165113619418,0.16656020166257338,0.7379181472012323
26610,0.42193789660214387,0.5479423466296128,0.03011975676824342
26611,0.09356928687984917,0.1595894797264105,0.7468412333937405
26612,0.08667899258144891,0.29758428525534164,0.6157367221632094
26613,0.10390646477986293,0.12290006532059186,0.7731934698995451
26614,0.04343878679128959,0.0795569013068003,0.8770043119019101
26615,0.09991050649033033,0.13529859189204715,0.7647909016176225
26616,0.043741439101748186,0.08256221890749675,0.873696341990755
26617,0.11245738705693434,0.22055007729835738,0.6669925356447084
26618,0.0976023705442088,0.24883944120839127,0.6535581882474
26619,0.1645291906726535,0.15660405228016513,0.6788667570471815
26620,0.3524629795817176,0.6187599492314007,0.028777071186881564
26621,0.0453783671911728,0.0738320525950461,0.8807895802137811
26622,0.09763714996483665,0.4815585478058953,0.42080430222926807
26623,0.050654847712515674,0.5767115325611054,0.37263361972637876
26624,0.12206255616481147,0.132181504045965,0.7457559397892235
26625,0.38068955525478415,0.18786232983310783,0.4314481149121082
26626,0.13315721240973089,0.10768252793317105,0.7591602596570982
26627,0.08102513414963511,0.15012135413477515,0.7688535117155898
26628,0.07068146447552033,0.26182462410903967,0.66749391141544
26629,0.04554039673612159,0.07350243057695992,0.8809571726869184
26630,0.07081674360560518,0.1324161901717786,0.7967670662226163
26631,0.05059509165514453,0.07973082714204968,0.8696740812028056
26632,0.2423891148869611,0.10628917923273128,0.6513217058803077
26633,0.07946810566814085,0.16888859972889603,0.7516432946029631
26634,0.06622143826101927,0.08035539038831441,0.8534231713506664
26635,0.06040597475928554,0.15813383655602575,0.7814601886846888
26636,0.05124799771481545,0.1956990622887249,0.7530529399964595
26637,0.04244973027280819,0.07308492993543109,0.8844653397917607
26638,0.06986435646178055,0.5602187228860948,0.36991692065212467
26639,0.3080624037836288,0.3088089638353273,0.38312863238104394
26640,0.053472615542350485,0.0928962792096184,0.8536311052480313
26641,0.07659076844670035,0.6443002726362906,0.2791089589170091
26642,0.040368536793788025,0.0756290205755553,0.8840024426306565
26643,0.08110882409858756,0.10483778878790088,0.8140533871135114
26644,0.04881839109567853,0.1235886280305193,0.8275929808738022
26645,0.10705659593532582,0.08909728491595163,0.8038461191487224
26646,0.5639933727151256,0.10747370852655794,0.32853291875831636
26647,0.09228722237407519,0.1546012748812918,0.7531115027446329
26648,0.08602691162266046,0.528878644425377,0.38509444395196263
26649,0.057843868710037306,0.11612499767201237,0.8260311336179502
26650,0.533772697345689,0.4275781448412486,0.03864915781306243
26651,0.4515464631450782,0.51541534264527,0.033038194209651886
26652,0.4001349032449057,0.07686528719236077,0.5229998095627335
26653,0.23463473481620475,0.1854843683830284,0.5798808968007667
26654,0.0851447950222448,0.3011430525646841,0.6137121524130711
26655,0.06494015426066864,0.3758075602403604,0.559252285498971
26656,0.07103733974153739,0.15864217923789586,0.7703204810205667
26657,0.06645245342975341,0.12381809828773895,0.8097294482825078
26658,0.05477554553482694,0.23041409671712634,0.7148103577480467
26659,0.10585443364251217,0.24913725425949199,0.6450083120979958
26660,0.06199695625608364,0.1935733811711809,0.7444296625727354
26661,0.09686215015514303,0.11603553236393183,0.7871023174809252
26662,0.050963420565587454,0.19960456619741565,0.7494320132369969
26663,0.07563575304020291,0.13344136120600017,0.790922885753797
26664,0.09623019541279612,0.25833234929970383,0.6454374552875002
26665,0.15255798292702885,0.23814072231534084,0.6093012947576303
26666,0.04693165343976101,0.708613844978749,0.24445450158149007
26667,0.04119056235494291,0.07136916584058525,0.8874402718044718
26668,0.09394299523507457,0.4900802573089871,0.4159767474559384
26669,0.08417742583198577,0.44491209526296216,0.47091047890505205
26670,0.26664200440824987,0.2272550252174953,0.5061029703742549
26671,0.135461965042029,0.09564205779209019,0.7688959771658809
26672,0.07037119254460522,0.08415366291466536,0.8454751445407294
26673,0.1949468238160272,0.1451738537018932,0.6598793224820795
26674,0.5322012792436214,0.07380282153585722,0.3939958992205214
26675,0.06138271526099913,0.174562513372488,0.764054771366513
26676,0.06513178564333139,0.09509411857766994,0.8397740957789988
26677,0.039132737609607,0.06751631994510617,0.8933509424452868
26678,0.06648373511194504,0.2785688674822775,0.6549473974057772
26679,0.29879497509975445,0.11502142911939016,0.5861835957808552
26680,0.04123087702577086,0.07800681630107265,0.8807623066731566
26681,0.05029797144262271,0.11383927741379979,0.8358627511435774
26682,0.051117213891007644,0.15855189355136173,0.7903308925576306
26683,0.07228757816052654,0.45238345232017785,0.4753289695192957
26684,0.05360747967140328,0.12971664252210108,0.8166758778064956
26685,0.1678479113297309,0.14758102462334935,0.6845710640469198
26686,0.048782402905976706,0.14163664383417343,0.8095809532598498
26687,0.12134351098928947,0.08801291338274903,0.7906435756279614
26688,0.2143659387603408,0.5188185809539857,0.2668154802856735
26689,0.04691822890029406,0.10401657229910095,0.849065198800605
26690,0.045822251545693214,0.11149578593678657,0.8426819625175201
26691,0.05709866359871683,0.12768528569433688,0.8152160507069464
26692,0.06260874046556514,0.2845507869478513,0.6528404725865835
26693,0.29010725307608065,0.08666813452411817,0.6232246123998011
26694,0.48947693419823307,0.4762175668954918,0.034305498906275184
26695,0.06394288297257944,0.1063764265497915,0.829680690477629
26696,0.0665943549348451,0.08268604429464116,0.8507196007705138
26697,0.040448170420684056,0.06898011067364768,0.8905717189056682
26698,0.044467067477039955,0.06779631810823543,0.8877366144147246
26699,0.0793117212636025,0.4371666666198641,0.48352161211653333
26700,0.0627352279605085,0.2838098754008571,0.6534548966386344
26701,0.0882687765317001,0.4848010966217422,0.4269301268465578
26702,0.0955548024661166,0.4448696777118218,0.4595755198220617
26703,0.05769548554183101,0.18932081792952565,0.7529836965286435
26704,0.07860546185663911,0.14190734601990995,0.7794871921234511
26705,0.04313172698354185,0.07486933104472215,0.881998941971736
26706,0.05836220644793537,0.12478794551167402,0.8168498480403907
26707,0.5505221174512281,0.07166661403014823,0.3778112685186235
26708,0.08996955726370956,0.11613232262935277,0.7938981201069377
26709,0.04822661640785652,0.07035479372103222,0.8814185898711113
26710,0.11209688418623069,0.22335086868930737,0.6645522471244619
26711,0.28756229527934246,0.08839669991828399,0.6240410048023736
26712,0.08507515517932628,0.17347924616865804,0.7414455986520158
26713,0.0966135943853796,0.48867231325714405,0.41471409235747636
26714,0.09106409944320468,0.14665248773204298,0.7622834128247523
26715,0.06474597491572065,0.4729416458623114,0.4623123792219679
26716,0.10978663556768492,0.6558804467355593,0.2343329176967558
26717,0.0627380178269099,0.2767584916642555,0.6605034905088346
26718,0.10682313680939962,0.227999802948219,0.6651770602423813
26719,0.07643326864754757,0.22829986163920438,0.695266869713248
26720,0.06202995003535372,0.14161890555403564,0.7963511444106107
26721,0.059079399561795906,0.4652550929093522,0.475665507528852
26722,0.23643866837949964,0.08551705502865542,0.6780442765918449
26723,0.10896036402126012,0.12421983676754862,0.7668197992111911
26724,0.06702005926992606,0.3567576885056557,0.5762222522244184
26725,0.05225565751346082,0.3917096263758588,0.5560347161106803
26726,0.09390696822511449,0.5267283401692606,0.37936469160562486
26727,0.04247679205830152,0.07280117945679691,0.8847220284849014
26728,0.05906809076722064,0.09876370614826857,0.8421682030845108
26729,0.10600153153054893,0.2752338007658347,0.6187646677036163
26730,0.08929998060763408,0.4706044244828138,0.4400955949095521
26731,0.05420263143307559,0.1856371691818329,0.7601601993850916
26732,0.16356831245553183,0.8064824440559923,0.029949243488475753
26733,0.044032055349421714,0.07843296298984695,0.8775349816607314
26734,0.056064976977801544,0.13562495864619223,0.8083100643760063
26735,0.06200208496395263,0.13756319232673012,0.8004347227093173
26736,0.09093847048646625,0.13416658751255858,0.7748949420009753
26737,0.08696665126936476,0.1306495301401624,0.7823838185904729
26738,0.0725533510573352,0.13147898391336685,0.795967665029298
26739,0.5380938175646837,0.07097581058323175,0.3909303718520845
26740,0.04632265708211339,0.06927748406249486,0.8843998588553917
26741,0.1174468854140522,0.8522675215587832,0.030285593027164572
26742,0.05159980530453088,0.1500722702305555,0.7983279244649136
26743,0.10222994762214994,0.09018864485640553,0.8075814075214444
26744,0.15731409710470043,0.1553542769752847,0.6873316259200148
26745,0.05161244045218457,0.12539545306047964,0.8229921064873357
26746,0.10535516476135579,0.11694614706773275,0.7776986881709115
26747,0.06676692726994861,0.48788268731152357,0.44535038541852784
26748,0.18154128854550977,0.4013799987164932,0.41707871273799707
26749,0.06405108476819864,0.16719783730275314,0.7687510779290481
26750,0.08991229787542655,0.10369710908481308,0.8063905930397602
26751,0.06709804120898918,0.15980854355489477,0.7730934152361161
26752,0.08471091091302693,0.5201601455879009,0.3951289434990721
26753,0.12300712928033129,0.09530379373037627,0.7816890769892925
26754,0.08163175066065574,0.08788269057100784,0.8304855587683364
26755,0.04930724592154767,0.08315406650358297,0.8675386875748694
26756,0.0497949799809778,0.07909379895801946,0.8711112210610028
26757,0.11209215635214073,0.10537755521965596,0.7825302884282033
26758,0.07215651902946583,0.2594362994959894,0.6684071814745447
26759,0.08617532068519204,0.2637516635313555,0.6500730157834524
26760,0.09930966882786077,0.2497478071918141,0.6509425239803251
26761,0.06831511346405791,0.12650558868035316,0.8051792978555887
26762,0.08444974197642546,0.12535412925345304,0.7901961287701215
26763,0.05369070178711282,0.12486086576846622,0.821448432444421
26764,0.08718574806430884,0.19253631335282426,0.7202779385828669
26765,0.0550794462630437,0.0827668019142862,0.8621537518226701
26766,0.07361148915354425,0.4224248198768212,0.5039636909696346
26767,0.0812780970899157,0.28468225947858594,0.6340396434314984
26768,0.059047043569837095,0.9104266295772185,0.030526326852944336
26769,0.07596199060420072,0.2823193250718963,0.641718684323903
26770,0.09327246151836294,0.28656473904880125,0.6201627994328357
26771,0.11644664470967593,0.8514501950075142,0.03210316028280981
26772,0.5648712184238427,0.07462594842644604,0.3605028331497112
26773,0.12713892129929397,0.11079296914630533,0.7620681095544006
26774,0.0512774202076846,0.10756581957819698,0.8411567602141182
26775,0.05344604011952368,0.1512812776608609,0.7952726822196154
26776,0.07708125617591707,0.1151581402353571,0.8077606035887258
26777,0.06079334021357525,0.1022422327342247,0.8369644270522001
26778,0.0738281159940459,0.11629157014549216,0.8098803138604619
26779,0.066326354843455,0.10590723165722861,0.8277664134993163
26780,0.059927167181199156,0.18484742403189663,0.7552254087869041
26781,0.05176878594052775,0.1197956218166699,0.8284355922428023
26782,0.04344601272446836,0.0818211555329678,0.8747328317425637
26783,0.13636344208913148,0.23382180151917614,0.6298147563916925
26784,0.08415572184394851,0.39469703103496345,0.5211472471210881
26785,0.05850356917610259,0.12831374509223964,0.8131826857316579
26786,0.5411025651680232,0.07107658169930149,0.3878208531326754
26787,0.04188338449660335,0.07268494532495504,0.8854316701784416
26788,0.13520792343577215,0.11585655856765328,0.7489355179965747
26789,0.2331693419756911,0.2671337405018742,0.49969691752243467
26790,0.052022473355100615,0.12851240906867442,0.8194651175762249
26791,0.041422125037166364,0.07260643276373527,0.8859714421990984
26792,0.19785847979059637,0.10965112925543331,0.6924903909539704
26793,0.07845196051017368,0.1517269405229111,0.7698210989669153
26794,0.046653668877195395,0.10632534695616694,0.8470209841666377
26795,0.08553952856654774,0.26533371074204454,0.6491267606914077
26796,0.11652595341973959,0.8534597062932447,0.030014340287015665
26797,0.04900715077030763,0.441192009419112,0.5098008398105804
26798,0.38469426993681916,0.10981413016994904,0.5054915998932318
26799,0.18433246263783587,0.112410997168388,0.7032565401937761
26800,0.06913436417509712,0.9025944965196728,0.028271139305230043
26801,0.1051356450700417,0.4779569045576048,0.41690745037235355
26802,0.08703564637277522,0.11304142445396378,0.799922929173261
26803,0.07080549218454583,0.14220219782185167,0.7869923099936025
26804,0.06272993358617922,0.1575531462384227,0.7797169201753981
26805,0.05446029150509943,0.11996810019210284,0.8255716083027979
26806,0.06325023751026983,0.14023138733863005,0.7965183751511
26807,0.08050814527409961,0.10236954358539305,0.8171223111405075
26808,0.050467605608821964,0.21714315118041316,0.7323892432107649
26809,0.05658923828612667,0.12672596346410314,0.8166847982497702
26810,0.06576505495390662,0.15030709377085955,0.7839278512752338
26811,0.041239135651467536,0.0733271005368946,0.8854337638116379
26812,0.04702505869708578,0.07914158387448626,0.873833357428428
26813,0.06258672429958757,0.4706793244689321,0.4667339512314803
26814,0.1336912943710026,0.10824932243196272,0.7580593831970347
26815,0.0678994513244716,0.15806436353403733,0.7740361851414912
26816,0.052286095838899455,0.480456619402166,0.46725728475893447
26817,0.0873667587579336,0.08303350101165323,0.8295997402304132
26818,0.0896986328002097,0.10155852413547665,0.8087428430643135
26819,0.07632215228236743,0.2516637055341334,0.6720141421834991
26820,0.13319353289060204,0.836974878100136,0.02983158900926184
26821,0.11927443631479265,0.8506475267323477,0.030078036952859644
26822,0.08505511638987895,0.32806936704744005,0.586875516562681
26823,0.05182463801070928,0.09854144394078466,0.8496339180485061
26824,0.11558840324657338,0.08248687058451303,0.8019247261689136
26825,0.0674791445357039,0.12015214772750464,0.8123687077367915
26826,0.05996619592978685,0.092156656447464,0.8478771476227491
26827,0.06769068563958772,0.13408854739910833,0.798220766961304
26828,0.05408467718916525,0.20402387792263357,0.7418914448882014
26829,0.05169496773239318,0.09767224783379634,0.8506327844338105
26830,0.07411965921181823,0.16009981539499324,0.7657805253931886
26831,0.04366642452401495,0.07661257533414782,0.8797210001418373
26832,0.041288661091777486,0.07171173149241443,0.886999607415808
26833,0.057517367925927244,0.08958334234490764,0.8528992897291654
26834,0.05412361430447335,0.14697678997940353,0.7988995957161231
26835,0.6376150741588661,0.08364803789543489,0.27873688794569895
26836,0.11700946183800752,0.45919501583593975,0.4237955223260528
26837,0.07711796411981758,0.08169672420302368,0.8411853116771587
26838,0.08292044671650618,0.43251810244646555,0.4845614508370282
26839,0.6537787070137921,0.08467675263525423,0.26154454035095365
26840,0.08578785767301195,0.2063014191742934,0.7079107231526947
26841,0.04269579319309805,0.07349372369892058,0.8838104831079815
26842,0.05292040590776116,0.1477298596917486,0.7993497344004903
26843,0.12197249501169574,0.09935549923864755,0.7786720057496567
26844,0.09394001648516226,0.4882181580712704,0.4178418254435674
26845,0.5535744296337594,0.07448520224301937,0.37194036812322123
26846,0.1002465427214451,0.08191107798793458,0.8178423792906202
26847,0.08393164044436718,0.25271562328334674,0.663352736272286
26848,0.07245334524266536,0.08115402822992016,0.8463926265274143
26849,0.18863534842646026,0.1002342611971169,0.7111303903764229
26850,0.08435558769360109,0.2806294948295295,0.6350149174768692
26851,0.09122810987426068,0.17223995840527045,0.7365319317204687
26852,0.1390734475275038,0.5976578086057456,0.2632687438667506
26853,0.07341261971110946,0.10228396822253881,0.8243034120663517
26854,0.07333772736088043,0.8964892737561339,0.030172998882985587
26855,0.0831009229660991,0.2725716225639495,0.6443274544699513
26856,0.12465289445728095,0.10244176387948006,0.7729053416632389
26857,0.11273491465685684,0.14101145453439212,0.7462536308087508
26858,0.0642968803769456,0.6345005037324712,0.3012026158905831
26859,0.05378689173575066,0.6863715307490313,0.2598415775152179
26860,0.06889322332856784,0.4535228982361005,0.47758387843533173
26861,0.1079280973119909,0.2953496429194878,0.5967222597685213
26862,0.08699195924382776,0.252025092087461,0.6609829486687112
26863,0.04240161958652991,0.10107094931097363,0.8565274311024966
26864,0.0690053779389312,0.34368710929287716,0.5873075127681917
26865,0.05058760880735125,0.09966282763869656,0.8497495635539521
26866,0.04155407302622887,0.08233741177421763,0.8761085151995537
26867,0.04740232189656908,0.08432957354664154,0.8682681045567894
26868,0.04950066652517451,0.104297156517657,0.8462021769571685
26869,0.041318106478165105,0.07198503736644024,0.8866968561553947
26870,0.04119503887597995,0.7612882082403593,0.19751675288366077
26871,0.1131233977765901,0.10361605057255271,0.7832605516508572
26872,0.07158781904770997,0.26130420259646686,0.6671079783558231
26873,0.06937187903843456,0.13415390703468935,0.796474213926876
26874,0.10305288378647143,0.3647390582496258,0.5322080579639027
26875,0.06139575266310075,0.31137572438748456,0.6272285229494148
26876,0.049863661137272905,0.1014216254711787,0.8487147133915485
26877,0.08293485445704343,0.12989949769738685,0.7871656478455696
26878,0.09070698027173711,0.14288718151132848,0.7664058382169344
26879,0.10298648511302314,0.21930787159607157,0.6777056432909053
26880,0.3565520068270198,0.07145776990074668,0.5719902232722335
26881,0.06396959360077203,0.1810963756838703,0.7549340307153577
26882,0.3776548624985317,0.07394063468719947,0.5484045028142689
26883,0.04634005517571373,0.08444225159022246,0.8692176932340636
26884,0.08731502807996061,0.42055537794209175,0.49212959397794764
26885,0.26913057958124903,0.09107582580260644,0.6397935946161445
26886,0.09513909505967853,0.10797671470615967,0.7968841902341619
26887,0.04696603631490668,0.11970910311957181,0.8333248605655215
26888,0.15556864546220905,0.1556576407373772,0.6887737138004137
26889,0.049503568904773906,0.11236791506953638,0.8381285160256899
26890,0.05804846546734199,0.1499089871322423,0.7920425474004157
26891,0.052993162425209,0.4946595388490692,0.45234729872572177
26892,0.0810729960314951,0.25943994712642093,0.659487056842084
26893,0.05782032387217316,0.1291142401483277,0.8130654359794992
26894,0.06282923278135015,0.11144800046193731,0.8257227667567125
26895,0.09719065342353594,0.40881320034495033,0.49399614623151383
26896,0.07702782719255286,0.2924298256987213,0.6305423471087257
26897,0.07285526347485186,0.21380037541209176,0.7133443611130563
26898,0.07162460701934857,0.12689657398270324,0.8014788189979482
26899,0.09734773018850351,0.13313300242439646,0.7695192673871001
26900,0.0649422598324845,0.3272172698892391,0.6078404702782764
26901,0.046546836285620063,0.17732823079952584,0.7761249329148542
26902,0.041226688312916066,0.07196676055920023,0.8868065511278836
26903,0.10376955563248001,0.23450502951695584,0.6617254148505641
26904,0.4227883262756375,0.5474802970491744,0.02973137667518807
26905,0.05219850577265276,0.18173564790709096,0.7660658463202563
26906,0.04280442193679929,0.07797709035343166,0.879218487709769
26907,0.10690757241362496,0.08050909774197333,0.8125833298444018
26908,0.0521407021418698,0.1347461354483636,0.8131131624097666
26909,0.051287127453123756,0.5495795338597609,0.3991333386871153
26910,0.07804535794870009,0.422227163710648,0.4997274783406519
26911,0.08001022602273472,0.1590104043779958,0.7609793695992694
26912,0.056342911627546025,0.1068910604498343,0.8367660279226194
26913,0.20830675928395875,0.0983978179292239,0.6932954227868172
26914,0.06281539698643397,0.20402043548164978,0.7331641675319163
26915,0.09443060292733478,0.09578654330672504,0.8097828537659402
26916,0.1276579802771061,0.8424632078419209,0.029878811880973105
26917,0.04991972972434827,0.10030163964377334,0.8497786306318782
26918,0.09088917350481687,0.1079163908729074,0.8011944356222759
26919,0.615696028678999,0.09392226861259187,0.2903817027084092
26920,0.06102434299702925,0.2822292555393047,0.656746401463666
26921,0.03976035473211243,0.7190804394679927,0.24115920579989492
26922,0.072165881773391,0.4988415575673176,0.4289925606592915
26923,0.040027177846449796,0.074277974033341,0.8856948481202093
26924,0.06120192084843776,0.09144015206246803,0.8473579270890943
26925,0.06820696268084683,0.07962813129135538,0.8521649060277978
26926,0.11140533824311696,0.4612883441841167,0.4273063175727664
26927,0.16162805341636027,0.2257519010966943,0.6126200454869454
26928,0.08189098954203386,0.8839788340815135,0.03413017637645263
26929,0.06880777337188661,0.14721508432636746,0.783977142301746
26930,0.04956507974670701,0.5515286820609504,0.3989062381923426
26931,0.1422894628054704,0.8287322202840292,0.02897831691050038
26932,0.05996537589619609,0.508042586915198,0.4319920371886059
26933,0.3858855908952194,0.1583252685694164,0.45578914053536423
26934,0.14703296417262884,0.11296641972192643,0.7400006161054449
26935,0.04669862735051376,0.08669059673307809,0.8666107759164081
26936,0.05538494589267951,0.07185675679468166,0.8727582973126389
26937,0.09340973042870643,0.2970261806992613,0.6095640888720324
26938,0.173037948281286,0.7987579053969118,0.028204146321802095
26939,0.39570758040492465,0.5768429307302363,0.027449488864839118
26940,0.0883614703135764,0.13500027506825688,0.7766382546181668
26941,0.06984418423151315,0.13319537268962633,0.7969604430788606
26942,0.1787353315199727,0.20452146544171862,0.6167432030383087
26943,0.06326101068442984,0.40142514660954176,0.5353138427060282
26944,0.052499376287203164,0.07544196000270974,0.8720586637100871
26945,0.09868505862948442,0.4045571577633509,0.4967577836071646
26946,0.09836636120382677,0.23015628641575336,0.6714773523804198
26947,0.06344216179326014,0.4498729253341601,0.4866849128725798
26948,0.07205149287783953,0.24413079762721995,0.6838177094949405
26949,0.4896530571551792,0.09436854240785003,0.4159784004369709
26950,0.25204176055090316,0.29463938631030834,0.45331885313878845
26951,0.40251091690603663,0.25155856296076307,0.34593052013320025
26952,0.15099843640465851,0.20545835113244867,0.6435432124628928
26953,0.04638472663061002,0.06783682874899907,0.8857784446203909
26954,0.04913972313054536,0.09796574432834884,0.8528945325411056
26955,0.05231137831309582,0.559704161040964,0.38798446064594005
26956,0.1723655506086001,0.13662800359032978,0.6910064458010703
26957,0.6019951133395594,0.10292044588367485,0.29508444077676577
26958,0.18888912001315478,0.0961154372899271,0.7149954426969182
26959,0.06193724047416479,0.36228108202319514,0.57578167750264
26960,0.11302743353930297,0.11496367977377117,0.7720088866869258
26961,0.09040403902629601,0.14853079724637425,0.7610651637273297
26962,0.039235805600489726,0.716132677093741,0.24463151730576926
26963,0.29010725307608065,0.08666813452411817,0.6232246123998011
26964,0.11650710716243289,0.22060594046822543,0.6628869523693417
26965,0.06914174353337108,0.3488746608949297,0.5819835955716993
26966,0.07702782719255286,0.2924298256987213,0.6305423471087257
26967,0.057160907301248315,0.10379656518710674,0.8390425275116451
26968,0.14751747141545168,0.14202947068143942,0.7104530579031089
26969,0.04689622718029544,0.11376668323065912,0.8393370895890455
26970,0.155576821458346,0.10126392528333644,0.7431592532583176
26971,0.061389539619304496,0.20741196418889216,0.7311984961918034
26972,0.09192311971619327,0.290322568441795,0.6177543118420117
26973,0.06017103948010475,0.2117194881570197,0.7281094723628756
26974,0.04736835122376958,0.07355886149756433,0.8790727872786661
26975,0.07891068784430878,0.10431900509641437,0.8167703070592769
26976,0.11168226570547331,0.8583657959319085,0.029951938362618204
26977,0.0670097952854388,0.2645652057419691,0.668424998972592
26978,0.049784938501856855,0.1420764313240016,0.8081386301741416
26979,0.05723067949055993,0.23339268361038562,0.7093766368990545
26980,0.13686302175080617,0.13650573269850613,0.7266312455506878
26981,0.09036528081072388,0.2527656640937309,0.6568690550955453
26982,0.05638561216164042,0.16362204098017627,0.7799923468581832
26983,0.07694856087897682,0.20086495327467557,0.7221864858463476
26984,0.07869535769640512,0.1389837656150243,0.7823208766885705
26985,0.11820268013609403,0.15898713002006956,0.7228101898438364
26986,0.04730184951114293,0.07027164727054491,0.8824265032183121
26987,0.06974249843546587,0.5340136403813593,0.3962438611831748
26988,0.09227792280257138,0.443502512974697,0.4642195642227316
26989,0.08030452899931605,0.2462024205693768,0.6734930504313071
26990,0.07131868434409973,0.0916585103428801,0.8370228053130201
26991,0.04947894489483532,0.12720059039273623,0.8233204647124284
26992,0.07823801409785791,0.4972895161803006,0.42447246972184155
26993,0.05499555627801343,0.09997369645457692,0.8450307472674097
26994,0.12954052343711103,0.10899124168449266,0.7614682348783964
26995,0.05505931335341948,0.21916596721620135,0.7257747194303791
26996,0.045779392242509084,0.11425835766430564,0.839962250093185
26997,0.24064475012570377,0.37600690294123973,0.38334834693305647
26998,0.2707171522460314,0.08225914245608415,0.6470237052978844
26999,0.3180172243652078,0.08195352395980726,0.6000292516749848
27000,0.06040706255534131,0.48038225070635937,0.45921068673829935
27001,0.06279902389456507,0.36416907781154767,0.5730318982938871
27002,0.08143381029109338,0.2533526964880162,0.6652134932208904
27003,0.21651051096579793,0.1145858095032175,0.6689036795309845
27004,0.06116428048219902,0.30570628230262037,0.6331294372151807
27005,0.05606362036638132,0.20061577637075625,0.7433206032628623
27006,0.06321249754988974,0.10026033775344072,0.8365271646966695
27007,0.08290110152106273,0.6552355388701671,0.26186335960877005
27008,0.07821130923558028,0.179242700290033,0.7425459904743867
27009,0.05880270566943634,0.1595577749408841,0.7816395193896796
27010,0.05934976824287233,0.15009100177220394,0.7905592299849237
27011,0.12441013194806382,0.40929110894733334,0.4662987591046027
27012,0.04623091205301548,0.07454310735657908,0.8792259805904055
27013,0.35916379969413503,0.08735533131192523,0.5534808689939398
27014,0.05594616358699675,0.5174857670622912,0.4265680693507121
27015,0.08736410307464465,0.39862984925143036,0.5140060476739251
27016,0.07144857479019234,0.11905528252961806,0.8094961426801897
27017,0.07007787596403753,0.12469036905465428,0.8052317549813083
27018,0.043043190628457136,0.09819005002864159,0.8587667593429011
27019,0.08082713404749059,0.14060022756055973,0.7785726383919496
27020,0.06474850437715705,0.4530233810064879,0.48222811461635495
27021,0.07246937536249448,0.39904067252365444,0.5284899521138511
27022,0.0634817464707787,0.1361227226461379,0.8003955308830835
27023,0.1142437064478982,0.3737117822062684,0.5120445113458334
27024,0.047540469025291694,0.1778903339368444,0.7745691970378639
27025,0.22960189362288552,0.08416435858875335,0.6862337477883611
27026,0.044609633752928896,0.12237369508806949,0.8330166711590017
27027,0.1332196065799903,0.09687439480740627,0.7699059986126036
27028,0.1864405722420058,0.12154455532289771,0.6920148724350964
27029,0.0583117639500358,0.18103658812310006,0.7606516479268641
27030,0.0895784856020332,0.5002506334453727,0.4101708809525943
27031,0.5172861234337887,0.15494631060993658,0.3277675659562749
27032,0.37085112920116015,0.09083055715075676,0.5383183136480831
27033,0.06256472077978144,0.07431431330148719,0.8631209659187312
27034,0.09665944480336057,0.14223475658633744,0.761105798610302
27035,0.5764980037526312,0.07663149515502732,0.34687050109234147
27036,0.06849137798999387,0.08778584918942237,0.8437227728205838
27037,0.15736915526317766,0.150359193172307,0.6922716515645154
27038,0.07642340443322339,0.09466661444892809,0.8289099811178484
27039,0.30663389482616327,0.17878096756515696,0.5145851376086797
27040,0.12612825202447678,0.09578280130178787,0.7780889466737353
27041,0.04054812897481327,0.06871573602553313,0.8907361349996535
27042,0.39653847540306575,0.5727279782101613,0.03073354638677299
27043,0.09674864179042085,0.14439128740827364,0.7588600708013056
27044,0.05985657084285017,0.12557383601705863,0.8145695931400913
27045,0.051804706465359535,0.16372393724311204,0.7844713562915285
27046,0.04120358661936364,0.07162710161191907,0.8871693117687174
27047,0.07768690668053997,0.48667928822143774,0.4356338050980222
27048,0.3008764952209369,0.6684206547669115,0.030702850012151568
27049,0.08506793020182227,0.41351720389650026,0.5014148659016775
27050,0.05367301833427476,0.162003446819378,0.7843235348463473
27051,0.08412753276278408,0.2499642106079584,0.6659082566292576
27052,0.04017405974964999,0.0704414635416926,0.8893844767086575
27053,0.05209525887089031,0.1865236254982983,0.7613811156308115
27054,0.15039203774436613,0.11609412255103543,0.7335138397045983
27055,0.13253578391013382,0.8380824755888013,0.029381740501064846
27056,0.24285098068482439,0.7278933686873371,0.029255650627838484
27057,0.05205135361091567,0.23085359190859278,0.7170950544804916
27058,0.25628421375821425,0.10207136028611716,0.6416444259556686
27059,0.06871755834417273,0.12012332330158995,0.8111591183542372
27060,0.07163407942385795,0.1620432559177065,0.7663226646584355
27061,0.5658951102326394,0.07572020779181439,0.3583846819755463
27062,0.16979324779603253,0.0795804634855351,0.7506262887184323
27063,0.1289140459212964,0.14226291819555603,0.7288230358831475
27064,0.04121378954204017,0.07135740747591066,0.8874288029820492
27065,0.061111729151416605,0.3178809119821496,0.6210073588664338
27066,0.05933224779097568,0.13089646859470722,0.809771283614317
27067,0.1126316409550171,0.19133196918749293,0.6960363898574898
27068,0.46782220050737505,0.07993915541691715,0.4522386440757077
27069,0.059877740507072584,0.13157244908353274,0.8085498104093948
27070,0.06203613542867939,0.09113446486111451,0.8468293997102061
27071,0.05859110735479309,0.08658911919623889,0.8548197734489679
27072,0.06409487886022093,0.31645796463779724,0.619447156501982
27073,0.06848730103571594,0.1354393447649557,0.7960733541993282
27074,0.11604540809587328,0.39268032030900324,0.4912742715951235
27075,0.25963779070798326,0.238359975972913,0.5020022333191037
