index,0,1,2
26457,0.05707181144647851,0.13716301797709252,0.8057651705764289
26458,0.2268768660255834,0.1751932927867279,0.5979298411876887
26459,0.049381599819069505,0.10142747555389141,0.849190924627039
26460,0.11124537714444414,0.1006330299167029,0.788121592938853
26461,0.09509208204769312,0.16312911965237392,0.7417787982999331
26462,0.06634691290137408,0.1296047444340039,0.804048342664622
26463,0.40855289622903007,0.5474108983020223,0.04403620546894757
26464,0.08403375459694183,0.12131399150446932,0.794652253898589
26465,0.04373203131755441,0.12054556733353727,0.8357224013489083
26466,0.08991415851216622,0.3446678239103829,0.5654180175774509
26467,0.1299328837865606,0.13195215890078404,0.7381149573126552
26468,0.051788106054909105,0.08499357739089092,0.8632183165542
26469,0.5966273105478328,0.11106012888935572,0.2923125605628116
26470,0.07118420402468681,0.12342374777183776,0.8053920482034754
26471,0.07411549362063728,0.07233399880448584,0.8535505075748768
26472,0.11632354695657542,0.17752536495134122,0.7061510880920834
26473,0.07138333672968032,0.08445452551286325,0.8441621377574566
26474,0.17106855937838347,0.7940286242659732,0.034902816355643365
26475,0.2493040276608973,0.2568171871252013,0.49387878521390133
26476,0.0482623086954007,0.10578728022784611,0.8459504110767531
26477,0.10610914645066079,0.1434472687180046,0.7504435848313347
26478,0.04861698056856203,0.07788230977831799,0.87350070965312
26479,0.07247897891249402,0.16789022019201294,0.7596308008954931
26480,0.0746587519431123,0.1280409461633861,0.7973003018935015
26481,0.08232336974365845,0.3652909780543374,0.5523856522020041
26482,0.20538788671322913,0.0839921409088659,0.7106199723779049
26483,0.06013105422567889,0.13647275467506192,0.8033961910992592
26484,0.13784648339759512,0.16256105960142136,0.6995924570009835
26485,0.05416726836398166,0.07657145700847753,0.8692612746275409
26486,0.07054146871655963,0.2226894512029528,0.7067690800804876
26487,0.09406580325027097,0.1461558054180322,0.7597783913316968
26488,0.1714386065797798,0.7777342405132318,0.05082715290698831
26489,0.07044748297696424,0.2560285188038593,0.6735239982191764
26490,0.0945610528965487,0.35219382977576785,0.5532451173276834
26491,0.05688213859394006,0.09982582541966123,0.8432920359863988
26492,0.08622581117180397,0.15625420816094626,0.7575199806672498
26493,0.47205849613147355,0.48444881664497125,0.04349268722355519
26494,0.12093631245025514,0.1946242877314607,0.6844393998182842
26495,0.06073891297215907,0.1092413199301823,0.8300197670976586
26496,0.07094248566274079,0.22449887340141983,0.7045586409358394
26497,0.05080937715654134,0.6703522752140837,0.27883834762937515
26498,0.1572897322422563,0.46843711775925995,0.37427314999848366
26499,0.06070238567477207,0.1467427399238866,0.7925548744013415
26500,0.10955635463524122,0.3089794706075012,0.5814641747572575
26501,0.11010269617050127,0.23079033426027795,0.6591069695692208
26502,0.04221444554226676,0.07273713630728729,0.885048418150446
26503,0.10505403848951378,0.41700578868013294,0.4779401728303533
26504,0.10955769170252823,0.16026251891062676,0.730179789386845
26505,0.05115926054267853,0.07526773062361204,0.8735730088337096
26506,0.08860234437480581,0.8758984953615709,0.03549916026362333
26507,0.11347527200193325,0.855251156559583,0.03127357143848383
26508,0.07522644998037654,0.4501385857797936,0.47463496423983
26509,0.10859572572437357,0.16769238755658714,0.7237118867190393
26510,0.06761210787657736,0.22937340374350934,0.7030144883799134
26511,0.05419781930603952,0.0948962541215376,0.8509059265724229
26512,0.09527240524923877,0.21009957724211745,0.6946280175086438
26513,0.07521685930743398,0.22851092240627388,0.696272218286292
26514,0.060444489254944965,0.08562207566993534,0.8539334350751197
26515,0.47389972443434053,0.08491925371707686,0.44118102184858254
26516,0.06333314505048582,0.18420265066595262,0.7524642042835615
26517,0.19617370443419005,0.7667309149702426,0.037095380595567364
26518,0.07199654716713366,0.0854863858747379,0.8425170669581284
26519,0.582727207353131,0.08373158894293149,0.3335412037039375
26520,0.03785044693844331,0.8162855637483525,0.14586398931320432
26521,0.0804970205867287,0.16180648918903123,0.7576964902242399
26522,0.10090460076570609,0.1756489196349921,0.7234464795993019
26523,0.08172658170445538,0.22234793832546834,0.6959254799700764
26524,0.05704513956638859,0.1914841927202423,0.751470667713369
26525,0.38736895271531824,0.18394638445777492,0.4286846628269068
26526,0.04429975862243791,0.06765457137236132,0.8880456700052007
26527,0.07415287446330722,0.15654611974809168,0.7693010057886011
26528,0.1745397126079785,0.793682726057399,0.031777561334622555
26529,0.44587964418280013,0.07564123727529622,0.4784791185419036
26530,0.06545399886921051,0.10459424594242613,0.8299517551883634
26531,0.038560568640265136,0.09398726492758472,0.8674521664321502
26532,0.48659067116779076,0.07752951429774546,0.43587981453446384
26533,0.06891077087571691,0.10626773757810289,0.8248214915461801
26534,0.08544357667765673,0.1409180117692089,0.7736384115531343
26535,0.04310598064802765,0.10147904651635366,0.8554149728356186
26536,0.09514561558925294,0.2027313630076191,0.7021230214031281
26537,0.05438321047088299,0.07272227344727643,0.8728945160818405
26538,0.058213880934025485,0.28966503265040344,0.6521210864155711
26539,0.055038881026670226,0.17995946866374138,0.7650016503095882
26540,0.11191245202353815,0.555940853418689,0.3321466945577729
26541,0.07425582149652683,0.1360579909203716,0.7896861875831016
26542,0.08002926784104736,0.14700475593477708,0.7729659762241757
26543,0.07491821281271692,0.10753762538446354,0.8175441618028196
26544,0.13295483057973248,0.1715396391933411,0.6955055302269264
26545,0.08877153612507382,0.23286534012425575,0.6783631237506703
26546,0.06020070141994443,0.15416465589787437,0.7856346426821812
26547,0.05057493180079854,0.08728814075973546,0.8621369274394659
26548,0.0448480841743523,0.06724172596072617,0.8879101898649214
26549,0.1522226549002786,0.8135749807178336,0.034202364381887874
26550,0.079439159491638,0.25179122772045603,0.6687696127879059
26551,0.07861730273268083,0.26997755949205476,0.6514051377752644
26552,0.04964563423867305,0.2327942109771371,0.7175601547841899
26553,0.03951360273631049,0.06349640860502855,0.8969899886586609
26554,0.09111897273090067,0.4314384337200492,0.47744259354905016
26555,0.09447145318938018,0.09795901220767496,0.8075695346029448
26556,0.0721405320203234,0.1939666626411886,0.733892805338488
26557,0.06251587265417584,0.14217731834343392,0.7953068090023904
26558,0.4161604995463322,0.1617011913684988,0.422138309085169
26559,0.2456406359127756,0.12475859527825144,0.6296007688089729
26560,0.06226635761509663,0.15635047568506313,0.7813831666998403
26561,0.06048367828397461,0.2428230040578867,0.6966933176581388
26562,0.08375172355279044,0.09943603895831112,0.8168122374888984
26563,0.04912005443361241,0.10300416059316607,0.8478757849732216
26564,0.04845033756982613,0.14820534975616026,0.8033443126740135
26565,0.08888545048388864,0.4646483015006277,0.4464662480154836
26566,0.09774258829104485,0.2709482006909302,0.631309211018025
26567,0.043572795771146235,0.12937345684615997,0.8270537473826939
26568,0.40695859817907026,0.5571605862406923,0.035880815580237355
26569,0.07961625743342529,0.14480138180122998,0.7755823607653447
26570,0.08222274661070969,0.3262149052731963,0.5915623481160941
26571,0.04709621467641987,0.08431321922882258,0.8685905660947575
26572,0.07678216460699316,0.23812899057372142,0.6850888448192854
26573,0.1029232885817388,0.1378514066270042,0.7592253047912569
26574,0.15558015689178464,0.10449627230118752,0.7399235708070279
26575,0.07998856869492628,0.1494195822914313,0.7705918490136424
26576,0.10508399787082943,0.11420188614316283,0.7807141159860076
26577,0.10045176726629139,0.10848182343033055,0.791066409303378
26578,0.10171095042577011,0.24251875675358067,0.6557702928206492
26579,0.14787730997049667,0.8169777341255187,0.03514495590398467
26580,0.08854119079638031,0.15060859117644765,0.7608502180271719
26581,0.07404866135501573,0.19039889834962992,0.7355524402953544
26582,0.0365066836266997,0.06153017451964772,0.9019631418536527
26583,0.05616978262205602,0.08504620658692791,0.8587840107910162
26584,0.06173331550229935,0.1937859734063468,0.7444807110913538
26585,0.13999346526733703,0.4714924088503709,0.3885141258822921
26586,0.3285341219119158,0.2865320784602515,0.38493379962783275
26587,0.1809835507113941,0.3400703598601864,0.47894608942841943
26588,0.061414974125512806,0.1870027796615359,0.7515822462129513
26589,0.0836611111808944,0.10601703110730382,0.8103218577118018
26590,0.07075398156892208,0.49051513746753794,0.43873088096354
26591,0.2109077262298513,0.752974789577963,0.03611748419218569
26592,0.3591434607387757,0.12169310220257565,0.5191634370586486
26593,0.09342364099977188,0.19375909962792848,0.7128172593722994
26594,0.1424919470930725,0.1444244170468386,0.713083635860089
26595,0.04225736494791166,0.09069367498682895,0.8670489600652594
26596,0.0895005063500731,0.1208613300634285,0.7896381635864983
26597,0.11491206099042127,0.3797246952961648,0.5053632437134138
26598,0.08684429427777972,0.18583359729542615,0.727322108426794
26599,0.05839415663975227,0.09755352904436432,0.8440523143158833
26600,0.046639951591666486,0.10910008983205002,0.8442599585762834
26601,0.072728330100949,0.1168704159511971,0.8104012539478538
26602,0.09505769509688411,0.10238074290812942,0.8025615619949864
26603,0.08798734580809003,0.14563581648258467,0.7663768377093253
26604,0.04537534862399024,0.08325614423817056,0.8713685071378392
26605,0.09290011140456801,0.24322478181243498,0.6638751067829971
26606,0.3191380780383764,0.17403169860371512,0.5068302233579085
26607,0.08772289832829434,0.881785091767431,0.03049200990427436
26608,0.038920872287507374,0.11913703071223608,0.8419420970002565
26609,0.10787675730350196,0.16260779829918293,0.7295154443973152
26610,0.35697933177985536,0.5839026419792074,0.05911802624093719
26611,0.10828521989350834,0.16577524907566382,0.7259395310308278
26612,0.09639370688999299,0.27045419695756645,0.6331520961524405
26613,0.08448996375048673,0.14564217075030794,0.7698678654992053
26614,0.044204947769713364,0.08257504711017091,0.8732200051201159
26615,0.09237127853125253,0.13753707826194184,0.7700916432068056
26616,0.04815172476550489,0.08562673882198538,0.8662215364125098
26617,0.1046604831986816,0.21004343232984474,0.6852960844714735
26618,0.09583790431084072,0.21754840914000032,0.686613686549159
26619,0.16592226086731154,0.16119901129558836,0.6728787278371001
26620,0.29193095588993817,0.6621560412512256,0.04591300285883601
26621,0.049400724326745915,0.06809628642018851,0.8825029892530657
26622,0.12285510026955193,0.4896295140136922,0.3875153857167558
26623,0.04694736839727904,0.5575738770617577,0.39547875454096326
26624,0.1153025877028987,0.14717229558393702,0.7375251167131643
26625,0.36099714979851294,0.20155921039850697,0.4374436398029802
26626,0.10733076746732426,0.12074649833538006,0.7719227341972956
26627,0.08494451426907461,0.1377102850522787,0.7773452006786467
26628,0.07915760057669509,0.2755233437200771,0.6453190557032278
26629,0.04968881630950412,0.0718075645041335,0.8785036191863624
26630,0.06538456547146396,0.1506466866613648,0.7839687478671715
26631,0.05382661529354019,0.07096753670138847,0.8752058480050714
26632,0.21794944062401572,0.11925417583845457,0.6627963835375297
26633,0.07586441504786245,0.1615803059941245,0.762555278958013
26634,0.07118176471920534,0.08724655053718341,0.8415716847436112
26635,0.06161323457491535,0.16651159565552118,0.7718751697695634
26636,0.05220629982720968,0.19361814415664738,0.7541755560161428
26637,0.03386654771904888,0.06521097717141015,0.900922475109541
26638,0.07454695988892432,0.5815076869800752,0.3439453531310005
26639,0.3370853529325444,0.29142928482112673,0.3714853622463289
26640,0.058149529221206225,0.101673224752498,0.8401772460262957
26641,0.07568446802439394,0.5993490593187347,0.3249664726568714
26642,0.045642557380170264,0.07357140716651749,0.8807860354533124
26643,0.07217921590405627,0.09744644584862606,0.8303743382473177
26644,0.051519460115340324,0.12179269839693517,0.8266878414877246
26645,0.08687687610783106,0.09020047936269525,0.8229226445294737
26646,0.605072925020917,0.11224323817294113,0.28268383680614173
26647,0.08803027090542326,0.14798458480550133,0.7639851442890755
26648,0.08563928891875583,0.5513863343774812,0.3629743767037629
26649,0.055116464068380035,0.12461418108447089,0.8202693548471491
26650,0.5547598256434703,0.3884880346912355,0.05675213966529429
26651,0.41052049289443987,0.5373326447705423,0.05214686233501769
26652,0.3392267958580782,0.09567599164261466,0.5650972124993071
26653,0.1868780349997859,0.2091742585546582,0.603947706445556
26654,0.09028341991847166,0.3126437235949107,0.5970728564866177
26655,0.08007048464540943,0.3834525599527393,0.5364769554018513
26656,0.07396097749985732,0.14997905521072033,0.7760599672894224
26657,0.07415529683059012,0.12353186032520536,0.8023128428442046
26658,0.057602002648461284,0.21961662979121965,0.722781367560319
26659,0.11174390002657009,0.28599352909455256,0.6022625708788774
26660,0.07151956829340433,0.18304317970683237,0.7454372519997632
26661,0.07637100783050944,0.11813111812786412,0.8054978740416263
26662,0.06462661885788808,0.20453494485220908,0.7308384362899031
26663,0.07245822624940061,0.14191194641195562,0.7856298273386438
26664,0.08971027992824893,0.21848843711483426,0.6918012829569169
26665,0.1577638317444806,0.25075088976795634,0.591485278487563
26666,0.043110709542587965,0.7309576053048534,0.2259316851525586
26667,0.04041114801034419,0.06746878368080411,0.8921200683088518
26668,0.080542542926218,0.5264539074803907,0.3930035495933914
26669,0.07784122220884242,0.43911575729480407,0.4830430204963535
26670,0.1966383116438741,0.24836188730166534,0.5549998010544606
26671,0.1327983264903668,0.10336854985312004,0.7638331236565131
26672,0.06996395603134967,0.08341011718470505,0.8466259267839453
26673,0.15979267167552408,0.1617820253485728,0.6784253029759032
26674,0.5255876066288739,0.07794901878738635,0.3964633745837396
26675,0.06577293799179008,0.1854493727351496,0.7487776892730603
26676,0.07194330042164446,0.09728723962261351,0.8307694599557421
26677,0.03706067168443737,0.060195764694803956,0.9027435636207586
26678,0.07290705656943365,0.26168822847812484,0.6654047149524416
26679,0.29435818879190373,0.12118682220226927,0.584454989005827
26680,0.040406473560803395,0.0896746635680463,0.8699188628711503
26681,0.0636180379899093,0.11739184065734351,0.8189901213527471
26682,0.062391536050628374,0.17269322505455192,0.7649152388948196
26683,0.07265422117633133,0.45472507091909914,0.47262070790456956
26684,0.04986860344754791,0.12267463795464775,0.8274567585978043
26685,0.14630329568211092,0.16464727254576772,0.6890494317721214
26686,0.0390175470742043,0.12315848787299657,0.8378239650527991
26687,0.11924531013884514,0.11572239049214716,0.7650322993690077
26688,0.17160037726783475,0.5392536641219343,0.289145958610231
26689,0.045236472176536514,0.09702014434263448,0.857743383480829
26690,0.04543669107690538,0.1317244525625399,0.8228388563605546
26691,0.06061638441273881,0.12097071797202137,0.8184128976152398
26692,0.07728203192608574,0.2691002394928371,0.6536177285810773
26693,0.2503182428797192,0.1105759172899636,0.6391058398303173
26694,0.5471181422756424,0.4069961226435346,0.045885735080822936
26695,0.06925081721628014,0.1062185030646242,0.8245306797190955
26696,0.08068401392315779,0.09097380213064968,0.8283421839461925
26697,0.039702666319471024,0.059437916924489576,0.9008594167560393
26698,0.04830837089564809,0.05687944296413799,0.8948121861402138
26699,0.08573799029873284,0.443567076549608,0.4706949331516591
26700,0.059595509512146976,0.26890367516120756,0.6715008153266455
26701,0.09870597582863799,0.4722478006013158,0.4290462235700462
26702,0.08356930835246966,0.4292693250677243,0.487161366579806
26703,0.07522905830937382,0.15728829606472627,0.7674826456259001
26704,0.09388762860649313,0.1370075413702348,0.769104830023272
26705,0.04627206752430298,0.08281802221046643,0.8709099102652306
26706,0.0588734155139467,0.1081739513517061,0.8329526331343472
26707,0.5529178711151378,0.06714559376051836,0.3799365351243438
26708,0.08589197957827455,0.12357137057357928,0.7905366498481463
26709,0.06396538385325316,0.06327824787519702,0.8727563682715498
26710,0.12034929514498457,0.20020327861289045,0.6794474262421248
26711,0.3227273652147876,0.10799614687607322,0.5692764879091392
26712,0.0917316477356079,0.1651862256217478,0.7430821266426443
26713,0.09153505867787311,0.48495344067642193,0.423511500645705
26714,0.09467045563640368,0.15343501678359428,0.7518945275800021
26715,0.06503616680445438,0.4750339730097598,0.45992986018578574
26716,0.13739355667662154,0.5359731879887673,0.3266332553346112
26717,0.09517424154815689,0.2301739043283851,0.674651854123458
26718,0.10541615094608275,0.21956690402807885,0.6750169450258384
26719,0.0740007456529389,0.211323504238641,0.7146757501084202
26720,0.07170607255754512,0.1627276456615212,0.7655662817809337
26721,0.07334084927224012,0.4378871478471446,0.48877200288061523
26722,0.22375978797393228,0.08379913477247496,0.6924410772535927
26723,0.09568869478170615,0.13935526515368074,0.7649560400646129
26724,0.07427605164185233,0.3454710140712017,0.580252934286946
26725,0.054681027554500904,0.4095106264269747,0.5358083460185243
26726,0.09863377951024269,0.5567732444866357,0.3445929760031216
26727,0.04618846196845511,0.08179487480510772,0.8720166632264372
26728,0.06855123777792037,0.09961455372485192,0.8318342084972277
26729,0.11321008541274916,0.2789621063593395,0.6078278082279113
26730,0.08994733885537506,0.44739425049413567,0.4626584106504893
26731,0.07136632058673205,0.18275220377314755,0.7458814756401205
26732,0.2106853810082972,0.7560413927631047,0.0332732262285981
26733,0.051774018463872216,0.07874471567449227,0.8694812658616355
26734,0.05728619315246398,0.1200938042378274,0.8226200026097084
26735,0.06244702319533228,0.13329269618862927,0.8042602806160385
26736,0.09600107393497587,0.15251504049983108,0.751483885565193
26737,0.09159335249734002,0.13714041191773965,0.7712662355849204
26738,0.07465063497146542,0.16251389312515624,0.7628354719033783
26739,0.5342130455712133,0.06596112386046842,0.3998258305683182
26740,0.04988040563950831,0.06737220246237526,0.8827473918981164
26741,0.09851487505305076,0.8678080124764445,0.03367711247050504
26742,0.05766654000061621,0.15601862789281634,0.7863148321065674
26743,0.0944123398917044,0.09281671331277244,0.8127709467955231
26744,0.17862514668305052,0.17688664932716258,0.6444882039897869
26745,0.0530579774560333,0.12507703225939404,0.8218649902845728
26746,0.09936287449722322,0.1303375098521944,0.7702996156505824
26747,0.06592914363472341,0.5112290077913857,0.4228418485738909
26748,0.20287102974113397,0.3927960726681001,0.4043328975907659
26749,0.07132864193113671,0.17881085034943528,0.749860507719428
26750,0.08777305722326872,0.1041877773162022,0.8080391654605289
26751,0.06191015244054649,0.16807554574922484,0.7700143018102288
26752,0.08782053348090971,0.4960438350165962,0.4161356315024941
26753,0.12297959468311813,0.08638565828962322,0.7906347470272587
26754,0.09594563001476734,0.08840296904307038,0.8156514009421623
26755,0.054768461349363154,0.08622609809230772,0.8590054405583292
26756,0.04919685684086234,0.07869335242359765,0.87210979073554
26757,0.09549842761035121,0.11251298219881001,0.7919885901908387
26758,0.08847856976418979,0.2414934573598479,0.6700279728759623
26759,0.07996757378913992,0.2653169289282707,0.6547154972825894
26760,0.08420594862219051,0.2815630864833495,0.63423096489446
26761,0.08678403609295561,0.12933465708646324,0.7838813068205812
26762,0.07883671210913056,0.12967454217382687,0.7914887457170424
26763,0.06321397514661331,0.10300522184388114,0.8337808030095055
26764,0.07930645071891886,0.1852085730113153,0.7354849762697658
26765,0.06073541595106445,0.10444015685257342,0.8348244271963622
26766,0.08058370675751635,0.4190972339346438,0.5003190593078398
26767,0.0923476284659807,0.25827473560476805,0.6493776359292512
26768,0.060311076629319685,0.9099472093068864,0.029741714063793803
26769,0.08197663247923012,0.25456993641580494,0.663453431104965
26770,0.09437557886931956,0.32534908016681713,0.5802753409638632
26771,0.10602984268914606,0.8577786654255583,0.036191491885295614
26772,0.5329067241496815,0.07494654823295115,0.39214672761736746
26773,0.11556227032873015,0.11324676684864718,0.7711909628226225
26774,0.05858441492958806,0.09910984034314071,0.8423057447272713
26775,0.04900048421486545,0.160307674793239,0.7906918409918956
26776,0.07405768273698243,0.11766495959297396,0.8082773576700436
26777,0.059475045150730835,0.1132170445315434,0.8273079103177258
26778,0.08986021851160036,0.11558037227139414,0.7945594092170055
26779,0.06152044379867044,0.10844105369717891,0.8300385025041506
26780,0.0680773686101198,0.16484780078369932,0.7670748306061809
26781,0.05355615554755434,0.10197701994852583,0.8444668245039197
26782,0.049972692650384676,0.08462360121696555,0.8654037061326496
26783,0.149132086901892,0.23176649571585373,0.6191014173822542
26784,0.07132021596976326,0.3871885988541271,0.5414911851761096
26785,0.06281226991068291,0.11846899758391786,0.8187187325053994
26786,0.5322794784884552,0.06973710578149404,0.3979834157300507
26787,0.05464483256092007,0.07354381618074322,0.8718113512583365
26788,0.12003121339885531,0.12061591718605855,0.7593528694150862
26789,0.21293599081536557,0.30082365786618515,0.4862403513184492
26790,0.05367268525335721,0.11158038151716759,0.8347469332294752
26791,0.05339435516182804,0.08043641904181252,0.8661692257963594
26792,0.14603569244007322,0.11246631910641834,0.7414979884535083
26793,0.06757000883964721,0.1841417165415571,0.7482882746187957
26794,0.04521555583788715,0.09440524190207288,0.86037920226004
26795,0.0808470677528208,0.26185295759418264,0.6572999746529965
26796,0.1153305551456108,0.8553023773899529,0.029367067464436458
26797,0.05572524621363742,0.4377466240114806,0.506528129774882
26798,0.3831454610788691,0.09749113559277618,0.5193634033283547
26799,0.20143495481808926,0.10661614073880586,0.6919489044431049
26800,0.06804161230701875,0.9030113080742357,0.028947079618745594
26801,0.08948806489587732,0.5279060562904625,0.3826058788136602
26802,0.08690650207186894,0.11186518100746626,0.8012283169206648
26803,0.0653013276659714,0.13440529986038946,0.8002933724736392
26804,0.07043915639966437,0.14969317309117186,0.7798676705091637
26805,0.06910603570381868,0.11561335013795618,0.8152806141582251
26806,0.06781494731647368,0.15135291982105276,0.7808321328624737
26807,0.07373936153117695,0.11083760844315417,0.8154230300256688
26808,0.07721507934907933,0.21310426053282552,0.7096806601180952
26809,0.06968434570130898,0.12674969024526914,0.8035659640534218
26810,0.06878731323759725,0.14535470084494653,0.7858579859174563
26811,0.03865849671759957,0.07491458560024446,0.886426917682156
26812,0.05116669109311672,0.08737773153714028,0.8614555773697431
26813,0.07311119477495676,0.4548183219812992,0.4720704832437441
26814,0.11298029611745955,0.12988825906601262,0.7571314448165278
26815,0.07596363258358936,0.15212782114472356,0.7719085462716869
26816,0.054051546936225915,0.5134307641817187,0.4325176888820553
26817,0.08867638110672463,0.10892818872912886,0.8023954301641466
26818,0.09258487192155462,0.11348861660223185,0.7939265114762134
26819,0.06759993753793653,0.2698737246543072,0.6625263378077563
26820,0.1896560008657092,0.7755040819444108,0.03483991718987987
26821,0.11731254986594417,0.8525714744698655,0.030115975664190355
26822,0.1089638809947519,0.3214607047289499,0.5695754142762981
26823,0.06806223381042681,0.0992361855320851,0.832701580657488
26824,0.10627803530491947,0.08778653954074145,0.805935425154339
26825,0.0789787779546696,0.11513035384881634,0.805890868196514
26826,0.07051303329690642,0.08712532948765643,0.8423616372154371
26827,0.0698244906793536,0.12034100018012406,0.8098345091405224
26828,0.06429080702566685,0.1969333857163093,0.7387758072580238
26829,0.04562287041476018,0.08478286371498497,0.8695942658702548
26830,0.07557853322059885,0.1741413996651917,0.7502800671142096
26831,0.05238999127874227,0.0869007087780817,0.8607092999431759
26832,0.04554015674166018,0.05773471979355984,0.89672512346478
26833,0.06627027223801554,0.09493337759109384,0.8387963501708906
26834,0.061892678493558506,0.13964931531475472,0.7984580061916867
26835,0.6234107685806448,0.09301527931306083,0.28357395210629427
26836,0.12449822672175866,0.45686813513112196,0.41863363814711935
26837,0.06615647067471868,0.0810845060958268,0.8527590232294545
26838,0.0950954534313355,0.4263931898644359,0.4785113567042285
26839,0.6825236843527561,0.070823591639731,0.2466527240075128
26840,0.08109022494040122,0.22489557048827075,0.694014204571328
26841,0.041692588472477456,0.060870814741142164,0.8974365967863805
26842,0.05177319480737247,0.1416976077466953,0.8065291974459322
26843,0.10614716959367229,0.10534292983010737,0.7885099005762203
26844,0.1236239247839741,0.4939891831518649,0.38238689206416104
26845,0.4926484420812858,0.07830633249643322,0.4290452254222811
26846,0.07074952075248009,0.08544716668208986,0.8438033125654302
26847,0.07343123896969925,0.2224248168188614,0.7041439442114393
26848,0.09492145474392083,0.08770086019194945,0.8173776850641299
26849,0.17340726102337045,0.12395472233591082,0.7026380166407187
26850,0.07996598250097064,0.2578981314084726,0.6621358860905568
26851,0.08679653327257167,0.2122838575113535,0.7009196092160748
26852,0.16808310832932344,0.512216949603131,0.3196999420675455
26853,0.08308552584898726,0.11240139099982789,0.804513083151185
26854,0.08363730971231481,0.8867542759466579,0.029608414341027265
26855,0.1031010511895371,0.24949708907242088,0.647401859738042
26856,0.1276582954177931,0.10253602777362689,0.76980567680858
26857,0.09978874251302208,0.16756858316421475,0.7326426743227633
26858,0.06417723188242937,0.659572646160015,0.27625012195755566
26859,0.06382283784297012,0.6490998890912764,0.28707727306575337
26860,0.07114165316591077,0.4900930392635453,0.43876530757054377
26861,0.10595518220894072,0.316349862774183,0.5776949550168763
26862,0.09505671908907444,0.2371516603987585,0.6677916205121671
26863,0.0437045040997285,0.10200701136109075,0.8542884845391809
26864,0.0903008663425809,0.3750089143822445,0.5346902192751746
26865,0.05026076508129308,0.10209128733103884,0.847647947587668
26866,0.039936238650988415,0.07963629084615041,0.8804274705028611
26867,0.04396729533280085,0.08383365964497719,0.8721990450222219
26868,0.03902856308600743,0.0958193526609934,0.865152084252999
26869,0.03633405146931152,0.04963864652054673,0.9140273020101417
26870,0.03515556152685055,0.8330874061304637,0.13175703234268565
26871,0.09205651632390144,0.118084130435371,0.7898593532407274
26872,0.08013888958920536,0.2565817236484131,0.6632793867623815
26873,0.07135512105909969,0.15493881434714077,0.7737060645937596
26874,0.09682969328170457,0.38180374724233557,0.5213665594759599
26875,0.07491811791157532,0.318324806834153,0.6067570752542718
26876,0.0545822528595626,0.08961327285398621,0.8558044742864511
26877,0.08162967121746602,0.15066353288553247,0.7677067958970017
26878,0.10048482683749523,0.14862912902866476,0.75088604413384
26879,0.09799438572352534,0.2366961257085716,0.6653094885679031
26880,0.3456261709468735,0.06552236248586668,0.5888514665672597
26881,0.05809340647689744,0.1678964085441131,0.7740101849789894
26882,0.3378978428844587,0.09084079045195366,0.5712613666635876
26883,0.06333241471416069,0.09166268250116179,0.8450049027846775
26884,0.0944579451858003,0.4224283825147944,0.4831136722994053
26885,0.2753182361961565,0.0918873606107173,0.6327944031931262
26886,0.10378737707111148,0.10696826723779264,0.7892443556910959
26887,0.04346657239856218,0.11870213233001452,0.8378312952714232
26888,0.18128250297498738,0.1663839704655769,0.6523335265594358
26889,0.05238079189728133,0.11501013536504896,0.8326090727376698
26890,0.07008722394285546,0.1464387151479016,0.783474060909243
26891,0.05108710808120542,0.5036588988174334,0.44525399310136116
26892,0.09276432319435245,0.25874732509129333,0.6484883517143541
26893,0.07634988549936511,0.1278443023332226,0.7958058121674123
26894,0.061944143421906094,0.14649460941729295,0.791561247160801
26895,0.08662683668499835,0.3767908036816374,0.5365823596333642
26896,0.08605439945212218,0.29097303849707806,0.6229725620507998
26897,0.07509558743693423,0.21216915138272344,0.7127352611803425
26898,0.08317360954384058,0.1347211803141566,0.7821052101420028
26899,0.11621184110777248,0.14525566428029865,0.7385324946119289
26900,0.07941825618071921,0.32040450358518424,0.6001772402340965
26901,0.05274610989986574,0.19635929410415415,0.7508945959959801
26902,0.033059454571898204,0.061634726727016705,0.9053058187010851
26903,0.11570170495766004,0.2422139133889448,0.6420843816533952
26904,0.45534045697463027,0.5024620556518083,0.04219748737356152
26905,0.06230672938048062,0.17116967047867646,0.7665236001408429
26906,0.04051195079194531,0.08876186133167731,0.8707261878763773
26907,0.10778191933051272,0.08210201652007298,0.8101160641494143
26908,0.05567528464981571,0.1446735535462737,0.7996511618039105
26909,0.05335219798265681,0.5563235892170454,0.390324212800298
26910,0.07797227406750312,0.34764043303046743,0.5743872929020294
26911,0.07985479369301239,0.13869926035664654,0.7814459459503411
26912,0.06416596496457516,0.09638312793624022,0.8394509070991847
26913,0.18559479064282153,0.1001972975714008,0.7142079117857777
26914,0.05845300566816043,0.22089119056146683,0.7206558037703727
26915,0.08832368084030293,0.08947151561570266,0.8222048035439945
26916,0.169342742600357,0.7979649154121593,0.03269234198748371
26917,0.05774044241792451,0.12767554694327307,0.8145840106388024
26918,0.09052584057868533,0.12583682261220916,0.7836373368091055
26919,0.6151212480793057,0.09705159519390387,0.2878271567267905
26920,0.05913410595432998,0.27747022604144783,0.6633956680042221
26921,0.039204823682615214,0.6940173972246799,0.2667777790927049
26922,0.06642326257871682,0.4793718382110742,0.454204899210209
26923,0.04782041501244686,0.08431997421362965,0.8678596107739234
26924,0.057412453912626234,0.09285272837907098,0.8497348177083027
26925,0.08614127622166019,0.08489537417877287,0.828963349599567
26926,0.11769438998678251,0.4947017709645452,0.3876038390486723
26927,0.15454771057927774,0.19938762198405358,0.6460646674366687
26928,0.07893163287950124,0.8880490638686201,0.03301930325187882
26929,0.06880954815131968,0.1584929652510723,0.772697486597608
26930,0.04651040332193982,0.5326968265799974,0.4207927700980627
26931,0.09753006465515067,0.8719490986256511,0.030520836719198297
26932,0.06011340946004538,0.5158379472501312,0.4240486432898233
26933,0.38880561763996185,0.12379005721208164,0.4874043251479565
26934,0.16188871236181557,0.10946503243092806,0.7286462552072566
26935,0.0494700245371136,0.07932559289243704,0.8712043825704493
26936,0.053279648137096104,0.057204752898468554,0.8895155989644352
26937,0.10295362178103296,0.29149640266797344,0.6055499755509937
26938,0.09255946116118126,0.8746910090494949,0.032749529789323856
26939,0.34689091815890283,0.612878294143317,0.04023078769778023
26940,0.07453316994206603,0.12446793873538164,0.8009988913225523
26941,0.05596082356601073,0.13534164319012568,0.8086975332438634
26942,0.17424914154076257,0.1780649204272226,0.6476859380320148
26943,0.08062412420584246,0.3924087544213399,0.5269671213728178
26944,0.05468329290242646,0.06969019078596837,0.8756265163116052
26945,0.09724397464479718,0.42154292970857177,0.48121309564663095
26946,0.09707597336302788,0.19342987480319757,0.7094941518337745
26947,0.06738561308242749,0.4352584221883576,0.49735596472921506
26948,0.07701051223793369,0.24701077294348145,0.6759787148185848
26949,0.4980324208015966,0.0827611038172428,0.4192064753811606
26950,0.2595023070403549,0.251129177168318,0.48936851579132706
26951,0.3562590020364724,0.25325762021673254,0.39048337774679504
26952,0.1403735506066734,0.1882837674103989,0.6713426819829279
26953,0.03768917168080648,0.043833203389816056,0.9184776249293776
26954,0.041341316274418,0.09884100827507424,0.8598176754505079
26955,0.058893917471847475,0.5314085090048195,0.40969757352333297
26956,0.16902341289348077,0.14953114935929265,0.6814454377472265
26957,0.6386935942310074,0.11878386355130174,0.24252254221769087
26958,0.1895550913069726,0.10979980000378754,0.7006451086892399
26959,0.08252330066167654,0.3635121618874332,0.5539645374508904
26960,0.11866995521877945,0.11488945048933473,0.7664405942918858
26961,0.07857818237498981,0.1650134945640348,0.7564083230609755
26962,0.039259417513254055,0.6582863532372023,0.30245422924954357
26963,0.2503182428797192,0.1105759172899636,0.6391058398303173
26964,0.12835488041847976,0.2092226077418316,0.6624225118396887
26965,0.07095809627788673,0.35057429075544216,0.5784676129666712
26966,0.08605439945212218,0.29097303849707806,0.6229725620507998
26967,0.053806474092474924,0.10744477964481135,0.8387487462627137
26968,0.1353302042139788,0.1391118883440935,0.7255579074419277
26969,0.042955764310707356,0.12661985407296175,0.8304243816163308
26970,0.16851223914105237,0.10390273005856919,0.7275850308003785
26971,0.06870367266614545,0.2181321874471378,0.7131641398867167
26972,0.08799705176773187,0.31270761347564074,0.5992953347566273
26973,0.07412671795782658,0.2673232895528719,0.6585499924893016
26974,0.050625748176253996,0.06214904663975326,0.8872252051839925
26975,0.09455271627798205,0.09652125307783833,0.8089260306441796
26976,0.13578324281071819,0.8264233119764023,0.037793445212879535
26977,0.07844259671393185,0.2545596017375298,0.6669978015485384
26978,0.061428430633382256,0.14999356223411633,0.7885780071325014
26979,0.05870286365012905,0.20945976238294528,0.7318373739669256
26980,0.12788405966641658,0.1403417030538648,0.7317742372797186
26981,0.08888269534071751,0.24392617361929997,0.6671911310399825
26982,0.06729297527263144,0.16985114264648893,0.7628558820808796
26983,0.08341377140360533,0.19616156469223167,0.720424663904163
26984,0.07899052272199557,0.1386976330186795,0.782311844259325
26985,0.10577087214848542,0.17265873904681744,0.7215703888046971
26986,0.04963460329312483,0.058910048599698964,0.8914553481071763
26987,0.0773342882691233,0.518842895365829,0.40382281636504774
26988,0.09363039145127915,0.43536546094461503,0.4710041476041058
26989,0.09863105939830354,0.21757071271945683,0.6837982278822397
26990,0.08788653227592802,0.09008680462981541,0.8220266630942565
26991,0.057835133266618106,0.12008745676816551,0.8220774099652164
26992,0.08913679072053833,0.5000123744841065,0.41085083479535506
26993,0.052389096989979164,0.09110209144779696,0.856508811562224
26994,0.14468891839721826,0.11827241832139279,0.7370386632813888
26995,0.06736313582836653,0.2186668449253474,0.7139700192462861
26996,0.039534537824727746,0.11981943402631129,0.840646028148961
26997,0.24420305416293733,0.3897185718077208,0.3660783740293419
26998,0.21354895013003525,0.08244276365330967,0.704008286216655
26999,0.2947448459916821,0.10401563800289393,0.6012395160054239
27000,0.06608112539364587,0.4564057769546519,0.47751309765170213
27001,0.07288895617918498,0.3945037086889973,0.5326073351318177
27002,0.08579694388517631,0.2414677542132045,0.6727353019016191
27003,0.19936727573845744,0.1371265465396431,0.6635061777218996
27004,0.0754151552550959,0.2759767707425535,0.6486080740023507
27005,0.08057149896055793,0.21559212080117424,0.7038363802382678
27006,0.06935289570282047,0.12551628412209354,0.805130820175086
27007,0.07585731714820093,0.6202124237825377,0.3039302590692612
27008,0.08900627494480189,0.17877126642128305,0.732222458633915
27009,0.07534828182621076,0.18326405372026622,0.7413876644535229
27010,0.06308896607873138,0.13283728915895973,0.8040737447623091
27011,0.12479322771122389,0.4309288088027564,0.44427796348601967
27012,0.04850914337002225,0.0877863693946422,0.8637044872353354
27013,0.33337657005027205,0.0962956988365208,0.5703277311132071
27014,0.05403311350425191,0.48833919118551655,0.4576276953102317
27015,0.07128463031557591,0.40574066900757944,0.5229747006768447
27016,0.08551890090405706,0.14988346242963477,0.7645976366663081
27017,0.07168833822599815,0.12219025126973353,0.8061214105042683
27018,0.04469455123949293,0.09848182733767376,0.8568236214228334
27019,0.08241874068831201,0.15710541984421758,0.7604758394674703
27020,0.06375367273987255,0.3927958979017346,0.5434504293583928
27021,0.08296125569330766,0.3901556388209691,0.5268831054857233
27022,0.06365040720007413,0.14270659497853164,0.7936429978213944
27023,0.11177879876545457,0.4120897129310923,0.47613148830345303
27024,0.053805376311686845,0.18805429091130124,0.7581403327770118
27025,0.23095208767355513,0.10829469731061,0.6607532150158347
27026,0.034873937718080665,0.11292062964052046,0.852205432641399
27027,0.11989687916002557,0.11105426965010877,0.7690488511898657
27028,0.18781257998688866,0.12718078452382336,0.685006635489288
27029,0.05203969496010171,0.16948707328745344,0.7784732317524449
27030,0.08068793015184704,0.46739643863859914,0.45191563120955386
27031,0.6408928638252566,0.1303778420328938,0.2287292941418496
27032,0.35368376120295025,0.1087274441618762,0.5375887946351735
27033,0.06416565796032045,0.07028613259290253,0.865548209446777
27034,0.1044154810393566,0.14244941565069916,0.7531351033099443
27035,0.548730052343566,0.08668659509846513,0.36458335255796886
27036,0.07402394310319761,0.08981712488883052,0.8361589320079719
27037,0.14775413267700174,0.18118086696573957,0.6710650003572587
27038,0.08308576055477616,0.09506089829602246,0.8218533411492014
27039,0.3241050955511661,0.14648532291374472,0.5294095815350891
27040,0.09911755750490693,0.11508895865971888,0.7857934838353742
27041,0.03717483705895525,0.06432017835577272,0.898504984585272
27042,0.27161766970202056,0.6903915757029805,0.03799075459499905
27043,0.08804251938491015,0.1565985900796267,0.7553588905354631
27044,0.06906617890310582,0.14468095982592938,0.7862528612709648
27045,0.05634384539892086,0.16413432916127152,0.7795218254398076
27046,0.04974696575477404,0.08478036548022129,0.8654726687650047
27047,0.084869855412257,0.5265084574672471,0.3886216871204958
27048,0.2732136863380293,0.682925797001031,0.043860516660939916
27049,0.08369049317601475,0.4251236542162239,0.4911858526077613
27050,0.048896610185807515,0.1564902907749171,0.7946130990392752
27051,0.08699157562503872,0.2283475277722517,0.6846608966027096
27052,0.035523882930321646,0.06844690062528971,0.8960292164443886
27053,0.05293950949590183,0.20064657776488987,0.7464139127392083
27054,0.13324609810279067,0.14082376881190936,0.7259301330852999
27055,0.12939407859106022,0.8416731094053869,0.028932812003552955
27056,0.26295727439632915,0.7015303972928733,0.03551232831079749
27057,0.05270544904689106,0.1925735887512656,0.7547209622018434
27058,0.27519375654096284,0.12061899619813471,0.6041872472609023
27059,0.06997759634158991,0.12110432473720811,0.808918078921202
27060,0.057028622457375125,0.14372705739615993,0.799244320146465
27061,0.5699080679057122,0.07029260426118067,0.35979932783310703
27062,0.1948334539014496,0.0742553525285399,0.7309111935700103
27063,0.09162766895271239,0.15724212645414648,0.7511302045931412
27064,0.04478422792223125,0.06684901703247553,0.8883667550452932
27065,0.08909094841171529,0.29637720205926904,0.6145318495290156
27066,0.05313440210501575,0.12648640631321714,0.8203791915817671
27067,0.11078570406639099,0.19648158529754714,0.6927327106360619
27068,0.45565547074903945,0.06940254043262414,0.4749419888183363
27069,0.05633761314252657,0.1282561177838541,0.8154062690736195
27070,0.06645966742393163,0.0985512077956067,0.8349891247804616
27071,0.05691296011172252,0.09568210198566135,0.8474049379026162
27072,0.06778453006778293,0.3471316841234325,0.5850837858087846
27073,0.0699013168071973,0.13582423924569845,0.7942744439471041
27074,0.10004394124715828,0.3846679674325005,0.5152880913203414
27075,0.22111254187610555,0.22977767874459254,0.5491097793793019
