index,0,1,2
26457,0.07400387465196127,0.13091304554152108,0.7950830798065176
26458,0.2612559875015248,0.19951887662644652,0.5392251358720287
26459,0.040143199357949064,0.05227071114522717,0.9075860894968238
26460,0.09131684953612401,0.10403003950492937,0.8046531109589468
26461,0.08381490199494321,0.22374161920026014,0.6924434788047966
26462,0.05292991344904034,0.1005996386907195,0.8464704478602403
26463,0.31773493846678874,0.6645023522798821,0.01776270925332906
26464,0.0848999463381489,0.14709378313185845,0.7680062705299926
26465,0.025702405652575373,0.06469178274171525,0.9096058116057094
26466,0.029896113191333347,0.4429295566351833,0.5271743301734834
26467,0.2094956654247976,0.12562621044193484,0.6648781241332676
26468,0.04639910395659615,0.06271742432880989,0.8908834717145941
26469,0.6040896656845518,0.09656979145552357,0.2993405428599246
26470,0.10385977149843702,0.11351710321003354,0.7826231252915294
26471,0.07393054072180827,0.06393607741122057,0.8621333818669712
26472,0.20137035770482084,0.2071045463640102,0.5915250959311691
26473,0.07923654770783631,0.07044998054470393,0.8503134717474599
26474,0.21072572640784437,0.7735509164261767,0.015723357165978977
26475,0.31247271825011325,0.23737002349944142,0.4501572582504453
26476,0.04746762590821424,0.10076865907896045,0.8517637150128253
26477,0.11531633990122281,0.1765795505796685,0.7081041095191087
26478,0.035279517380231856,0.0638374546931895,0.9008830279265787
26479,0.06307198640758979,0.11704707439282236,0.8198809391995876
26480,0.059724622233182735,0.07459628501472623,0.8656790927520911
26481,0.10522568575138773,0.2674435218971215,0.6273307923514908
26482,0.08733895173679763,0.06318655129027465,0.8494744969729278
26483,0.03591187759901598,0.09683676712245735,0.8672513552785268
26484,0.137433983738046,0.06988073626995336,0.7926852799920006
26485,0.04147967439114745,0.05061465190576574,0.907905673703087
26486,0.08349954617870918,0.14277278165210988,0.7737276721691808
26487,0.05895751891126377,0.06993047409036242,0.8711120069983739
26488,0.30480701303145336,0.6430091837771318,0.05218380319141486
26489,0.04449277798981036,0.20572001703864876,0.7497872049715408
26490,0.09844153828051488,0.1970828411892881,0.7044756205301971
26491,0.03973791831437223,0.07119793388055698,0.8890641478050709
26492,0.07292449753634693,0.1905417960754186,0.7365337063882345
26493,0.29859723364971325,0.6975408684921612,0.0038618978581254912
26494,0.12505190902803406,0.21379734407453738,0.6611507468974285
26495,0.017130816616211665,0.025836362278231856,0.9570328211055565
26496,0.08577337232890889,0.22032931846456405,0.693897309206527
26497,0.04544500201304143,0.847705468711969,0.1068495292749897
26498,0.2123416821187251,0.4704864792477417,0.3171718386335332
26499,0.06045367918176535,0.11885543895699849,0.8206908818612362
26500,0.059607889922986136,0.4179972261335035,0.5223948839435104
26501,0.1206204155262183,0.23328123127580852,0.6460983531979733
26502,0.035359251898088875,0.053009242668816056,0.911631505433095
26503,0.11211143199854665,0.5491477623287239,0.3387408056727296
26504,0.09812283568787525,0.15053144559923323,0.7513457187128915
26505,0.047985737828244314,0.06288501040610131,0.8891292517656545
26506,0.08337654726067702,0.894976234462934,0.021647218276389095
26507,0.15451216542290752,0.8323646503316875,0.01312318424540512
26508,0.11219267928794407,0.3867911315518081,0.5010161891602477
26509,0.12378145612011496,0.13295679271804156,0.7432617511618436
26510,0.061941876837658706,0.2119470869723518,0.7261110361899895
26511,0.0527113013713036,0.07833207685073393,0.8689566217779625
26512,0.12234225968736945,0.1701395843722183,0.7075181559404122
26513,0.05621245432541361,0.20889189193824853,0.7348956537363378
26514,0.05189773305249033,0.06663965001449872,0.8814626169330108
26515,0.40298250664205393,0.06322800608927041,0.5337894872686757
26516,0.050319740231298836,0.27313919861496594,0.6765410611537352
26517,0.25691841014927835,0.7283981033288011,0.01468348652192072
26518,0.0582439747322394,0.09548410783117486,0.8462719174365858
26519,0.438821377503555,0.15338359671332624,0.40779502578311877
26520,0.03580565933698506,0.8435580606775928,0.12063627998542228
26521,0.060906115839611905,0.21427299110875375,0.7248208930516342
26522,0.1097946551898715,0.1280821423474374,0.762123202462691
26523,0.07795233503881634,0.24834317893413446,0.6737044860270491
26524,0.02879389541092207,0.1256399236566748,0.8455661809324031
26525,0.2942594580753457,0.2121225208919147,0.49361802103273966
26526,0.06021796408231371,0.08455217313365102,0.8552298627840352
26527,0.09285576766955075,0.16938778784616773,0.7377564444842816
26528,0.1656431212941963,0.8169020322056688,0.017454846500134815
26529,0.3172247031575591,0.06093900083459214,0.6218362960078487
26530,0.0720668155711762,0.052932544763768706,0.8750006396650551
26531,0.05051310459156287,0.1199778067827981,0.8295090886256391
26532,0.14174509573624888,0.11046257483030938,0.7477923294334418
26533,0.05100419434959545,0.07637917138063502,0.8726166342697695
26534,0.06775696678297101,0.15275062096685105,0.779492412250178
26535,0.04508048709360463,0.10636363770310178,0.8485558752032937
26536,0.08756373104067033,0.24933826703294004,0.6630980019263896
26537,0.05269687923633677,0.04134392000892889,0.9059592007547345
26538,0.04386966952743212,0.42593219805592025,0.5301981324166476
26539,0.03491278335711594,0.12842767002229263,0.8366595466205913
26540,0.10114021960709055,0.6290256508593121,0.2698341295335974
26541,0.0910425766789604,0.13284390472297397,0.7761135185980655
26542,0.05607242344395587,0.19248906959576448,0.7514385069602796
26543,0.046858735921676095,0.08337632908355103,0.8697649349947728
26544,0.10218366642009018,0.15604707452434183,0.741769259055568
26545,0.11855872463186194,0.25151164049126407,0.6299296348768739
26546,0.06381263435067772,0.1225075013921817,0.8136798642571407
26547,0.04108847537222975,0.0622592566268807,0.8966522680008897
26548,0.04498702578247309,0.03103447568541416,0.9239784985321128
26549,0.1570286143961404,0.832020561531696,0.010950824072163533
26550,0.07542381379024438,0.22079717402767715,0.7037790121820784
26551,0.04743297178981955,0.1886153830699486,0.7639516451402318
26552,0.041839094970399456,0.2505671118881312,0.7075937931414694
26553,0.037486318350462185,0.07303412749469093,0.889479554154847
26554,0.11517545408361773,0.39247237088503517,0.4923521750313472
26555,0.06513667689602673,0.08619276519005996,0.8486705579139133
26556,0.062162305020365405,0.1744654633363486,0.763372231643286
26557,0.04896752986605361,0.09485401174333982,0.8561784583906065
26558,0.3930383034282189,0.14120522205332972,0.4657564745184515
26559,0.2842056660462854,0.1772509141979454,0.5385434197557692
26560,0.0772007618508725,0.2807495823168301,0.6420496558322975
26561,0.03709161372327978,0.18407001849986676,0.7788383677768536
26562,0.06243541704011829,0.06225782099189057,0.8753067619679911
26563,0.051726882779462954,0.15775005534527506,0.7905230618752621
26564,0.04118896008639248,0.12740498372034292,0.8314060561932646
26565,0.09849107437211915,0.39502839046799265,0.5064805351598881
26566,0.17839726071209225,0.13291201175062756,0.6886907275372802
26567,0.04896373207395821,0.16714341168734934,0.7838928562386924
26568,0.46129459900215347,0.506415942590869,0.03228945840697758
26569,0.04919893808043132,0.0833925336858261,0.8674085282337426
26570,0.09698960148699957,0.2949720036345256,0.6080383948784749
26571,0.03642785598804221,0.08178971225428844,0.8817824317576693
26572,0.05237462910386562,0.18935464292998622,0.7582707279661483
26573,0.06033031697357605,0.23254068100655556,0.7071290020198685
26574,0.13453002503115807,0.10065049556637136,0.7648194794024705
26575,0.05978036763293367,0.1354737653813322,0.804745866985734
26576,0.1441910902338785,0.07369539356662663,0.7821135161994949
26577,0.07637980337005343,0.12149908421040143,0.802121112419545
26578,0.18715545794493935,0.2747352851051442,0.5381092569499163
26579,0.13105891025601416,0.8597120532429801,0.009229036501005775
26580,0.07577708233883097,0.10745136001926033,0.8167715576419088
26581,0.07093148040244338,0.1649281604981726,0.764140359099384
26582,0.012542574595549413,0.03547286394203648,0.9519845614624141
26583,0.057033068300706605,0.09495646070439503,0.8480104709948982
26584,0.09607813476253257,0.17698845422276252,0.7269334110147049
26585,0.130702714555376,0.408647010643125,0.460650274801499
26586,0.3278103499546221,0.37429356539642006,0.2978960846489577
26587,0.22579177431163838,0.3199326068559092,0.45427561883245227
26588,0.07057435561488598,0.2197221965898899,0.7097034477952241
26589,0.11354329883730185,0.10542166298083662,0.7810350381818615
26590,0.06156369027702633,0.5751061642157818,0.36333014550719195
26591,0.27641494635368985,0.7007394681678593,0.02284558547845102
26592,0.40562802779964235,0.07051537448960263,0.5238565977107551
26593,0.07239092876392342,0.15750426424691275,0.770104806989164
26594,0.16309186549606886,0.08062291568647299,0.7562852188174582
26595,0.02739860708270132,0.06292980032375432,0.9096715925935444
26596,0.07910233855558808,0.12515699180464884,0.795740669639763
26597,0.21843367982640602,0.39937192827613016,0.38219439189746385
26598,0.12978514802057747,0.2182493193354496,0.651965532643973
26599,0.03419188293352288,0.05828568906502701,0.9075224280014502
26600,0.05403038339808162,0.10451230631638246,0.841457310285536
26601,0.07906030539815846,0.16408141279958638,0.7568582818022552
26602,0.11037589506797456,0.1563111664515919,0.7333129384804336
26603,0.06588836046796002,0.090481131461451,0.8436305080705889
26604,0.056174171166045984,0.08537179941634382,0.8584540294176103
26605,0.10349460850555688,0.19817868624592494,0.6983267052485181
26606,0.18310578075776546,0.37792888980714856,0.4389653294350861
26607,0.08153036399367361,0.8912329904608824,0.027236645545443944
26608,0.019365563645380283,0.11148280252210822,0.8691516338325116
26609,0.058062985705477334,0.08600179328853054,0.8559352210059922
26610,0.3614000916651624,0.5885455886144938,0.05005431972034381
26611,0.09381039937491939,0.2055350141437155,0.700654586481365
26612,0.08239157077691697,0.28161244996434537,0.6359959792587377
26613,0.11485364871738471,0.14046218336649283,0.7446841679161225
26614,0.06433956747032868,0.07380821785675953,0.8618522146729118
26615,0.07813453490302387,0.13186350789222293,0.7900019572047532
26616,0.045472717516032254,0.07857095518012716,0.8759563273038404
26617,0.12282808164771866,0.14385006405084222,0.7333218543014391
26618,0.11779911825329661,0.222064827021396,0.6601360547253072
26619,0.13528529075291904,0.16018897978867636,0.7045257294584046
26620,0.46791297453583003,0.510420332009444,0.021666693454725945
26621,0.03665289783359662,0.06333950667679357,0.9000075954896097
26622,0.15804279228033233,0.49860662970468345,0.34335057801498425
26623,0.04698738118770947,0.5219218838850972,0.43109073492719335
26624,0.09169119562765024,0.176674970933998,0.7316338334383519
26625,0.2988075251730258,0.2019953131136809,0.4991971617132934
26626,0.1671279864152666,0.0933484998057418,0.7395235137789917
26627,0.052322863899525396,0.08697333895358147,0.860703797146893
26628,0.0401216376400175,0.1358032684953459,0.8240750938646366
26629,0.03108929257463384,0.036610131475086946,0.9323005759502792
26630,0.0650063378531696,0.1395676827940987,0.7954259793527315
26631,0.037772400719661266,0.04608890729365426,0.9161386919866844
26632,0.2548647249846502,0.10723215061432315,0.6379031244010267
26633,0.041262856481263946,0.1786179785860468,0.7801191649326892
26634,0.06817804261396238,0.06117567530278466,0.8706462820832531
26635,0.07431292248739499,0.2946340394057354,0.6310530381068695
26636,0.045794134954847944,0.21507208118903587,0.7391337838561162
26637,0.017284569882486778,0.047831315013255174,0.934884115104258
26638,0.0541900212931065,0.6984310110427351,0.24737896766415837
26639,0.30629320775625263,0.2756658229117905,0.4180409693319569
26640,0.06190733133326552,0.1111328373077459,0.8269598313589885
26641,0.14290682342847627,0.6284941369096987,0.22859903966182507
26642,0.03179662704298617,0.07516325494852957,0.8930401180084845
26643,0.05561566600943002,0.09606845848931037,0.8483158755012596
26644,0.025405935870189578,0.07919860131973175,0.8953954628100786
26645,0.06765763475188317,0.11084425625781795,0.8214981089902988
26646,0.47813302698053606,0.1815513809601867,0.3403155920592773
26647,0.07498809054803791,0.12465252777833483,0.8003593816736272
26648,0.1070722137789798,0.532758465695414,0.3601693205256062
26649,0.045460720654064826,0.14021329079309083,0.8143259885528444
26650,0.5974214183768283,0.32068294822445953,0.08189563339871213
26651,0.29897116755645925,0.6325113906343924,0.06851744180914836
26652,0.2191871360325209,0.1424989969257981,0.638313867041681
26653,0.2601199121995708,0.11692672010903593,0.6229533676913933
26654,0.08888053053686287,0.42998773028031445,0.4811317391828226
26655,0.07581280177849817,0.25293663464198235,0.6712505635795195
26656,0.08654768122723278,0.16848840918001057,0.7449639095927566
26657,0.07781901942006172,0.25776038427531683,0.6644205963046214
26658,0.056533786420150424,0.25199999008023755,0.6914662234996121
26659,0.12975204931555662,0.4481112258395422,0.42213672484490133
26660,0.05830820421361432,0.13499621527844236,0.8066955805079434
26661,0.14196898583262926,0.08994741689211466,0.768083597275256
26662,0.02914735283903356,0.1922704325083832,0.7785822146525833
26663,0.09487054704030498,0.10926254502087737,0.7958669079388175
26664,0.07845165131869339,0.1552418073690588,0.7663065413122478
26665,0.19172499595627662,0.20879751804297153,0.5994774860007519
26666,0.07450677744113725,0.7024384932685304,0.22305472929033238
26667,0.03779702667500802,0.04421325188342289,0.9179897214415691
26668,0.10736290270945933,0.5378715470880546,0.35476555020248596
26669,0.11920562932052439,0.35255418976713415,0.5282401809123415
26670,0.414533824327776,0.27015373259245146,0.3153124430797726
26671,0.15096062345806255,0.10499641645885165,0.7440429600830859
26672,0.05955834824819213,0.06597351581654323,0.8744681359352645
26673,0.14963094188712642,0.16012983075830417,0.6902392273545694
26674,0.3754284444367914,0.11251835878030647,0.5120531967829021
26675,0.045495651216396316,0.0782222780654224,0.8762820707181813
26676,0.0493902412377906,0.10306596940761063,0.8475437893545988
26677,0.021181598915083692,0.06008864341199771,0.9187297576729186
26678,0.08345821860519873,0.22123465352140706,0.6953071278733943
26679,0.1561897503736917,0.11664859639492771,0.7271616532313806
26680,0.02300235836992805,0.03883183447611484,0.9381658071539573
26681,0.03135140277379693,0.05713502198029012,0.9115135752459128
26682,0.1348522702857661,0.2384437974507056,0.6267039322635284
26683,0.07165044230655572,0.4511041216344573,0.47724543605898695
26684,0.05567429884161018,0.13082394329159672,0.8135017578667931
26685,0.1941679425734287,0.12592303069844057,0.6799090267281308
26686,0.04125265146127638,0.162818167274908,0.7959291812638157
26687,0.10666726181234057,0.09285845966538821,0.8004742785222714
26688,0.24779082788023135,0.5735645287889535,0.17864464333081517
26689,0.050528392144915744,0.08622312861851558,0.8632484792365688
26690,0.04029076846117156,0.11219717673542466,0.8475120548034039
26691,0.048985499431135296,0.06636834211274639,0.8846461584561183
26692,0.025726295331555283,0.3126954644655111,0.6615782402029335
26693,0.2310137773945788,0.09648718926511812,0.672499033340303
26694,0.6035611896786125,0.3658525169720076,0.03058629334937991
26695,0.058023085659930564,0.08430692316901708,0.8576699911710521
26696,0.0838487035930229,0.08135332661524115,0.834797969791736
26697,0.0332142101278681,0.04297462742978172,0.9238111624423503
26698,0.06791045194464009,0.0719044156039939,0.8601851324513661
26699,0.09705913178632786,0.3158798967900743,0.5870609714235979
26700,0.07248992680256845,0.37318112015191185,0.5543289530455198
26701,0.11629609755529732,0.4215224911830918,0.46218141126161083
26702,0.07934322209086718,0.4032867854766075,0.5173699924325252
26703,0.06091304779944888,0.1334588206840323,0.8056281315165188
26704,0.052385753426499614,0.0673983585400375,0.8802158880334631
26705,0.04167096105375038,0.053853279625779724,0.90447575932047
26706,0.06355455311792738,0.10497800777495736,0.8314674391071153
26707,0.4481149938285414,0.08284684518174892,0.4690381609897096
26708,0.15197720613565108,0.17561418157505632,0.6724086122892925
26709,0.032271587129414546,0.036903046654504,0.9308253662160814
26710,0.10018160054582433,0.14827654928008868,0.7515418501740869
26711,0.2868334050546509,0.10213533455465337,0.6110312603906957
26712,0.0785530194377833,0.13163554080159767,0.7898114397606191
26713,0.09660449685938552,0.5676440905173824,0.33575141262323205
26714,0.05122277038277938,0.1111667732223639,0.8376104563948568
26715,0.059527763079099225,0.31705625775273644,0.6234159791681643
26716,0.14275464236890964,0.5919123389500314,0.2653330186810591
26717,0.046019962514955756,0.22543374622593398,0.7285462912591103
26718,0.12513137744057998,0.2214083894489091,0.653460233110511
26719,0.07989185154333353,0.2377819664794186,0.6823261819772478
26720,0.0517619927374323,0.13474245568014873,0.813495551582419
26721,0.0802617752740586,0.3477988934493479,0.5719393312765935
26722,0.1573233901592535,0.11437002465212212,0.7283065851886243
26723,0.07943115299919001,0.1271661130545982,0.7934027339462119
26724,0.09104992227739699,0.49263630763651267,0.4163137700860903
26725,0.01944506703799486,0.1801175190203739,0.8004374139416314
26726,0.1326790169410393,0.45708090788261907,0.41024007517634165
26727,0.029267878307146895,0.04590283445425677,0.9248292872385964
26728,0.06500308523342915,0.06682024791987032,0.8681766668467006
26729,0.13172271019501242,0.24075744745168665,0.6275198423533009
26730,0.15571034824304494,0.46624521176879663,0.3780444399881584
26731,0.08155032958330788,0.1279169555755964,0.7905327148410958
26732,0.2590320835673708,0.7217172203766409,0.01925069605598848
26733,0.05268747007979392,0.07426787903635196,0.873044650883854
26734,0.046458315327494885,0.16133464724552907,0.7922070374269762
26735,0.08128209706311783,0.14953639608692978,0.7691815068499525
26736,0.10211461203023367,0.14105509949742,0.7568302884723461
26737,0.08519533624029552,0.24661732629945138,0.6681873374602533
26738,0.04935514933189113,0.08900462995596402,0.8616402207121447
26739,0.5238463610635367,0.07878727663257278,0.39736636230389066
26740,0.04865757321233754,0.06270883719398154,0.888633589593681
26741,0.17089139841381842,0.7888977504825596,0.0402108511036219
26742,0.03649287074466506,0.1707635085554639,0.792743620699871
26743,0.13957005662107383,0.17613712461302486,0.6842928187659012
26744,0.1372902662705971,0.37033013362833633,0.49237960010106663
26745,0.05478912466024999,0.10011734889442747,0.8450935264453225
26746,0.20495487196579837,0.19727219396690507,0.5977729340672966
26747,0.04023458879591959,0.2674301767464994,0.692335234457581
26748,0.17156130895453844,0.4723127563147278,0.35612593473073373
26749,0.10236776043765747,0.23216005066756223,0.6654721888947803
26750,0.06296977381397798,0.10193211339335799,0.8350981127926641
26751,0.0363436065258023,0.1195895852241946,0.8440668082500032
26752,0.06539093948073857,0.5774700904772954,0.3571389700419661
26753,0.07726361762830479,0.0882115281019964,0.8345248542696988
26754,0.07605354874388529,0.046056116935671645,0.8778903343204432
26755,0.03447791622418321,0.06675789896384958,0.8987641848119672
26756,0.106619730492343,0.08077918453258698,0.8126010849750699
26757,0.16170369139475338,0.13150752068177374,0.7067887879234729
26758,0.07443296299276966,0.2429697584621851,0.6825972785450451
26759,0.08176732693770039,0.27036775864320717,0.6478649144190924
26760,0.1542526491295088,0.3529225902408074,0.49282476062968383
26761,0.06351020249353588,0.11667613172085418,0.8198136657856099
26762,0.07927644001331662,0.11519865948111577,0.8055249005055677
26763,0.03632518742757742,0.08932945170495452,0.8743453608674681
26764,0.08539595321816326,0.1596976684416666,0.75490637834017
26765,0.11429228843383277,0.12001524094175078,0.7656924706244166
26766,0.08105136430217764,0.3808020993569144,0.538146536340908
26767,0.09577799026190066,0.22008200689410612,0.6841400028439932
26768,0.03476968129696443,0.9540652645509999,0.011165054152035654
26769,0.15465634128611375,0.2791159060227115,0.5662277526911749
26770,0.06504223710268328,0.28368227195800155,0.6512754909393151
26771,0.12455418715802265,0.8270564484141572,0.04838936442782016
26772,0.6825011666411258,0.07032284088443211,0.24717599247444202
26773,0.0762774025775852,0.058846304902236204,0.8648762925201785
26774,0.07600383939172858,0.15210464869590196,0.7718915119123694
26775,0.05345146677448329,0.26027585300387457,0.6862726802216421
26776,0.06701388908688549,0.1263697615011454,0.806616349411969
26777,0.04012390412583247,0.05851631131387615,0.9013597845602914
26778,0.052339101885953435,0.08555490948060729,0.8621059886334393
26779,0.043690347230618945,0.07961034527604079,0.8766993074933402
26780,0.04056295259635137,0.0895513511935135,0.8698856962101351
26781,0.065095583245073,0.10503793007633952,0.8298664866785875
26782,0.03985912582861475,0.06409238460703373,0.8960484895643516
26783,0.17887337838848616,0.2589660123518477,0.5621606092596663
26784,0.12775933885057286,0.5430366578818858,0.3292040032675412
26785,0.06574107853415997,0.1695019693066121,0.7647569521592279
26786,0.5803638232433939,0.07059438075136748,0.34904179600523844
26787,0.023296085619603134,0.03287135687062938,0.9438325575097674
26788,0.1436618706519412,0.20341774053717637,0.6529203888108823
26789,0.16933769650503977,0.31358718263489255,0.5170751208600677
26790,0.04143525466038655,0.10344779846757224,0.8551169468720412
26791,0.048305885219605646,0.0637693775045362,0.8879247372758583
26792,0.1264421381685011,0.13283342213157287,0.740724439699926
26793,0.05062104998794503,0.14719033762980754,0.8021886123822473
26794,0.05282403613927124,0.13954110673613876,0.8076348571245902
26795,0.07671403329223134,0.24497906214409562,0.678306904563673
26796,0.04246501754615242,0.9547646317279994,0.0027703507258482357
26797,0.05940089628296765,0.39826385266423747,0.5423352510527949
26798,0.3989054995150322,0.14444772085937962,0.4566467796255882
26799,0.1318757607307562,0.160508468701241,0.7076157705680027
26800,0.02796541199129495,0.9634080349162064,0.008626553092498717
26801,0.10651787129732651,0.5047734326176746,0.3887086960849988
26802,0.12707413613530866,0.10973672718098804,0.7631891366837034
26803,0.06758020474444658,0.13617334825401942,0.796246447001534
26804,0.05424812816126869,0.13713588196748006,0.8086159898712513
26805,0.026709956532744127,0.06568962483794963,0.9076004186293062
26806,0.07332350073845104,0.13321277852458022,0.7934637207369687
26807,0.06431331397728485,0.1158241102404685,0.8198625757822466
26808,0.05742161893400438,0.18877837166185446,0.7538000094041413
26809,0.07599307662627354,0.18348693596576912,0.7405199874079573
26810,0.03520181340678451,0.23586655023583453,0.728931636357381
26811,0.024175332770899883,0.03868100839710414,0.9371436588319959
26812,0.08466487675486314,0.0942261111351981,0.8211090121099389
26813,0.08415430664132864,0.4645914951251238,0.45125419823354757
26814,0.10297245466177844,0.14271666993609577,0.7543108754021257
26815,0.10055599909641082,0.1401998031670127,0.7592441977365765
26816,0.06955281885089462,0.3565283457231316,0.5739188354259738
26817,0.08100465567977777,0.03943372093251984,0.8795616233877024
26818,0.1054285164679503,0.07107460732505567,0.823496876206994
26819,0.10321049179414125,0.24335106595517209,0.6534384422506867
26820,0.08925247201816114,0.8991289581783521,0.011618569803486528
26821,0.05291595333359687,0.9416705329224804,0.005413513743922738
26822,0.11103899853874918,0.2638466087655334,0.6251143926957174
26823,0.022577369004453597,0.049572798272008264,0.9278498327235383
26824,0.07545779081156123,0.0528247815935497,0.8717174275948892
26825,0.03014826369810089,0.06554462368410906,0.90430711261779
26826,0.04965350797041046,0.06838033871029568,0.8819661533192938
26827,0.07822917817376282,0.09815447758233223,0.8236163442439051
26828,0.03901139912245961,0.09724765953957304,0.8637409413379673
26829,0.044158628977745765,0.15247934354764345,0.8033620274746107
26830,0.044313760725901374,0.08421267359317937,0.8714735656809193
26831,0.03808758779626194,0.07378698601737473,0.8881254261863635
26832,0.025667481641379906,0.0336601330321309,0.9406723853264891
26833,0.06669419520496658,0.09457247891125854,0.8387333258837748
26834,0.044616640026677284,0.10707519627153675,0.848308163701786
26835,0.6314432119399062,0.10212496905150822,0.2664318190085856
26836,0.1687102398902255,0.48720700014258844,0.3440827599671862
26837,0.07578572173724032,0.035365631543048746,0.888848646719711
26838,0.12148127689721211,0.34307953118902673,0.5354391919137612
26839,0.7074088866106705,0.06619600001836982,0.22639511337095977
26840,0.10137140772709836,0.38518424168364185,0.5134443505892597
26841,0.025787285208065225,0.04518330833875604,0.9290294064531788
26842,0.03813765244430017,0.14158732795259427,0.8202750196031057
26843,0.12425044476735272,0.091657335278513,0.7840922199541343
26844,0.18227655396517523,0.46290835535507213,0.3548150906797526
26845,0.5972804415554794,0.040580145048041055,0.3621394133964796
26846,0.058116875843895785,0.11076666378237472,0.8311164603737294
26847,0.07508702499009169,0.25157713002832105,0.6733358449815873
26848,0.08882357486658685,0.061459653766034225,0.8497167713673788
26849,0.20913605456904047,0.08655699080720311,0.7043069546237565
26850,0.07361961903537981,0.2829742908573668,0.6434060901072534
26851,0.1263642505705693,0.1701293074438459,0.7035064419855848
26852,0.1350210193029502,0.625923954826635,0.2390550258704148
26853,0.06020644281708161,0.05968649838956088,0.8801070587933575
26854,0.05527435213123967,0.9367324941807466,0.007993153688013743
26855,0.07872872228590026,0.3100873494454479,0.6111839282686519
26856,0.11198443511069049,0.08263406376909148,0.8053815011202181
26857,0.107157110509665,0.24864070341319736,0.6442021860771376
26858,0.06206203239485629,0.7223855787296495,0.21555238887549413
26859,0.06951546577380571,0.5588813109964585,0.3716032232297358
26860,0.07158598053708518,0.5477809908703565,0.38063302859255826
26861,0.15449031675587555,0.23007038945757197,0.6154392937865525
26862,0.08987730573318059,0.29292451981167633,0.6171981744551431
26863,0.035410306665787,0.09379435142534037,0.8707953419088726
26864,0.0405114125674679,0.37921190275502464,0.5802766846775074
26865,0.08183533514354761,0.08935778962328439,0.8288068752331679
26866,0.01977407567698136,0.09281762268792988,0.8874083016350888
26867,0.03979168750127649,0.05458484266777704,0.9056234698309463
26868,0.033414872863744435,0.11195461825913162,0.854630508877124
26869,0.02084316444004306,0.02058676972963657,0.9585700658303205
26870,0.026626290645410895,0.8587992947026892,0.11457441465189985
26871,0.09482940826813314,0.09095594643750346,0.8142146452943635
26872,0.06899375795682504,0.1677469129125627,0.7632593291306123
26873,0.07569216971056282,0.18628636863317174,0.7380214616562654
26874,0.08538476230610467,0.3424724633290581,0.5721427743648373
26875,0.06193481558996059,0.26011023557201485,0.6779549488380245
26876,0.06167201644239208,0.08222856605705675,0.856099417500551
26877,0.07733025778299688,0.11807633329053932,0.8045934089264639
26878,0.10672506450192568,0.17014486476555538,0.723130070732519
26879,0.09303783887525949,0.20897324596269967,0.6979889151620408
26880,0.3333017154234515,0.08416466558917303,0.5825336189873754
26881,0.034468613631754755,0.13130471621527323,0.834226670152972
26882,0.29999229132516336,0.11027333416151026,0.5897343745133263
26883,0.05890256268244015,0.07431141136251587,0.866786025955044
26884,0.07548508355111122,0.30506994914722685,0.619444967301662
26885,0.23557387209709932,0.1799421913326406,0.5844839365702601
26886,0.0746591352255806,0.08857879063162319,0.8367620741427964
26887,0.029768159249649283,0.11585734744578817,0.8543744933045627
26888,0.13381807625477338,0.20556201256247292,0.6606199111827538
26889,0.042870637113855435,0.09898149762520655,0.858147865260938
26890,0.04420068106065898,0.15577644681159403,0.8000228721277469
26891,0.06286691137112786,0.5074735799602932,0.429659508668579
26892,0.09968775482985823,0.22633974152605604,0.6739725036440858
26893,0.05909294220124704,0.06747865221285522,0.8734284055858976
26894,0.06332713481231392,0.07446760718007557,0.8622052580076106
26895,0.1397416946171353,0.352422511299822,0.5078357940830428
26896,0.0733165238858676,0.19754253955162465,0.7291409365625078
26897,0.07752556307262203,0.19899269893242758,0.7234817379949504
26898,0.043095862286252604,0.05901032665451276,0.8978938110592345
26899,0.09548982443121133,0.15736118105668345,0.7471489945121051
26900,0.0692601311736049,0.2229054945262642,0.707834374300131
26901,0.056569789055478326,0.23170213644343804,0.7117280745010837
26902,0.030292438374504398,0.03902140014270517,0.9306861614827904
26903,0.08080845522241145,0.2537245113854102,0.6654670333921784
26904,0.518264992360732,0.4689157250653371,0.012819282573930963
26905,0.06655652592099633,0.08028177832715422,0.8531616957518494
26906,0.02138787469621822,0.0341672815698024,0.9444448437339794
26907,0.1744620469949844,0.1097774675006625,0.715760485504353
26908,0.09093034682850315,0.1360969497736333,0.7729727033978635
26909,0.034232926902631855,0.6585327524612306,0.3072343206361376
26910,0.08542627608466931,0.2986816249998566,0.615892098915474
26911,0.0843857986831681,0.14449838207748783,0.7711158192393441
26912,0.03616701319227909,0.0714241904203011,0.8924087963874199
26913,0.24527878855777968,0.14869459222456355,0.6060266192176568
26914,0.078190338122689,0.1685953407369007,0.7532143211404103
26915,0.15262779083500705,0.11187579377720433,0.7354964153877886
26916,0.09457329279487794,0.8980555908622254,0.007371116342896831
26917,0.04105938545503078,0.09621597062418176,0.8627246439207873
26918,0.0959383290574667,0.16576259745833571,0.7382990734841977
26919,0.4151318372063404,0.14410759387824768,0.4407605689154119
26920,0.07344910434998478,0.3365103003150771,0.5900405953349381
26921,0.02432132539770377,0.7409515634426668,0.23472711115962946
26922,0.05867731642731069,0.3917764348874475,0.5495462486852418
26923,0.0457845935028619,0.0920029484217035,0.8622124580754346
26924,0.08833519335808863,0.08740892084789435,0.8242558857940171
26925,0.08266153319689842,0.05921672766156266,0.858121739141539
26926,0.15017961566842067,0.30140422002608924,0.5484161643054901
26927,0.05681120682754901,0.08677212556444167,0.8564166676080094
26928,0.054989825651566224,0.9358790916672488,0.009131082681184914
26929,0.050737478911508746,0.1267389008753586,0.8225236202131325
26930,0.057997139855363054,0.5917171407040713,0.35028571944056563
26931,0.22681777720979487,0.7568443072538964,0.016337915536308693
26932,0.06670427016100902,0.686841914797592,0.246453815041399
26933,0.3383537114456331,0.19188506240039357,0.4697612261539734
26934,0.07623573051233734,0.10083445365374102,0.8229298158339216
26935,0.07997540827825575,0.14029927919351864,0.7797253125282255
26936,0.06225563635438006,0.07300442431036189,0.8647399393352581
26937,0.07674329373471458,0.28879657393202013,0.6344601323332654
26938,0.16058212459472815,0.8164895395652907,0.022928335839981225
26939,0.5412252854802151,0.4447606650158109,0.014014049503973978
26940,0.07513968008558303,0.1317689186469214,0.7930914012674956
26941,0.07706350026364106,0.1639810245001137,0.7589554752362452
26942,0.14322264616258268,0.17386065534224632,0.6829166984951709
26943,0.056218731213333026,0.3435853750866929,0.6001958936999741
26944,0.06310169424702544,0.06056414553447882,0.8763341602184956
26945,0.15133005391914606,0.4795368941030387,0.36913305197781526
26946,0.06609825442484543,0.07233861432831727,0.8615631312468374
26947,0.0699165288397812,0.37992067862177537,0.5501627925384435
26948,0.09206760039895605,0.2954660004455215,0.6124663991555225
26949,0.40220375939360664,0.13691801817106047,0.46087822243533294
26950,0.17459564653078335,0.21029259989536447,0.6151117535738522
26951,0.33196479706309256,0.3271554553183155,0.34087974761859186
26952,0.10107310151903,0.21571832966453627,0.6832085688164338
26953,0.08260512768827631,0.029241764945969962,0.8881531073657536
26954,0.01902601727707226,0.0661405618918767,0.9148334208310512
26955,0.05085303135204546,0.4342825971219212,0.5148643715260335
26956,0.16591771625310242,0.22249242079083706,0.6115898629560607
26957,0.5526094263812658,0.136691431812452,0.3106991418062822
26958,0.23191696905044198,0.14758335283076895,0.6204996781187889
26959,0.04632904044883512,0.21206545888863446,0.7416055006625303
26960,0.07376292802504594,0.14077238597038705,0.785464686004567
26961,0.04805726404217173,0.07261008903429976,0.8793326469235285
26962,0.03562155894921225,0.6864031960616128,0.27797524498917503
26963,0.2310137773945788,0.09648718926511812,0.672499033340303
26964,0.15090710237631216,0.10646331422826964,0.7426295833954183
26965,0.07584426710405102,0.4661568731003742,0.4579988597955749
26966,0.0733165238858676,0.19754253955162465,0.7291409365625078
26967,0.048401049839422526,0.08821116769384711,0.8633877824667303
26968,0.11561086699896161,0.09144357721783623,0.7929455557832021
26969,0.030794285094101415,0.07405549571926429,0.8951502191866345
26970,0.08835063328851367,0.08836431965605518,0.8232850470554312
26971,0.08330776088664796,0.2487493856544125,0.6679428534589394
26972,0.1337700777515778,0.2837496340319162,0.5824802882165059
26973,0.0569387480254409,0.17171462646822377,0.7713466255063353
26974,0.06649916258156031,0.054309914129189174,0.8791909232892505
26975,0.06074028111356009,0.08017509921328496,0.859084619673155
26976,0.13582475959131973,0.834663771967915,0.029511468440765222
26977,0.09588110003765683,0.23146561669758592,0.6726532832647573
26978,0.0372306602829677,0.14903600978423032,0.813733329932802
26979,0.05641845935245008,0.3226993838791317,0.6208821567684183
26980,0.04444622608768136,0.06080948291534446,0.8947442909969741
26981,0.11244554138208163,0.21477551813434306,0.6727789404835753
26982,0.04852309606219279,0.1112570897090965,0.8402198142287107
26983,0.09456733342360604,0.21026441490138464,0.6951682516750094
26984,0.06717470657324294,0.11338857234764106,0.8194367210791158
26985,0.14696492461615057,0.21366892020933198,0.6393661551745176
26986,0.06309423891618961,0.05654901121960295,0.8803567498642074
26987,0.12501173678332458,0.40166183432223546,0.4733264288944398
26988,0.15156706038223722,0.40856730255030016,0.4398656370674626
26989,0.06667333369665607,0.28458723074740705,0.6487394355559368
26990,0.05537869109372018,0.09929831168160738,0.8453229972246724
26991,0.05042848822287564,0.10133806008933417,0.8482334516877904
26992,0.10120193035596703,0.34987475342400687,0.5489233162200262
26993,0.08401201442476801,0.14333795949795602,0.772650026077276
26994,0.10313846038701473,0.15557534695868588,0.7412861926542993
26995,0.06919882589130863,0.3413897817005813,0.58941139240811
26996,0.03742739390085671,0.1097602785631164,0.8528123275360269
26997,0.26327434447407844,0.4094358827261059,0.3272897727998157
26998,0.30153957528308245,0.09433048920804525,0.6041299355088723
26999,0.3118611425126178,0.11217544049968058,0.5759634169877016
27000,0.05560150347123823,0.5108478518777939,0.4335506446509679
27001,0.04493071710723708,0.3826451452359144,0.5724241376568485
27002,0.062134139955365486,0.3052769599241742,0.6325889001204603
27003,0.11215719601879078,0.11183250223148429,0.7760103017497249
27004,0.06489537147797643,0.12159456057199718,0.8135100679500263
27005,0.06168522377629291,0.3794226163139949,0.5588921599097123
27006,0.07161599961230918,0.10318551551571611,0.8251984848719747
27007,0.07074365563741848,0.7813886953616478,0.14786764900093366
27008,0.06641304015354743,0.1916472084617416,0.741939751384711
27009,0.042410034330714455,0.19826146111664072,0.7593285045526447
27010,0.036463335774312884,0.09278895884602911,0.8707477053796581
27011,0.1531850893387315,0.5129504375615548,0.3338644730997137
27012,0.058256191085874307,0.09110646072166251,0.8506373481924632
27013,0.3055142682413615,0.11996438696628912,0.5745213447923494
27014,0.09400405141962245,0.5062078274765374,0.39978812110384015
27015,0.11727793801722616,0.3156687414770657,0.5670533205057081
27016,0.04677389794644824,0.07369313506513543,0.8795329669884164
27017,0.07774622983344795,0.14440278942271706,0.7778509807438351
27018,0.06808554655327226,0.12916122228540405,0.8027532311613237
27019,0.10942627148150046,0.15546513928521652,0.7351085892332831
27020,0.06645984252980965,0.418488144206065,0.5150520132641253
27021,0.06672831493484835,0.3692352000877997,0.564036484977352
27022,0.07397930579503967,0.26703228911204535,0.6589884050929149
27023,0.1171613822112422,0.4956048354950318,0.38723378229372607
27024,0.06705494852243915,0.17435115380397984,0.7585938976735811
27025,0.19159819817208956,0.0961500176869294,0.712251784140981
27026,0.03869866549063109,0.11637633283163881,0.8449250016777302
27027,0.10495843073319051,0.056218349789113754,0.8388232194776958
27028,0.2529298889741008,0.11362196614613333,0.6334481448797658
27029,0.05766491080747449,0.11083182548103161,0.8315032637114939
27030,0.15741148662313964,0.5072828864501593,0.33530562692670113
27031,0.6284388737747701,0.16242149688138033,0.2091396293438495
27032,0.29867731275287135,0.10934170324685064,0.591980984000278
27033,0.05502604172757428,0.06543856766303252,0.8795353906093932
27034,0.060245303922126445,0.09268377814611513,0.8470709179317584
27035,0.6177879120415042,0.10230291987481077,0.27990916808368504
27036,0.057974917836982096,0.04542643084199668,0.8965986513210211
27037,0.18085911900946922,0.16026079418589026,0.6588800868046405
27038,0.058087856450446076,0.0633502252182026,0.8785619183313514
27039,0.19786885739921875,0.14354204794811765,0.6585890946526637
27040,0.06266227415031514,0.08048187070670473,0.8568558551429802
27041,0.023410627722649575,0.02706482527276551,0.9495245470045848
27042,0.28934368189076765,0.6926477697292397,0.01800854837999274
27043,0.08791528254035443,0.10070819769129677,0.8113765197683488
27044,0.054160864349039294,0.12900364486517973,0.8168354907857809
27045,0.08024298966507515,0.10657491353158285,0.813182096803342
27046,0.0228006938364817,0.04502603098064831,0.9321732751828702
27047,0.09057775371608831,0.47479090032625404,0.4346313459576576
27048,0.18788200869459032,0.8047059356934809,0.0074120556119286266
27049,0.0879720032252295,0.4349493512733753,0.4770786455013951
27050,0.037104614701111704,0.08066449140898095,0.8822308938899074
27051,0.10096282688851814,0.2868627189654779,0.6121744541460038
27052,0.024923053267417315,0.07363643169787516,0.9014405150347076
27053,0.04078759126622257,0.1893549552638252,0.7698574534699522
27054,0.09003207969500866,0.11243936156897508,0.7975285587360164
27055,0.1477712207295713,0.834781313224742,0.017447466045686595
27056,0.25409416802613094,0.7326111848946086,0.013294647079260518
27057,0.03786647483570645,0.2040490683336466,0.7580844568306468
27058,0.140419577426951,0.12406146482242104,0.735518957750628
27059,0.05561489703751269,0.08237987219925294,0.8620052307632345
27060,0.05735895820077787,0.15137602375148296,0.7912650180477393
27061,0.41253826679355343,0.13854400557119376,0.4489177276352529
27062,0.12493397995046054,0.09454726727202246,0.7805187527775169
27063,0.06283480826878321,0.0806778811312265,0.8564873105999903
27064,0.025252405073492558,0.025179275151150975,0.9495683197753564
27065,0.04880752602480411,0.3372217933128113,0.6139706806623846
27066,0.03973560007280268,0.05786489097983484,0.9023995089473624
27067,0.04854542555729875,0.1180042450699165,0.8334503293727847
27068,0.3889909821413121,0.12764685430839406,0.4833621635502938
27069,0.027912352084497345,0.047570398096858715,0.924517249818644
27070,0.03725298914904709,0.04337987349370949,0.9193671373572434
27071,0.05137985946606296,0.07246733730618468,0.8761528032277525
27072,0.08422342209488932,0.31286485066549713,0.6029117272396135
27073,0.1138668000622263,0.16451965393106754,0.7216135460067062
27074,0.10213570969959078,0.30716721560660226,0.590697074693807
