index,0,1,2
26457,0.0711458713492989,0.12685098334033673,0.8020031453103644
26458,0.24574032769414977,0.1945947389689857,0.5596649333368645
26459,0.04696869543764636,0.05543207447119439,0.8975992300911593
26460,0.101192010560633,0.10587884381632205,0.7929291456230448
26461,0.08947469332443846,0.24376939078746826,0.6667559158880934
26462,0.054911015168073334,0.11009454511202499,0.8349944397199017
26463,0.2914016395536477,0.690257614964137,0.018340745482215277
26464,0.08526802036343005,0.1497417864216624,0.7649901932149077
26465,0.02547819664290152,0.06120380738383699,0.9133179959732615
26466,0.03221536941287428,0.4611637168144412,0.5066209137726845
26467,0.20537734116831424,0.133507905238869,0.6611147535928167
26468,0.04313257509258062,0.06905479014692699,0.8878126347604925
26469,0.5883296198741322,0.10075210102287503,0.31091827910299286
26470,0.1001918208949241,0.11754190957136192,0.782266269533714
26471,0.07187371618489947,0.06661603488855047,0.86151024892655
26472,0.2078316967021885,0.19988929052081686,0.5922790127769947
26473,0.08807124316959006,0.07330107760893365,0.8386276792214763
26474,0.21425311412504364,0.7697383594985755,0.01600852637638077
26475,0.2974051661142626,0.2365492173147701,0.4660456165709672
26476,0.04329414005856552,0.09673357719243438,0.8599722827490001
26477,0.11942530536274819,0.18540343991905583,0.695171254718196
26478,0.03625178707479055,0.06297237379321555,0.9007758391319939
26479,0.06848541865622033,0.12446681567052136,0.8070477656732584
26480,0.06384904850600989,0.07947995642689275,0.8566709950670975
26481,0.10231791385208693,0.2691741434806273,0.6285079426672856
26482,0.09003944828405193,0.05810729627989151,0.8518532554360565
26483,0.035236610359522,0.08595578020166363,0.8788076094388143
26484,0.13492626411141087,0.08031142618230336,0.7847623097062858
26485,0.047505136975607806,0.05378535989387172,0.8987095031305204
26486,0.08560557764148492,0.14496592462779742,0.7694284977307176
26487,0.06073038741088746,0.07991438225158715,0.8593552303375255
26488,0.2819790376668086,0.6646543640545755,0.05336659827861611
26489,0.046626399717362314,0.20678813494566964,0.7465854653369681
26490,0.09061643697665715,0.19780598872013086,0.7115775743032121
26491,0.041085390671905135,0.07653151666064441,0.8823830926674504
26492,0.07129025932587356,0.19217080822482344,0.7365389324493029
26493,0.2937543913252049,0.7022782096985455,0.003967398976249628
26494,0.1204315016418721,0.2148045863415513,0.6647639120165766
26495,0.01740414375791325,0.02875724017904098,0.9538386160630457
26496,0.08395587921081936,0.23274819509926203,0.6832959256899187
26497,0.04537668873157426,0.8410484710489459,0.11357484021947985
26498,0.2047165070173732,0.49120593158725945,0.3040775613953674
26499,0.062228017941534514,0.11869281369115811,0.8190791683673075
26500,0.060235961086257374,0.4020587478002018,0.5377052911135408
26501,0.10950035320780492,0.20925814964502207,0.6812414971471729
26502,0.03478479889493374,0.05489339797085471,0.9103218031342116
26503,0.1270063437834548,0.5617458787464722,0.31124777747007304
26504,0.10689771999088346,0.15304495320124303,0.7400573268078735
26505,0.04766230687146637,0.06795675015900354,0.8843809429695302
26506,0.079762947691838,0.8981202549225764,0.022116797385585384
26507,0.14287614124009437,0.8439599761888263,0.0131638825710794
26508,0.10615442875490776,0.39733841401324893,0.4965071572318433
26509,0.12489542735800262,0.13794450428878033,0.7371600683532169
26510,0.06047302646741543,0.23753505689812612,0.7019919166344585
26511,0.05012010070045847,0.07760997112041494,0.8722699281791265
26512,0.1403128294900059,0.1557821092441549,0.7039050612658394
26513,0.0545433132153319,0.18898329240197811,0.7564733943826899
26514,0.05768988191142548,0.06921587045895397,0.8730942476296206
26515,0.41586413080229556,0.06000112319394848,0.524134746003756
26516,0.048488284123169904,0.296300012673014,0.655211703203816
26517,0.25642346183625997,0.7291703034773847,0.014406234686355286
26518,0.06146081290492147,0.09198171878505139,0.8465574683100272
26519,0.4480216487066325,0.14842916742465484,0.4035491838687126
26520,0.038601674065063867,0.8376130982558668,0.12378522767906909
26521,0.05546577337405658,0.2171065428423695,0.7274276837835739
26522,0.10574958730767765,0.13948717193591958,0.7547632407564028
26523,0.09283472503042826,0.260800020174634,0.6463652547949379
26524,0.026278437558780853,0.10553466426678432,0.8681868981744347
26525,0.2895689328516932,0.2210647970475599,0.48936627010074696
26526,0.06158140191257991,0.0847426023238066,0.8536759957636135
26527,0.10000332532537409,0.18524309635939212,0.7147535783152338
26528,0.15326767875417036,0.8296023096988729,0.017130011546956866
26529,0.32971689424109735,0.06640580171155973,0.6038773040473429
26530,0.07055525422090961,0.05900140429057672,0.8704433414885138
26531,0.05037237079355128,0.12016537383990061,0.8294622553665483
26532,0.1375342048077852,0.11482608980371092,0.747639705388504
26533,0.0479572536390872,0.07852206777464224,0.8735206785862707
26534,0.07256496682984477,0.1591177618311526,0.7683172713390025
26535,0.049651840016385805,0.12643502346624544,0.8239131365173687
26536,0.08194895487652344,0.26865050774455995,0.6494005373789166
26537,0.0493611363279482,0.04572971515746191,0.90490914851459
26538,0.04457036896353767,0.4519156420033964,0.503513989033066
26539,0.03439866551222553,0.11588343192356919,0.8497179025642052
26540,0.0907444610959165,0.6522086480816338,0.2570468908224497
26541,0.08390765136499266,0.1266087986092952,0.7894835500257122
26542,0.06017798920041821,0.19526438133651747,0.7445576294630644
26543,0.04212300809001445,0.08088662560064189,0.8769903663093437
26544,0.11187523525494995,0.17314264539559976,0.7149821193494502
26545,0.1229721033044031,0.24030234165661002,0.6367255550389869
26546,0.06316019190999507,0.11400041986241873,0.8228393882275863
26547,0.044516465962905996,0.06178570946939502,0.893697824567699
26548,0.04579694708889029,0.03355301521391348,0.9206500376971962
26549,0.17132333575703002,0.8191940868520344,0.009482577390935486
26550,0.07279056677787774,0.22047359553735954,0.7067358376847628
26551,0.05290934262787332,0.19413705276151144,0.7529536046106152
26552,0.0365662214048354,0.22089626092762388,0.7425375176675406
26553,0.036717879248407546,0.07635963472083723,0.8869224860307553
26554,0.10949788837423925,0.3741022580248542,0.5163998536009066
26555,0.06300880702012568,0.07259666184840145,0.8643945311314728
26556,0.0646517578982175,0.16814071984653867,0.7672075222552439
26557,0.048431146536367466,0.09748364015406459,0.854085213309568
26558,0.36777366759300184,0.1448515044580323,0.4873748279489659
26559,0.26877466850118836,0.1703041092132258,0.5609212222855858
26560,0.06826437943614655,0.2696370327368293,0.6620985878270241
26561,0.03845662540205282,0.18580766684979635,0.7757357077481508
26562,0.06211886247105716,0.0655409010123038,0.8723402365166391
26563,0.04846091619933795,0.1389987438972397,0.8125403399034223
26564,0.037705867278368804,0.13376799219615207,0.8285261405254792
26565,0.10451263400021645,0.36639600604345895,0.5290913599563246
26566,0.17367371106203364,0.1351524889300439,0.6911738000079225
26567,0.05391422936263137,0.1704544433130332,0.7756313273243354
26568,0.41932084775498224,0.5481485925087289,0.032530559736288746
26569,0.04948031045693047,0.0924796457489378,0.8580400437941318
26570,0.10029919594360143,0.2927259188161511,0.6069748852402475
26571,0.0381786726667227,0.07811460932346569,0.8837067180098116
26572,0.05359907101482039,0.21134355586026266,0.735057373124917
26573,0.05735457662761966,0.2211620502646981,0.7214833731076822
26574,0.13204544315805544,0.10603641595690093,0.7619181408850437
26575,0.05983027735350174,0.12668005304511537,0.8134896696013829
26576,0.15455282324797942,0.08617440004563934,0.7592727767063814
26577,0.07761680549916634,0.11684812358434402,0.8055350709164896
26578,0.18164776193242696,0.25058976783441334,0.5677624702331596
26579,0.14349975339634546,0.8483182307371302,0.008182015866524443
26580,0.07286243416345273,0.11195795561785316,0.8151796102186939
26581,0.07440146155074107,0.16656505086914103,0.7590334875801179
26582,0.01244200221933549,0.03288454568315934,0.9546734520975051
26583,0.058200004838841364,0.09754270603257588,0.8442572891285828
26584,0.10090879085587216,0.16833380980234514,0.7307573993417829
26585,0.13766610099586932,0.39967561799759377,0.4626582810065369
26586,0.3301571287717098,0.3730586862159822,0.29678418501230797
26587,0.2142459245041753,0.32748009729189503,0.45827397820392973
26588,0.07698277148995732,0.23276910038180712,0.6902481281282355
26589,0.12417700989693498,0.11449847684561387,0.7613245132574512
26590,0.05833390268708511,0.5776276348460677,0.36403846246684723
26591,0.2837856334263605,0.6974550813835496,0.018759285190089996
26592,0.43807814011858554,0.05819999901325514,0.5037218608681594
26593,0.07922430489204409,0.17751645970929028,0.7432592353986657
26594,0.17376502727178125,0.08475369654965872,0.7414812761785601
26595,0.025750082994014788,0.06358308670072395,0.9106668303052612
26596,0.08158179645377549,0.13554761365379978,0.7828705898924248
26597,0.23889431546972537,0.38940828839252634,0.3716973961377482
26598,0.12611731120730915,0.20284852120004285,0.6710341675926481
26599,0.0349877509639241,0.059207310564759814,0.9058049384713158
26600,0.052730697707680574,0.1020038822113969,0.8452654200809224
26601,0.07781392253042962,0.18145066269681845,0.740735414772752
26602,0.09308229535073016,0.16473822391771217,0.7421794807315577
26603,0.0762017613224048,0.09726545677946424,0.8265327818981308
26604,0.06441518356794038,0.09307626133576279,0.842508555096297
26605,0.09961888878843994,0.19858896186930608,0.701792149342254
26606,0.17378641217822077,0.37995392625930635,0.44625966156247293
26607,0.08531881614149882,0.8846307195533178,0.03005046430518321
26608,0.020478562987651105,0.10437621528958041,0.8751452217227687
26609,0.05974246185558792,0.10427063863036054,0.8359868995140516
26610,0.3753981986285165,0.5709853389202804,0.053616462451203065
26611,0.10504024754731604,0.20832438595169886,0.6866353665009851
26612,0.08344816849282245,0.30574415335510857,0.6108076781520689
26613,0.12655293141660104,0.1415225326731825,0.7319245359102164
26614,0.06152128559025317,0.07772873062703776,0.860749983782709
26615,0.07843149476338764,0.12822009502256468,0.7933484102140476
26616,0.046868157685026765,0.08737350762422168,0.8657583346907515
26617,0.11403350530601628,0.1374734728029417,0.7484930218910418
26618,0.12422283507072929,0.22080582988777875,0.654971335041492
26619,0.162499791824428,0.15729218515603094,0.680208023019541
26620,0.48239583488036925,0.49472868119730296,0.022875483922327914
26621,0.0370279685926576,0.06799500765918014,0.8949770237481622
26622,0.157933263450255,0.456925020554174,0.38514171599557107
26623,0.045840871503712105,0.5056368808208359,0.44852224767545185
26624,0.09118161679814342,0.1702340142827018,0.7385843689191547
26625,0.31364789362697004,0.20133839115470728,0.48501371521832265
26626,0.17003760447894103,0.09063879059208174,0.7393236049289773
26627,0.05658266935129404,0.10137558091025842,0.8420417497384475
26628,0.0473400111662422,0.14967951205539884,0.8029804767783589
26629,0.034210062009839934,0.03988413714258652,0.9259058008475735
26630,0.06559795350483498,0.13104051316424667,0.8033615333309183
26631,0.047986345042835964,0.05396656947712555,0.8980470854800386
26632,0.2661300353066684,0.11542552620375254,0.6184444384895791
26633,0.0393664352506716,0.16378295634886308,0.7968506084004653
26634,0.062623986013631,0.05185379797649615,0.885522216009873
26635,0.07775904947690483,0.28898629742146864,0.6332546531016265
26636,0.04904429592840633,0.20298593805437812,0.7479697660172154
26637,0.014692427715423572,0.04321723218824105,0.9420903400963354
26638,0.055261918247932786,0.6779958319680932,0.26674224978397415
26639,0.2831956506871282,0.2893385757659032,0.4274657735469685
26640,0.06226146878697014,0.10326025925632756,0.8344782719567022
26641,0.15176370386308308,0.628500438735831,0.21973585740108598
26642,0.027443725558474297,0.065137786647799,0.9074184877937267
26643,0.05905856720237233,0.09013989449676192,0.8508015383008658
26644,0.027425439161445287,0.08557606350743302,0.8869984973311218
26645,0.06795191623951678,0.10787514329579713,0.824172940464686
26646,0.4633293659555242,0.18167964652300161,0.35499098752147423
26647,0.07698425543807355,0.12790329436936146,0.795112450192565
26648,0.09722039960515753,0.5253891883473901,0.37739041204745244
26649,0.04799360689541929,0.1352363398690438,0.8167700532355369
26650,0.6117677993069438,0.3080734964881031,0.08015870420495314
26651,0.3051654659772259,0.6206564023452228,0.0741781316775513
26652,0.21431256087052467,0.14635874046672245,0.6393286986627529
26653,0.27293045067653143,0.11488706678160683,0.6121824825418617
26654,0.09683640375814596,0.42800088506722833,0.4751627111746258
26655,0.06888668222653095,0.24965602115380878,0.6814572966196603
26656,0.09313673345477777,0.1790145116941824,0.7278487548510397
26657,0.08213474937707191,0.24378972040884384,0.6740755302140841
26658,0.05824275200028321,0.24307050464068683,0.6986867433590299
26659,0.1376136372700577,0.42731022901023574,0.4350761337197065
26660,0.05962637203227759,0.13698487724737565,0.8033887507203468
26661,0.13556790395895227,0.10116041991425559,0.7632716761267921
26662,0.02939835553628165,0.20034582513967586,0.7702558193240424
26663,0.09273450638500243,0.11082244411599312,0.7964430494990044
26664,0.07883274590965315,0.17520907375104586,0.7459581803393008
26665,0.1759286964497306,0.2023977887232264,0.6216735148270431
26666,0.07024873304009181,0.7151879437567852,0.2145633232031229
26667,0.04623086041952739,0.056851813045384024,0.8969173265350886
26668,0.11971702910572235,0.5149762464798928,0.3653067244143848
26669,0.1222303933565192,0.35168014623776417,0.5260894604057167
26670,0.42446206419910504,0.25956876356474906,0.3159691722361458
26671,0.1499643251338754,0.10842523827935101,0.7416104365867736
26672,0.059967327708926016,0.06678827924775328,0.8732443930433207
26673,0.1437854890029343,0.18639090968893327,0.6698236013081323
26674,0.4016288280912354,0.12145808580259382,0.47691308610617084
26675,0.0488976308847222,0.08726252022919147,0.8638398488860864
26676,0.051431163923392226,0.10111586206273224,0.8474529740138753
26677,0.019759152092440422,0.05669044782441634,0.923550400083143
26678,0.07719895980688668,0.23426091141092475,0.6885401287821886
26679,0.14399496983517854,0.10784657970733856,0.748158450457483
26680,0.022121852782636366,0.04406184810589966,0.933816299111464
26681,0.027710655510588832,0.05229036553790533,0.9199989789515058
26682,0.13254573493462252,0.23241188405981666,0.6350423810055609
26683,0.08072332568861705,0.4306377916906847,0.4886388826206982
26684,0.05772859872025805,0.13866737820882652,0.8036040230709154
26685,0.19669512847906664,0.13423803727659236,0.669066834244341
26686,0.04333183515410814,0.16163437934784974,0.7950337854980422
26687,0.10495431270288356,0.09440949418056105,0.8006361931165554
26688,0.27468773654289513,0.5374139038805605,0.18789835957654424
26689,0.05199902403954253,0.08910883298745888,0.8588921429729985
26690,0.04154103955661575,0.11385103112469425,0.8446079293186899
26691,0.042183120683823294,0.06612824397211926,0.8916886353440574
26692,0.02828704600758134,0.307223074811784,0.6644898791806346
26693,0.219765345319764,0.10052411178924907,0.679710542890987
26694,0.5989763067501314,0.3728111362664364,0.02821255698343225
26695,0.055558504142424914,0.08655152941754744,0.8578899664400276
26696,0.08471805060426824,0.08088658616177166,0.8343953632339599
26697,0.035284598684658136,0.04464234062398904,0.9200730606913528
26698,0.06202572582078864,0.07218780775657173,0.8657864664226398
26699,0.09700308341960034,0.3080596961530299,0.5949372204273697
26700,0.06781445098899522,0.38144216024096605,0.5507433887700387
26701,0.11310897276567539,0.4204376267932426,0.466453400441082
26702,0.08298578855038116,0.38254951353223476,0.534464697917384
26703,0.06324925013109274,0.1239311824771269,0.8128195673917804
26704,0.05254523978659586,0.0751441203942386,0.8723106398191655
26705,0.044075844522357875,0.06038623182833885,0.8955379236493033
26706,0.06467874505337058,0.10467474898716404,0.8306465059594654
26707,0.42721480105724247,0.09253330047005882,0.4802518984726987
26708,0.15123622852485138,0.19384638415489183,0.6549173873202568
26709,0.035228904589022954,0.038704306546328476,0.9260667888646487
26710,0.0971628541749526,0.14327248529676162,0.7595646605282859
26711,0.2628744945399586,0.10377782623368169,0.6333476792263597
26712,0.08029831982131952,0.12605549426278514,0.7936461859158953
26713,0.09005739099558413,0.6187297673827051,0.2912128416217106
26714,0.05528303267589194,0.13362427254075057,0.8110926947833573
26715,0.06405664729870574,0.2782654734846885,0.6576778792166058
26716,0.1330838677198651,0.6002925142954956,0.26662361798463935
26717,0.0453426421776963,0.24253367387182195,0.7121236839504818
26718,0.12379835450446,0.21025080461936396,0.6659508408761762
26719,0.08308168429402868,0.22174350426242329,0.6951748114435479
26720,0.05197600408650305,0.13095915453221654,0.8170648413812803
26721,0.07828077712572297,0.3410050850575731,0.5807141378167039
26722,0.14753699236255977,0.12290750516483011,0.7295555024726103
26723,0.06725362772693617,0.10693062291221196,0.8258157493608519
26724,0.08431070431843789,0.4974930974100849,0.41819619827147714
26725,0.018152132452851775,0.18599838813940783,0.7958494794077405
26726,0.136171313464905,0.4466273011061963,0.41720138542889873
26727,0.03207881790162234,0.048492471396422744,0.9194287107019549
26728,0.06688425898941247,0.06712751300668245,0.8659882280039052
26729,0.1251943229360587,0.24791908779309543,0.6268865892708458
26730,0.14719103533997988,0.4633801692678992,0.3894287953921209
26731,0.08127243283539622,0.12005533439895694,0.7986722327656469
26732,0.27100020168346844,0.7070794632056856,0.021920335110845936
26733,0.05328445719410879,0.06572316285092075,0.8809923799549704
26734,0.053269691812039756,0.1558865871693075,0.7908437210186526
26735,0.0831707732301633,0.14494799382116266,0.7718812329486741
26736,0.0949922371021089,0.1463612061869858,0.7586465567109054
26737,0.08149679518439866,0.242618444533937,0.6758847602816643
26738,0.048881079917618,0.08852820882530582,0.8625907112570762
26739,0.5149706299499017,0.08093089337516725,0.404098476674931
26740,0.04801957669329975,0.06708956139795128,0.8848908619087489
26741,0.15722670975585062,0.8045060276356324,0.038267262608516976
26742,0.038403863355344556,0.17095694828871116,0.7906391883559443
26743,0.1395386410957993,0.1786313646952071,0.6818299942089936
26744,0.13593922328735272,0.3605631321751419,0.5034976445375053
26745,0.052314872588529966,0.10392958021235682,0.8437555471991132
26746,0.19779050697811798,0.19016111581471645,0.6120483772071657
26747,0.04178961684354344,0.2597538299464487,0.6984565532100078
26748,0.18818949969408624,0.47969758381885436,0.3321129164870595
26749,0.11583001433686321,0.2295406590533502,0.6546293266097866
26750,0.06312475475229316,0.0965888907269016,0.8402863545208052
26751,0.04115200605362317,0.11178282415826808,0.8470651697881088
26752,0.06587732504398865,0.5725293889529832,0.3615932860030281
26753,0.08432592898554453,0.09719284877022419,0.8184812222442314
26754,0.08158345488120956,0.04942538043486011,0.8689911646839302
26755,0.031832294235438145,0.06229650422642603,0.9058712015381357
26756,0.09571771416768851,0.08351119194956827,0.8207710938827433
26757,0.1435361709495776,0.1375947011676195,0.7188691278828028
26758,0.07795244854989333,0.2429105621306755,0.6791369893194311
26759,0.07807941925907502,0.28674207736479845,0.6351785033761265
26760,0.15113045168730113,0.33280895936085386,0.5160605889518449
26761,0.06425147737336578,0.12052051308749094,0.8152280095391432
26762,0.07454313546092163,0.12444632577590288,0.8010105387631754
26763,0.03803368408449145,0.09520811026458821,0.8667582056509203
26764,0.07763276170049228,0.145249028047389,0.7771182102521187
26765,0.11148453842438094,0.124706490910379,0.7638089706652401
26766,0.0767457575663386,0.395409818070739,0.5278444243629224
26767,0.09961528207564782,0.23190648971643463,0.6684782282079176
26768,0.03826870796022802,0.9508212629332583,0.01091002910651369
26769,0.1338201774681015,0.30594986016044573,0.5602299623714528
26770,0.06695165525189423,0.28115749949318386,0.6518908452549218
26771,0.11124424178838774,0.8425338933934526,0.04622186481815955
26772,0.6811195312285165,0.06950177876908199,0.24937869000240145
26773,0.06739138924788007,0.06642446925088717,0.8661841415012327
26774,0.06598761431553113,0.13757808700555715,0.7964342986789117
26775,0.054921621579930496,0.23862550337872113,0.7064528750413485
26776,0.0739892271344196,0.1352256629811458,0.7907851098844347
26777,0.04575651328446361,0.06836542914567485,0.8858780575698616
26778,0.04726940425836095,0.07456695934711449,0.8781636363945243
26779,0.04479863365044756,0.0871554336993527,0.8680459326501996
26780,0.04625414085508772,0.09743122243561961,0.8563146367092926
26781,0.06374571629498246,0.10674120942058281,0.8295130742844347
26782,0.039607369012309546,0.06017892759099182,0.9002137033966988
26783,0.17375461314530186,0.268915463198873,0.5573299236558251
26784,0.11178900108397999,0.5810802849884139,0.3071307139276061
26785,0.06849861513139577,0.17187378822705182,0.7596275966415523
26786,0.5957186644587456,0.06813310720480506,0.33614822833644936
26787,0.02428697991020249,0.03230700665580382,0.9434060134339938
26788,0.14678812322558374,0.1983595411986,0.6548523355758163
26789,0.18333702992489853,0.32121231975498155,0.49545065032011987
26790,0.032690415365796706,0.08893885044787807,0.8783707341863252
26791,0.05344622659871938,0.0730636775366108,0.8734900958646699
26792,0.13776471122090747,0.13378777480591905,0.7284475139731735
26793,0.055647390074758545,0.1427125815434239,0.8016400283818175
26794,0.04712165447631167,0.13434726808866004,0.8185310774350282
26795,0.08106491024032256,0.24461364545415068,0.6743214443055267
26796,0.043475890220775346,0.9535050351613176,0.0030190746179070025
26797,0.0583997260739632,0.37743145627051855,0.5641688176555183
26798,0.41100208356581286,0.14137575071990588,0.4476221657142812
26799,0.13053317802457398,0.159141541458658,0.710325280516768
26800,0.024431932781085155,0.9660662008721084,0.009501866346806439
26801,0.1226736325354957,0.46879259501459764,0.40853377244990663
26802,0.12399388405531188,0.12422614517282214,0.7517799707718659
26803,0.06321606468006909,0.14094925052769294,0.7958346847922381
26804,0.05616581826536979,0.14171001558837634,0.8021241661462539
26805,0.02394069417462001,0.07509566725383886,0.900963638571541
26806,0.07016119699305572,0.12809682949453544,0.8017419735124087
26807,0.06944165235699268,0.11083570164935928,0.8197226459936481
26808,0.06208213309381915,0.19448120673014185,0.743436660176039
26809,0.08496446658860483,0.1834511058847916,0.7315844275266035
26810,0.035374627610645686,0.23653647012956644,0.728088902259788
26811,0.027048051847105844,0.04459659998836906,0.928355348164525
26812,0.09234673387899474,0.10113991247072845,0.8065133536502768
26813,0.07265535887493149,0.47529470791816314,0.4520499332069054
26814,0.10336465604636294,0.14611346582944942,0.7505218781241876
26815,0.09365374973482102,0.14985575253659894,0.75649049772858
26816,0.07323720995803494,0.3494129924817179,0.5773497975602472
26817,0.08152024213027621,0.04198406291714062,0.8764956949525832
26818,0.12413638415454957,0.0726704173866435,0.803193198458807
26819,0.1018949848622256,0.22391853371432224,0.674186481423452
26820,0.12610390810202102,0.8621648407978095,0.011731251100169614
26821,0.05585821331144079,0.9385325446472887,0.005609242041270323
26822,0.10623635884762553,0.27251254561094884,0.6212510955414257
26823,0.023177300868906712,0.05438092631348581,0.9224417728176074
26824,0.08730220651163885,0.05300519528902732,0.8596925981993337
26825,0.02969085832439824,0.06474922169265154,0.9055599199829504
26826,0.050255670872095634,0.07099361593369723,0.8787507131942072
26827,0.08006425320566847,0.10479902068578055,0.815136726108551
26828,0.04022583960422816,0.0997363232061576,0.8600378371896142
26829,0.03817335624246083,0.15949117020305242,0.8023354735544868
26830,0.03891603450188874,0.08492623546825713,0.8761577300298541
26831,0.0377693790089674,0.08020793089685645,0.8820226900941762
26832,0.024808124319031923,0.03500564529694665,0.9401862303840214
26833,0.06619506979601751,0.09688175944152567,0.836923170762457
26834,0.04834850018538445,0.11627118642749262,0.835380313387123
26835,0.646033572550255,0.1030946638254858,0.25087176362425917
26836,0.1789651135580374,0.47703278991307924,0.3440020965288833
26837,0.07337131511907297,0.03314099865901872,0.8934876862219084
26838,0.12009337238776166,0.35316772234379396,0.5267389052684444
26839,0.6873066180621771,0.0665036522120077,0.24618972972581513
26840,0.0990423761119379,0.38093101212269503,0.5200266117653669
26841,0.027301656920143566,0.047652610123060095,0.9250457329567964
26842,0.041143149569504295,0.14886643271644062,0.8099904177140549
26843,0.11978501691352061,0.09300890151546813,0.7872060815710111
26844,0.17872450544028076,0.47606142017864017,0.3452140743810791
26845,0.6189441524473699,0.034895012612798364,0.3461608349398318
26846,0.05832172850226461,0.11024846828429342,0.831429803213442
26847,0.06628204468791644,0.24369564810227928,0.6900223072098042
26848,0.08883001613515283,0.05699518025775218,0.854174803607095
26849,0.22563803862777176,0.09563678897560894,0.6787251723966193
26850,0.06899287591013295,0.29960946381447473,0.6313976602753922
26851,0.14527090977484045,0.18263463481503772,0.6720944554101219
26852,0.13333731795883697,0.6253545199089232,0.24130816213224
26853,0.0659230351996992,0.05677613801072934,0.8773008267895714
26854,0.05016094009179096,0.9441156485472727,0.005723411360936387
26855,0.08635594947959876,0.298247805134028,0.6153962453863732
26856,0.11489909811221959,0.08659355388428608,0.7985073480034944
26857,0.11258108578899738,0.2756004265657591,0.6118184876452436
26858,0.06038734148597474,0.7356226270152082,0.20399003149881711
26859,0.06318975722318008,0.5946515358144473,0.34215870696237266
26860,0.0716758337494568,0.5662046708674854,0.3621194953830578
26861,0.14720903643138145,0.21538597049121957,0.637404993077399
26862,0.08691377243128143,0.3165854009002848,0.5965008266684338
26863,0.03489927386318407,0.09138842267152153,0.8737123034652945
26864,0.04204724424252592,0.37934425922035236,0.5786084965371217
26865,0.0818007222947458,0.09274505018109691,0.8254542275241573
26866,0.02140196765451744,0.09089757491796456,0.887700457427518
26867,0.04315797210475669,0.05048166108310654,0.9063603668121367
26868,0.032552045686642404,0.11098828020310161,0.8564596741102559
26869,0.02175225309548083,0.020733791081966203,0.9575139558225529
26870,0.030231355654075462,0.8541704736903681,0.11559817065555658
26871,0.10019440141447027,0.09983880853477368,0.799966790050756
26872,0.07605004546293799,0.1577082726410848,0.7662416818959773
26873,0.08300905747580202,0.19141784203747159,0.7255731004867264
26874,0.09296311995681289,0.3144554700750406,0.5925814099681465
26875,0.06910086723533387,0.24857381980983603,0.6823253129548301
26876,0.06450730936034076,0.08950799521373529,0.8459846954259238
26877,0.07674204616012313,0.11861571297631208,0.8046422408635648
26878,0.10400560515382457,0.16224162310766854,0.7337527717385068
26879,0.0895441993168681,0.2188020096216424,0.6916537910614895
26880,0.2913751492230849,0.08213680111671452,0.6264880496602006
26881,0.037918293327511184,0.12900319366766094,0.8330785130048279
26882,0.3185326879076284,0.10547334370128642,0.5759939683910851
26883,0.057648724585713816,0.0830441547160759,0.8593071206982104
26884,0.07645480904197331,0.30943959872294485,0.6141055922350819
26885,0.21386784924682195,0.1768394567797519,0.6092926939734262
26886,0.08217803974233281,0.0952176897406086,0.8226042705170585
26887,0.027417155568745757,0.11209174492140915,0.8604910995098453
26888,0.14992526430314274,0.2002827698652287,0.6497919658316286
26889,0.045322059572546786,0.10990247556980758,0.8447754648576457
26890,0.04167307397718479,0.14408247556119835,0.8142444504616168
26891,0.06941796090168383,0.4903097116280721,0.4402723274702442
26892,0.09738061157313314,0.25367881282199795,0.648940575604869
26893,0.05291569824923577,0.06726118301498077,0.8798231187357834
26894,0.07212430860009554,0.07995613367596167,0.8479195577239428
26895,0.14000119514104895,0.34399932555497764,0.5159994793039734
26896,0.07233861904244646,0.19154037185497208,0.7361210091025814
26897,0.07514352985758875,0.2056284402283284,0.7192280299140829
26898,0.04150567888711351,0.054882696836672455,0.903611624276214
26899,0.08645103898798766,0.14411830752960883,0.7694306534824036
26900,0.07454739224986992,0.22418222155748382,0.7012703861926463
26901,0.054675647144710154,0.2338259239706223,0.7114984288846675
26902,0.036140747821656875,0.04426320135436503,0.9195960508239781
26903,0.08205713764526404,0.24489692076516062,0.6730459415895752
26904,0.5212742838644968,0.4673783263332837,0.011347389802219415
26905,0.07555936511440976,0.08468125682856446,0.8397593780570258
26906,0.020701636800663496,0.028656594411908178,0.9506417687874283
26907,0.16844774155991102,0.11361031485991437,0.7179419435801746
26908,0.09601954474226858,0.13643177873147294,0.7675486765262586
26909,0.034805665450976075,0.6772540178146357,0.2879403167343884
26910,0.08800808427358212,0.31948497502524886,0.592506940701169
26911,0.0925667341114985,0.14393873269839477,0.7634945331901068
26912,0.03409490757941285,0.07834230220837426,0.8875627902122128
26913,0.24127823452162575,0.14855019227610902,0.6101715732022653
26914,0.08226101695414237,0.16513083387848784,0.75260814916737
26915,0.12510523244617808,0.1164265297430252,0.7584682378107966
26916,0.10222199833326619,0.8905694765788248,0.007208525087909001
26917,0.045896557115306706,0.10180373409896784,0.8522997087857256
26918,0.09462252085074949,0.1553027130813945,0.7500747660678561
26919,0.41642433184634764,0.13970991544780947,0.44386575270584283
26920,0.06989640638823119,0.31859693671832146,0.6115066568934474
26921,0.024481656159794928,0.7443636072956941,0.231154736544511
26922,0.062344106932593624,0.4047472357925072,0.5329086572748992
26923,0.05027929522964074,0.0886040178188295,0.8611166869515299
26924,0.08881149103159962,0.09353453833475625,0.8176539706336442
26925,0.07503476735232274,0.06240119046118615,0.8625640421864912
26926,0.14426049964292034,0.32299095696148133,0.5327485433955984
26927,0.05574256596939598,0.08355697434713724,0.8607004596834666
26928,0.056630083696631785,0.9356903806416245,0.007679535661743859
26929,0.04824840672013352,0.13026659272495927,0.8214850005549071
26930,0.05393603632052255,0.5980339197713754,0.34803004390810205
26931,0.23234814785577332,0.7485382349587882,0.019113617185438414
26932,0.06483302128362044,0.6791025490161052,0.2560644297002744
26933,0.3150059660159085,0.1940565153164452,0.4909375186676463
26934,0.07815699177650327,0.10135765841021906,0.8204853498132777
26935,0.08303472200999532,0.1354405592902295,0.7815247186997752
26936,0.06294969012638502,0.07398670120986238,0.8630636086637526
26937,0.07373019172922426,0.24554704523906368,0.6807227630317121
26938,0.1764532910698977,0.8039243014261939,0.019622407503908475
26939,0.5598802320455211,0.427137211015535,0.0129825569389439
26940,0.07438345095040728,0.10694085223088262,0.8186756968187101
26941,0.08875983758799447,0.18417672706308227,0.7270634353489233
26942,0.16018679833387076,0.17239065195810788,0.6674225497080216
26943,0.058259408379691124,0.32100972897786106,0.6207308626424478
26944,0.0639562376081606,0.0678499914760015,0.8681937709158379
26945,0.1415360688383884,0.4851715546603025,0.37329237650130903
26946,0.06473650277992406,0.08652706022951623,0.8487364369905596
26947,0.06915251645155894,0.39719971836455714,0.533647765183884
26948,0.09108442962246423,0.2885424985940143,0.6203730717835215
26949,0.4290835137172131,0.14186549373185697,0.4290509925509301
26950,0.1822942817823533,0.22168839409652866,0.5960173241211182
26951,0.30925964807329615,0.3410956681160199,0.349644683810684
26952,0.10387050112971342,0.2205296239274787,0.6755998749428079
26953,0.09153994256201124,0.028067910671625586,0.8803921467663631
26954,0.018460703832084122,0.0690393086577533,0.9124999875101626
26955,0.048313046458849755,0.4603020080305978,0.4913849455105524
26956,0.1716580538777197,0.22623949083379155,0.6021024552884888
26957,0.5527426066226433,0.13113483720285884,0.3161225561744979
26958,0.23576637729996042,0.15066886557881382,0.6135647571212259
26959,0.04552482961229359,0.22503030960181192,0.7294448607858945
26960,0.08090160213591992,0.1462637079125717,0.7728346899515085
26961,0.055945681442535304,0.07792273702729947,0.8661315815301652
26962,0.04397487867066184,0.6764173514642071,0.27960776986513103
26963,0.219765345319764,0.10052411178924907,0.679710542890987
26964,0.1777646869716506,0.11081792609956458,0.711417386928785
26965,0.07868776880423535,0.5005050535628394,0.42080717763292536
26966,0.07233861904244646,0.19154037185497208,0.7361210091025814
26967,0.048143776733162544,0.07743365863718929,0.8744225646296482
26968,0.11022109087588278,0.0785864847083082,0.811192424415809
26969,0.0260134040914764,0.07337110185417019,0.9006154940543535
26970,0.08308785884978541,0.08679033083955097,0.8301218103106636
26971,0.08507956519106351,0.2260262222489505,0.6888942125599861
26972,0.13324538763667745,0.2739227770581383,0.5928318353051842
26973,0.05665484664937016,0.15178294249887972,0.79156221085175
26974,0.05660060131282665,0.046514961055161445,0.896884437632012
26975,0.05855367113875205,0.06606157809572398,0.8753847507655238
26976,0.12526840087525762,0.8479473247140245,0.026784274410717845
26977,0.0855251696174477,0.23274801950263171,0.6817268108799205
26978,0.037578328346045416,0.1352911234285058,0.8271305482254487
26979,0.05768076989325394,0.3153099418133122,0.6270092882934338
26980,0.04426821447573289,0.0608485631377843,0.8948832223864828
26981,0.10960276706926643,0.22777005030299036,0.6626271826277431
26982,0.05441111780558323,0.1089780563641008,0.836610825830316
26983,0.09120502337092624,0.1973908583082003,0.7114041183208734
26984,0.0692234495068217,0.11026080797712293,0.8205157425160553
26985,0.15059408205852376,0.21172187405290402,0.6376840438885721
26986,0.060899259057251486,0.05042065080016101,0.8886800901425875
26987,0.12141679655494189,0.3886151892333198,0.4899680142117383
26988,0.14358451045200968,0.42066143946486423,0.43575405008312623
26989,0.06778700930605575,0.28316536372217094,0.6490476269717733
26990,0.057883739148308695,0.1036932285227426,0.8384230323289489
26991,0.04639151493057753,0.10474437217893141,0.848864112890491
26992,0.1015110863998149,0.3306731427524609,0.5678157708477242
26993,0.07826152772226423,0.1383078429406868,0.7834306293370491
26994,0.09955858120666522,0.1500795006686884,0.7503619181246464
26995,0.0715568542577288,0.3337240497180044,0.5947190960242669
26996,0.040923267899591324,0.12370847216385948,0.8353682599365492
26997,0.2533691669384229,0.4077746400145967,0.3388561930469805
26998,0.3010191190130679,0.09813647761522079,0.6008444033717114
26999,0.2622167373928103,0.11674430034830462,0.6210389622588851
27000,0.059445736253930966,0.49829463246898115,0.4422596312770878
27001,0.047392416474850936,0.3514941355183386,0.6011134480068104
27002,0.06246567005757462,0.2768341783334956,0.6607001516089297
27003,0.11542133310633802,0.11700444641859085,0.767574220475071
27004,0.059757257605557786,0.11398386423226449,0.8262588781621777
27005,0.061881969602415994,0.4013729697832563,0.5367450606143277
27006,0.07523775826848925,0.10675962970597869,0.818002612025532
27007,0.06608816841393099,0.7737179867979517,0.16019384478811724
27008,0.0676928658582939,0.18947525162977044,0.7428318825119358
27009,0.04177580155652674,0.22008404265749257,0.7381401557859807
27010,0.032534494743754,0.09511351471997412,0.8723519905362718
27011,0.15109578431990525,0.5049805231489963,0.3439236925310985
27012,0.059459676448723194,0.09306349514215798,0.8474768284091188
27013,0.29468617788355167,0.12172627682413868,0.5835875452923095
27014,0.09423294970544129,0.5060273325725069,0.39973971772205186
27015,0.12290426438595746,0.30422586192073314,0.5728698736933094
27016,0.04053621583411901,0.06627215768907938,0.8931916264768017
27017,0.07888310273780162,0.1582571969996734,0.7628597002625251
27018,0.06680343742055511,0.13484701547027755,0.7983495471091673
27019,0.09852439426048355,0.14308308869630196,0.7583925170432143
27020,0.06324927879341215,0.41005414088835274,0.5266965803182351
27021,0.06624550395373986,0.36421632998627373,0.5695381660599864
27022,0.07017648385216903,0.22332367255019833,0.7064998435976325
27023,0.10654658761127794,0.5085788576334153,0.38487455475530685
27024,0.06569167013766743,0.19086870406206866,0.7434396258002637
27025,0.18900280027144545,0.09408167132823118,0.7169155284003232
27026,0.04246197022597332,0.119850755116521,0.8376872746575056
27027,0.10922087799235616,0.05529028192814964,0.8354888400794942
27028,0.2738512066668682,0.1200138159034279,0.6061349774297039
27029,0.05629674358206898,0.11352001937434361,0.8301832370435874
27030,0.162699318338237,0.5046857308131214,0.3326149508486416
27031,0.6354662301365926,0.15713017912249747,0.20740359074090978
27032,0.2887199668898537,0.1020453146919638,0.6092347184181824
27033,0.06620367534078449,0.06583531193083868,0.8679610127283769
27034,0.05248143686890606,0.08197553613018695,0.865543027000907
27035,0.627816295453155,0.10356146833516354,0.2686222362116816
27036,0.05789073413128904,0.04120219167046432,0.9009070741982469
27037,0.17072163467783294,0.1660442139937831,0.6632341513283839
27038,0.05903006927401668,0.058532995612727866,0.8824369351132554
27039,0.19860207910236147,0.13562870428443075,0.6657692166132076
27040,0.07904464056181386,0.0987939177980821,0.8221614416401042
27041,0.023227888626230517,0.02603108068465665,0.9507410306891129
27042,0.26102057861403716,0.7206264282412816,0.018352993144681164
27043,0.08267273366220775,0.10453684581941354,0.8127904205183788
27044,0.05532979165786045,0.12765723794674758,0.8170129703953919
27045,0.08627126945211573,0.11775282539744429,0.7959759051504399
27046,0.021329856937309166,0.04188729674900629,0.9367828463136845
27047,0.09614637192499022,0.4640822880752973,0.43977133999971263
27048,0.18219532501885904,0.809757543322856,0.008047131658284837
27049,0.08539184115043452,0.41463902188412993,0.4999691369654356
27050,0.036199642020812155,0.07692992422499721,0.8868704337541907
27051,0.11070816628137976,0.3077608804365331,0.581530953282087
27052,0.02654981479271752,0.0682040278636651,0.9052461573436174
27053,0.04739092881758427,0.2091525964441985,0.743456474738217
27054,0.09165568788084368,0.09843807569417215,0.8099062364249842
27055,0.17518242941798484,0.8064585552349826,0.018359015347032593
27056,0.2527688319571959,0.7348775837347946,0.01235358430800948
27057,0.040058578336545116,0.20801217301233368,0.7519292486511212
27058,0.1482160344463387,0.11930072409068625,0.732483241462975
27059,0.06023342332215528,0.08927821618665883,0.850488360491186
27060,0.06408090633836924,0.1490897841244288,0.7868293095372021
27061,0.38056753291243245,0.14130000054912195,0.47813246653844566
27062,0.11493034321924435,0.091935854028354,0.7931338027524016
27063,0.06132042421171186,0.08724134143632359,0.8514382343519645
27064,0.02681968901601531,0.02414399494093874,0.949036316043046
27065,0.05116261664138207,0.35473229049780935,0.5941050928608087
27066,0.038932909075555945,0.0631146704053408,0.8979524205191033
27067,0.04459564392270137,0.11868166650773554,0.836722689569563
27068,0.40001066864905693,0.12652651910370685,0.47346281224723624
27069,0.026088994430225835,0.04235590518511622,0.9315551003846579
27070,0.04597070758468154,0.043427539090639775,0.9106017533246785
27071,0.04862436370663214,0.07503691544712372,0.8763387208462441
27072,0.08915221035368757,0.30414261973446655,0.6067051699118459
27073,0.11314509534235338,0.1659241188271026,0.720930785830544
27074,0.09987552762668526,0.29671483910863566,0.603409633264679
