index,0,1,2
26457,0.07168375007165508,0.1208306216393009,0.807485628289044
26458,0.266637535551795,0.2034046337479306,0.5299578307002746
26459,0.04109362436218351,0.0484190728595994,0.9104873027782172
26460,0.09434935707888219,0.11139509546826776,0.79425554745285
26461,0.07842182767669921,0.23739541925296467,0.6841827530703362
26462,0.0501540268999085,0.09011700214203472,0.8597289709580567
26463,0.30450371655457525,0.6771710751685208,0.018325208276903943
26464,0.08479927748985523,0.14904670541198922,0.7661540170981556
26465,0.026004326155580133,0.058500015527286356,0.9154956583171335
26466,0.03247631128670196,0.46241833645325714,0.5051053522600409
26467,0.18596628380169475,0.14031294677370132,0.6737207694246041
26468,0.0418257486773394,0.05639449701262262,0.9017797543100381
26469,0.617255440765669,0.09136417751197619,0.2913803817223549
26470,0.10287294179899592,0.11551757166505618,0.781609486535948
26471,0.07828605521204623,0.06924978576358937,0.8524641590243643
26472,0.20455992522826907,0.19490667793769648,0.6005333968340344
26473,0.08416230195288082,0.06814140246303638,0.8476962955840828
26474,0.223739156810094,0.7622587108708544,0.014002132319051576
26475,0.2915743769836863,0.2408142981186082,0.4676113248977056
26476,0.044704049208452605,0.10248915413015836,0.852806796661389
26477,0.12474935100605854,0.17891363663099152,0.69633701236295
26478,0.03296223374443805,0.059696636619872345,0.9073411296356897
26479,0.06811276945477812,0.12560819172704007,0.8062790388181819
26480,0.05641222381073399,0.07637967562982298,0.8672081005594431
26481,0.09216369299587636,0.266859418965678,0.6409768880384457
26482,0.09495162678386684,0.0625119012562744,0.8425364719598588
26483,0.03567234129805437,0.09211537167158122,0.8722122870303645
26484,0.12872440710828048,0.07264126319095793,0.7986343297007614
26485,0.04266697603861735,0.05057911120600613,0.9067539127553764
26486,0.08450668889918089,0.14436435388107055,0.7711289572197484
26487,0.06271564732493529,0.07169544697158836,0.8655889057034764
26488,0.2945299238624851,0.6495792767278875,0.05589079940962752
26489,0.044284359904229804,0.20274752246622293,0.7529681176295472
26490,0.09149179722597554,0.20419565123224367,0.7043125515417809
26491,0.03737199717501452,0.08145016770506477,0.8811778351199209
26492,0.07134621566392593,0.20340940639651686,0.7252443779395573
26493,0.3076143917524832,0.6885863373871853,0.003799270860331272
26494,0.11516433551929506,0.21775850401457378,0.6670771604661312
26495,0.01806363515300131,0.026307954713322045,0.9556284101336768
26496,0.08411680161960977,0.2264576237223339,0.6894255746580564
26497,0.04415479573312006,0.850213348638785,0.10563185562809511
26498,0.21587711681678498,0.47119973497898293,0.31292314820423206
26499,0.05951649062178606,0.11990338296308502,0.8205801264151289
26500,0.06043187760254679,0.41694492811625533,0.5226231942811977
26501,0.11182591770870694,0.22813209100792362,0.6600419912833694
26502,0.030989959468618017,0.049470177890809035,0.9195398626405729
26503,0.12341473923680969,0.5710044541282628,0.3055808066349275
26504,0.09859448888589167,0.15169020461176544,0.749715306502343
26505,0.05180952301422533,0.05994533913691664,0.8882451378488582
26506,0.08421057138277689,0.889612300406978,0.026177128210245097
26507,0.13954588658817632,0.8488172623444694,0.01163685106735432
26508,0.10826975355832677,0.39660647807178157,0.4951237683698918
26509,0.12454606939630626,0.13701110663225305,0.7384428239714406
26510,0.05610459990548442,0.23291164638663786,0.7109837537078776
26511,0.047356120857893466,0.07746002731054759,0.8751838518315589
26512,0.1405173197569568,0.15788214806744563,0.7016005321755977
26513,0.05023508709434477,0.19102574381806386,0.7587391690875914
26514,0.05914505255677214,0.06579246071431452,0.8750624867289134
26515,0.4004860711385719,0.059636211424521926,0.5398777174369062
26516,0.047785961579636285,0.27747759585296694,0.6747364425673968
26517,0.24823379624304756,0.7388702229732127,0.012895980783739646
26518,0.05386380463490279,0.09503875532555824,0.8510974400395391
26519,0.47951135989870564,0.1351574755484578,0.38533116455283656
26520,0.03708074391822701,0.8510282766262129,0.1118909794555601
26521,0.054326218769241055,0.2079784075167416,0.7376953737140173
26522,0.10088411612241983,0.12548657043053552,0.7736293134470447
26523,0.08521531994832372,0.25647318360356963,0.6583114964481066
26524,0.02882577784095068,0.1110985478968747,0.8600756742621747
26525,0.28860287907392745,0.23500200408425634,0.47639511684181624
26526,0.06055567441080425,0.08079636281183143,0.8586479627773645
26527,0.09903887890244124,0.19719094579989402,0.7037701752976647
26528,0.15823747885895548,0.8241303466167629,0.017632174524281664
26529,0.33868312334422407,0.06216245877474005,0.599154417881036
26530,0.08021025396483568,0.05965148301092813,0.8601382630242362
26531,0.04768560575259897,0.12324474653447515,0.8290696477129259
26532,0.145307247268662,0.11111365141131345,0.7435791013200246
26533,0.04675420760056591,0.0714645670700812,0.8817812253293531
26534,0.07294810472197846,0.15787483295210997,0.7691770623259117
26535,0.04595504958823916,0.11891691622011863,0.8351280341916424
26536,0.087699794009952,0.28689126221317296,0.6254089437768748
26537,0.05560577747269309,0.04091612449427824,0.9034780980330285
26538,0.0433140285662532,0.4317027981444184,0.5249831732893284
26539,0.03292251798829169,0.1184699540088997,0.8486075280028086
26540,0.09630933224174436,0.6684967499893483,0.2351939177689074
26541,0.08547156467662359,0.12680722093187818,0.7877212143914981
26542,0.05893455046744596,0.1780277891283923,0.7630376604041619
26543,0.04474343210852935,0.08046386606825866,0.8747927018232119
26544,0.10234468396486825,0.13833545163859048,0.7593198643965413
26545,0.11908392255420557,0.2439361360546124,0.6369799413911821
26546,0.06297734876537993,0.11398659936334854,0.8230360518712715
26547,0.03883539299867965,0.058831885020865185,0.9023327219804552
26548,0.045438912074570306,0.03513380132235634,0.9194272866030735
26549,0.15757803290686478,0.8339717619751352,0.008450205117999765
26550,0.07513896216676912,0.22820129679284415,0.6966597410403869
26551,0.05229551461789191,0.20999681360963784,0.7377076717724703
26552,0.0354566872128109,0.2231138862924997,0.7414294264946895
26553,0.03350784940327326,0.07528476516673296,0.8912073854299939
26554,0.1170198665037675,0.35176177552258153,0.531218357973651
26555,0.0627046178647418,0.07829792591593698,0.8589974562193213
26556,0.06605147953276762,0.17277007103957528,0.7611784494276571
26557,0.05133039138644549,0.09918999786510599,0.8494796107484486
26558,0.3961513733010216,0.13782991669634953,0.4660187100026288
26559,0.2693549575565071,0.17424002780508133,0.5564050146384116
26560,0.0713665286408229,0.25883960222651065,0.6697938691326665
26561,0.04080384699731541,0.18137480415101334,0.7778213488516712
26562,0.06332933796535888,0.060113349110397445,0.8765573129242437
26563,0.05045658659779133,0.15451804005125686,0.7950253733509518
26564,0.03733999609213119,0.13481972547374524,0.8278402784341236
26565,0.10000324497052458,0.40077899552963553,0.4992177594998399
26566,0.17593879821249517,0.13635488595858491,0.68770631582892
26567,0.05099099644338766,0.16534523169880647,0.7836637718578059
26568,0.3977940539125878,0.5731604547122087,0.029045491375203413
26569,0.04451050554133988,0.0829146349199198,0.8725748595387405
26570,0.10177605214008302,0.3065400466305925,0.5916839012293246
26571,0.0333775095651905,0.07421966649653503,0.8924028239382745
26572,0.049569008449434626,0.19257520939647424,0.757855782154091
26573,0.05540850819187069,0.23942995454973778,0.7051615372583917
26574,0.1415546143160524,0.10575810859934698,0.7526872770846008
26575,0.05844776546530846,0.12631377570563926,0.8152384588290524
26576,0.15401458865081383,0.08676600263667683,0.7592194087125094
26577,0.08166357496632952,0.1171480575098657,0.8011883675238048
26578,0.17963172585099288,0.26223768084327026,0.5581305933057369
26579,0.1265993728134683,0.8661472592835019,0.007253367903029794
26580,0.07952380708064044,0.11498607042158095,0.8054901224977786
26581,0.06654756114011133,0.15071026641911908,0.7827421724407696
26582,0.011681114383460584,0.03191893206374538,0.9563999535527942
26583,0.056221050141899445,0.09113719288975634,0.8526417569683441
26584,0.09701195511607906,0.16481085356732547,0.7381771913165955
26585,0.13445112830990658,0.39161481928758807,0.4739340524025054
26586,0.3223645724924881,0.38314151222920834,0.2944939152783035
26587,0.21995178091932038,0.2917699755812443,0.4882782434994352
26588,0.08199753780313941,0.20170086447714855,0.716301597719712
26589,0.11010306018418221,0.10826535525383739,0.7816315845619803
26590,0.0576367971935139,0.5878817702574878,0.35448143254899817
26591,0.29183232239893914,0.6902841587003965,0.017883518900664502
26592,0.40248235816559746,0.06004127590936721,0.5374763659250354
26593,0.07453373413311057,0.16176449259999778,0.7637017732668918
26594,0.15463448014945297,0.07414078497354044,0.7712247348770066
26595,0.02694982764424391,0.06339596118849566,0.9096542111672604
26596,0.07925611116349163,0.14334900443710447,0.777394884399404
26597,0.24170885023462044,0.3863411278076166,0.3719500219577629
26598,0.1267044398031375,0.21140976513169588,0.6618857950651668
26599,0.029232813850589207,0.055407801682833636,0.9153593844665769
26600,0.052567982987772786,0.09941438570601707,0.8480176313062101
26601,0.08120653199556858,0.1873682288402308,0.7314252391642007
26602,0.09868418111328857,0.15000625426358905,0.7513095646231225
26603,0.07856268344043571,0.09400478085435326,0.827432535705211
26604,0.05739994033141569,0.0908719591686298,0.8517281004999546
26605,0.09468131125992353,0.20019795098016555,0.7051207377599111
26606,0.17907491768995829,0.40403750254464504,0.41688757976539675
26607,0.07937876448442134,0.8931924040830406,0.027428831432538183
26608,0.01875984741201517,0.11039801887610716,0.8708421337118778
26609,0.06683296559302049,0.09833756572521603,0.8348294686817633
26610,0.3603009700156733,0.5870932090865345,0.052605820897792095
26611,0.10581278658112352,0.20344132001424267,0.6907458934046339
26612,0.08050962912392914,0.2888925327820276,0.6305978380940432
26613,0.1193074477816477,0.13953887302304444,0.7411536791953078
26614,0.06186357035136996,0.07618963570180402,0.861946793946826
26615,0.07495510417518253,0.13106456255416152,0.793980333270656
26616,0.04381502386608554,0.08132608418099356,0.874858891952921
26617,0.12173091033351581,0.14194743687856795,0.7363216527879163
26618,0.1272214014239905,0.22295232873401308,0.6498262698419963
26619,0.15241417281086345,0.15391621869308306,0.6936696084960536
26620,0.4922603808868458,0.48614252977320077,0.021597089339953295
26621,0.03721272072179568,0.06931192224561618,0.8934753570325881
26622,0.14751420024206963,0.4950512581788389,0.35743454157909155
26623,0.044710446704370896,0.5075957595434228,0.4476937937522064
26624,0.09203531543878625,0.1675059292831083,0.7404587552781056
26625,0.303550842882321,0.2026454210644034,0.49380373605327565
26626,0.16822237520228445,0.08730485601342738,0.7444727687842881
26627,0.055233139710944734,0.08329986669068026,0.8614669935983753
26628,0.04210294127896075,0.15266604894688482,0.8052310097741543
26629,0.03272367548461394,0.036547438054916156,0.9307288864604698
26630,0.06284105165972767,0.13324303370918644,0.803915914631086
26631,0.03948455247976629,0.04758941344105578,0.9129260340791779
26632,0.27274856180172996,0.10757943434467715,0.619672003853593
26633,0.03675453151982907,0.17093247869267517,0.7923129897874958
26634,0.07226370497806046,0.06050571160340254,0.8672305834185372
26635,0.07853655190763816,0.2855777594518947,0.6358856886404674
26636,0.04524754994779687,0.20736230329877436,0.7473901467534289
26637,0.014490534263147333,0.04243421103919074,0.9430752546976621
26638,0.05792854386442945,0.6995795503469961,0.24249190578857438
26639,0.3097320480909889,0.27672110336816896,0.41354684854084206
26640,0.058824725082247925,0.09815452575931126,0.8430207491584408
26641,0.14755610016384502,0.6429775996392552,0.20946630019689969
26642,0.029541861933072355,0.06899112650806179,0.9014670115588658
26643,0.05335167019735837,0.08140178401769571,0.865246545784946
26644,0.029174929856606146,0.07522766678557256,0.8955974033578213
26645,0.07316761902420715,0.10797586871028697,0.8188565122655059
26646,0.48766714402958516,0.17852439104106307,0.3338084649293518
26647,0.07763189448304425,0.12529944467267712,0.7970686608442785
26648,0.10053729884563964,0.5262013569166667,0.3732613442376936
26649,0.04417459945401764,0.12574639873045784,0.8300790018155246
26650,0.6140146679482895,0.30390975929321423,0.08207557275849625
26651,0.304787402972212,0.6273793185392308,0.0678332784885573
26652,0.22370443019955266,0.1373553674119239,0.6389402023885236
26653,0.26776444737925026,0.11822284345192345,0.6140127091688262
26654,0.09640976077056383,0.4562463400825857,0.4473438991468505
26655,0.06768936373130352,0.23872622384357503,0.6935844124251215
26656,0.08571749421587335,0.15708043651541728,0.7572020692687094
26657,0.08163015860944038,0.245198731509643,0.6731711098809167
26658,0.05912530538948106,0.24485011357607173,0.6960245810344472
26659,0.1370092548767657,0.41939909499259737,0.44359165013063695
26660,0.05949581583581474,0.13263164858265575,0.8078725355815295
26661,0.13459180387656103,0.08828886178312123,0.7771193343403177
26662,0.028625528566140406,0.18943266841001,0.7819418030238495
26663,0.09224603301510531,0.10995485430680695,0.7977991126780877
26664,0.07687280564872283,0.1600550528020549,0.7630721415492223
26665,0.18211053829593363,0.20294371968270894,0.6149457420213575
26666,0.06447949817929101,0.7426379473041865,0.19288255451652248
26667,0.03813377682581529,0.0488784250508288,0.9129877981233558
26668,0.10339715217315927,0.551925882275788,0.34467696555105265
26669,0.12779020273855568,0.35843435805887475,0.5137754392025696
26670,0.4525777221032958,0.24921653089289944,0.2982057470038046
26671,0.15326172219033493,0.10850962895130727,0.7382286488583579
26672,0.05625889925678097,0.059090304688684425,0.8846507960545346
26673,0.1589640536340057,0.170152132730221,0.6708838136357735
26674,0.4119660840524957,0.11101457543196312,0.47701934051554123
26675,0.04405123807814593,0.08194688348537987,0.8740018784364741
26676,0.04780704353637231,0.10538996498875414,0.8468029914748737
26677,0.019566337635679443,0.06054971814002146,0.919883944224299
26678,0.0753307170579759,0.23372998568301312,0.6909392972590108
26679,0.15070359618310608,0.11091958358902035,0.7383768202278737
26680,0.023414357242649734,0.03871107948261884,0.9378745632747314
26681,0.028846836912948263,0.055169204653869264,0.9159839584331825
26682,0.138221308041775,0.23707532049318578,0.6247033714650392
26683,0.07404221322621045,0.45539929657517675,0.47055849019861284
26684,0.05635086694236291,0.13851238093421903,0.8051367521234181
26685,0.20203894760820454,0.12004621349231105,0.6779148388994843
26686,0.03928036120775191,0.14878943372036713,0.8119302050718809
26687,0.1094645228210878,0.0913194954464047,0.7992159817325076
26688,0.25015412632888473,0.5748690465494527,0.17497682712166257
26689,0.04887696150489038,0.08683246639235492,0.8642905721027546
26690,0.03712206333238471,0.10295705720362061,0.8599208794639945
26691,0.04376184462660865,0.061615256122393984,0.8946228992509975
26692,0.024905344882682135,0.30501389948971935,0.6700807556275985
26693,0.23246012579957287,0.09896978875040563,0.6685700854500215
26694,0.6213882001816003,0.3492303374017085,0.029381462416691158
26695,0.056285563802673064,0.08453289408099451,0.8591815421163324
26696,0.08338005893550435,0.08195878178020836,0.8346611592842872
26697,0.031590957211924856,0.04371986326548396,0.9246891795225913
26698,0.06152191865129484,0.06914748984159304,0.8693305915071122
26699,0.09718620455798062,0.32660752823680916,0.5762062672052101
26700,0.06739790509221051,0.38751079434121927,0.5450913005665704
26701,0.11561910073948854,0.4118268458741017,0.4725540533864098
26702,0.07337003049716982,0.37973332005749677,0.5468966494453334
26703,0.05536656727753424,0.11640144545278645,0.8282319872696795
26704,0.05262839953322228,0.07361547434713708,0.8737561261196406
26705,0.04137563931143079,0.05791841882705582,0.9007059418615135
26706,0.06068303182720766,0.0963102782523155,0.8430066899204768
26707,0.47029483760623875,0.0823841826438822,0.4473209797498791
26708,0.1455567189717123,0.2036586198800474,0.6507846611482402
26709,0.034628374588755735,0.03724741173380847,0.9281242136774358
26710,0.10606765494581745,0.14885984091082524,0.7450725041433574
26711,0.28674691429007226,0.10241571048101582,0.6108373752289119
26712,0.08126600966956923,0.12135514651422917,0.7973788438162016
26713,0.09580208035917197,0.6318001151066653,0.27239780453416274
26714,0.05059312391574984,0.11976274794634552,0.8296441281379047
26715,0.06000638778008711,0.2976405500665578,0.6423530621533551
26716,0.14523715595508882,0.6092922459139388,0.24547059813097252
26717,0.04932491785748181,0.23085081187983647,0.719824270262682
26718,0.12070030456851165,0.21750774722244787,0.6617919482090404
26719,0.08026895295926441,0.22132605252433388,0.6984049945164016
26720,0.05128229723219178,0.13310241882325255,0.8156152839445555
26721,0.08662403365544742,0.34271202481872093,0.5706639415258316
26722,0.15568003161090965,0.12015013375218385,0.7241698346369063
26723,0.068836716994303,0.10170553601837405,0.8294577469873228
26724,0.08568697795462465,0.5155829416802299,0.39873008036514557
26725,0.018955397841987957,0.16342296235651155,0.8176216398015005
26726,0.12884315940969066,0.47108274766364255,0.40007409292666685
26727,0.029673145442735555,0.04527050219359214,0.9250563523636725
26728,0.06594837937836524,0.062249123123049324,0.8718024974985855
26729,0.13559106681868985,0.2243121073102571,0.6400968258710531
26730,0.14980560589204459,0.4498884387370827,0.40030595537087277
26731,0.07758019128232221,0.11211706054561904,0.8103027481720586
26732,0.23846785241012278,0.7429169943121714,0.018615153277705864
26733,0.04658976300393571,0.061856175599033274,0.891554061397031
26734,0.04810794925878418,0.1512461318941689,0.8006459188470468
26735,0.07950004314473902,0.1446275317928488,0.7758724250624123
26736,0.0969643525813881,0.13565478339849432,0.7673808640201176
26737,0.08403156764555982,0.23734221564912797,0.6786262167053124
26738,0.046637266464681346,0.08174973003883836,0.8716130034964804
26739,0.5202223654088193,0.07654509328692581,0.4032325413042549
26740,0.046672300687474015,0.0656766160748234,0.8876510832377026
26741,0.153163326220945,0.8104287464449499,0.03640792733410524
26742,0.036497758984413396,0.17109910361116723,0.7924031374044195
26743,0.13371575931179036,0.1758082107962596,0.69047602989195
26744,0.1292670508827353,0.39112188490995714,0.4796110642073077
26745,0.051415674382611756,0.09670080400275047,0.8518835216146378
26746,0.18196024211232734,0.18307294556752413,0.6349668123201485
26747,0.03936395481800179,0.25956600795971047,0.7010700372222878
26748,0.17418064870827385,0.4969159522770655,0.3289033990146607
26749,0.11422451523236705,0.2111393269834953,0.6746361577841377
26750,0.06415587950172429,0.1053650752439963,0.8304790452542794
26751,0.03598021689267337,0.10798791278656786,0.8560318703207587
26752,0.06451757680233025,0.5909696197355698,0.3445128034620998
26753,0.08118749366695985,0.08911673249058982,0.8296957738424503
26754,0.07647382285415363,0.04588145843827583,0.8776447187075704
26755,0.03329202905086988,0.06512917144277106,0.9015787995063591
26756,0.09419797495782607,0.080751288340842,0.8250507367013318
26757,0.14044339326690772,0.12519469536448402,0.7343619113686084
26758,0.07340246104484727,0.25932784238655104,0.6672696965686018
26759,0.07808527937464332,0.2873521041850669,0.6345626164402898
26760,0.15276544440060355,0.3202214747476453,0.5270130808517512
26761,0.05707634495287368,0.11272700968459413,0.8301966453625321
26762,0.07734339575491866,0.11367315280517397,0.8089834514399075
26763,0.036398981798797504,0.09534315736020033,0.8682578608410022
26764,0.08049903985728074,0.16657436016227556,0.7529265999804436
26765,0.11679458888397744,0.11648370824984623,0.7667217028661764
26766,0.07695673325858297,0.39438180441216697,0.52866146232925
26767,0.09276957506075735,0.22497420542705837,0.6822562195121843
26768,0.03396860685544876,0.9559025251410311,0.010128868003519859
26769,0.1349388580734537,0.2824103166494468,0.5826508252770995
26770,0.06203852890242917,0.27497696730690396,0.6629845037906669
26771,0.11840213564049495,0.8352840508274337,0.04631381353207121
26772,0.7057719368053488,0.06107811235027214,0.2331499508443791
26773,0.09249813732956949,0.07459792121157294,0.8329039414588577
26774,0.07172098839205392,0.15623951046345846,0.7720395011444875
26775,0.05232748806333199,0.25593735848373916,0.691735153452929
26776,0.06821350328396443,0.1253843617985638,0.8064021349174717
26777,0.04232654492239589,0.059625950489207054,0.898047504588397
26778,0.04827342652024733,0.07971896146301755,0.8720076120167353
26779,0.04110316308648264,0.09065270312434177,0.8682441337891756
26780,0.04443691462376772,0.10321618361976397,0.8523469017564684
26781,0.06498764972494452,0.11023191284771952,0.8247804374273361
26782,0.04324685956645703,0.06042678814289868,0.8963263522906444
26783,0.1869854800601522,0.2681842545013057,0.544830265438542
26784,0.11997360719234196,0.5884731984768284,0.2915531943308297
26785,0.06621209580412293,0.15745727191693165,0.7763306322789455
26786,0.6021163442360835,0.07315044255513602,0.32473321320878057
26787,0.022765508534495205,0.028845646546083674,0.9483888449194209
26788,0.15083067357788044,0.20689263487110401,0.6422766915510154
26789,0.1942485851699079,0.3205124752532602,0.48523893957683195
26790,0.03531986806270705,0.09251201093936114,0.8721681209979316
26791,0.04677974574870554,0.0643003447722798,0.8889199094790147
26792,0.10973985621073122,0.11283206751018354,0.7774280762790852
26793,0.05211997922191725,0.14652281839324852,0.8013572023848342
26794,0.05240708427588789,0.13210688335515186,0.8154860323689603
26795,0.07762202677271172,0.2581154665690319,0.6642625066582564
26796,0.03917549013053549,0.958578145075255,0.002246364794209635
26797,0.058103184477017795,0.40158084555513285,0.5403159699678495
26798,0.41318711187261975,0.1351768722621498,0.45163601586523044
26799,0.13775090693742587,0.1615386765355042,0.7007104165270699
26800,0.023881348730464647,0.9673582371432122,0.00876041412632336
26801,0.11349755512487407,0.5040134116753231,0.3824890331998029
26802,0.1205807924377582,0.11175905181484322,0.7676601557473985
26803,0.06453065466822527,0.13611204136505448,0.7993573039667201
26804,0.05157445375686829,0.13083326531733774,0.8175922809257941
26805,0.023661817845691165,0.06549638250900176,0.9108417996453072
26806,0.0667526820812735,0.13447372491084658,0.7987735930078799
26807,0.07309660527068958,0.11082386558105424,0.8160795291482561
26808,0.06022901691891147,0.20448187554644048,0.735289107534648
26809,0.07907546628160536,0.18806186008813852,0.732862673630256
26810,0.03576347074997157,0.2419644816698451,0.7222720475801833
26811,0.02752517309974386,0.040860607802047075,0.9316142190982091
26812,0.09325980185467558,0.09560338178812632,0.811136816357198
26813,0.07821192948415324,0.4694646991408346,0.4523233713750122
26814,0.10720305168653815,0.1470356558724019,0.7457612924410599
26815,0.08616243680986622,0.12654642315138045,0.7872911400387533
26816,0.07463259278338322,0.3474361430496329,0.5779312641669838
26817,0.07928377572763458,0.04131233733598221,0.879403886936383
26818,0.11443192518272777,0.07329452731521845,0.8122735475020538
26819,0.10427000576818761,0.2430951130230681,0.6526348812087444
26820,0.12148319539456229,0.8675946403253731,0.010922164280064572
26821,0.04669497295594334,0.9485350930918125,0.0047699339522440445
26822,0.10705803253423446,0.2731483830557792,0.6197935844099863
26823,0.024551621246704316,0.05556317154587159,0.919885207207424
26824,0.08430329284342608,0.05237191148176685,0.8633247956748072
26825,0.026624461273584175,0.060824805533874156,0.9125507331925415
26826,0.05029640770939412,0.06389990677666335,0.8858036855139425
26827,0.0794809047042024,0.09812236554279513,0.8223967297530026
26828,0.0384626300534888,0.08896346953684035,0.8725739004096706
26829,0.04024388309603537,0.15865369843533667,0.8011024184686281
26830,0.03993884592098629,0.08570564019356519,0.8743555138854484
26831,0.0366349951107118,0.08140305705985747,0.8819619478294306
26832,0.021165048349467575,0.027950001690202078,0.9508849499603302
26833,0.06486328348506412,0.08798852034187704,0.8471481961730587
26834,0.04137732546260194,0.10340494626272013,0.8552177282746779
26835,0.6556363371617223,0.09373731209495684,0.250626350743321
26836,0.16999692193554936,0.4848509613533334,0.3451521167111173
26837,0.07320816220899697,0.03180064891701963,0.8949911888739835
26838,0.12981661024758556,0.37010860327214157,0.5000747864802729
26839,0.7112576358017324,0.06170985101899766,0.22703251317927003
26840,0.09090966095329596,0.3958857201154306,0.5132046189312734
26841,0.0277655204438523,0.05018725335615366,0.9220472261999941
26842,0.03438428619710977,0.13363242013450147,0.8319832936683887
26843,0.12638851215112945,0.08828573757402902,0.7853257502748414
26844,0.1807574628110328,0.48242211942373503,0.3368204177652321
26845,0.607192728467343,0.035840913000764564,0.3569663585318925
26846,0.06170271893304593,0.1066019899175917,0.8316952911493624
26847,0.07374710745001471,0.2533396675779828,0.6729132249720025
26848,0.08472964503842512,0.05896023534595514,0.8563101196156196
26849,0.21505728513848935,0.08970919940383766,0.695233515457673
26850,0.06986432630925007,0.33791857031349837,0.5922171033772518
26851,0.144326644882962,0.1900309013822455,0.6656424537347925
26852,0.13772797249302404,0.6173712383464278,0.2449007891605481
26853,0.06318951934487055,0.06198651842064127,0.8748239622344882
26854,0.048043303480157375,0.9464477087476695,0.0055089877721732185
26855,0.07841698097996193,0.2753414686901417,0.6462415503298966
26856,0.11215572666134423,0.08014068837457762,0.8077035849640781
26857,0.12105791008095686,0.27528355522204967,0.6036585346969934
26858,0.06148007111704283,0.7327193877557862,0.20580054112717083
26859,0.05988250596980602,0.6047745090450514,0.3353429849851425
26860,0.07115944749590752,0.5593762518672635,0.369464300636829
26861,0.15661942891331848,0.24652552825421867,0.5968550428324628
26862,0.09210448493582231,0.32888494471183866,0.5790105703523392
26863,0.035285530062850755,0.10175602866205236,0.862958441275097
26864,0.04098328266547066,0.39419907841607454,0.5648176389184547
26865,0.08626431050914239,0.09551292709510463,0.8182227623957529
26866,0.020050684798538797,0.0826865286952786,0.8972627865061824
26867,0.041134941777732685,0.050357153877010674,0.9085079043452569
26868,0.032778184292809626,0.11262868895811617,0.8545931267490743
26869,0.018489019786912173,0.020026598778122,0.961484381434966
26870,0.027423959336369607,0.8657312278211241,0.10684481284250615
26871,0.1015418612348589,0.09139440955365405,0.8070637292114872
26872,0.07398265624750755,0.1662535075969272,0.7597638361555653
26873,0.07529948459067413,0.18168438888091973,0.7430161265284063
26874,0.08923501257998277,0.32702071319194836,0.583744274228069
26875,0.06670313289028283,0.2535624585123224,0.6797344085973949
26876,0.05542650288124009,0.08301232433254002,0.8615611727862201
26877,0.0706056531000876,0.11651547851150298,0.8128788683884094
26878,0.11386640594340601,0.1781410322248088,0.7079925618317854
26879,0.09099290136615705,0.21453106711071665,0.6944760315231262
26880,0.30905819515250466,0.07803324506786906,0.6129085597796263
26881,0.03239186862837131,0.13132954850502235,0.8362785828666063
26882,0.3207390289641823,0.10045608069604632,0.5788048903397712
26883,0.06199285187273683,0.07965897801056039,0.8583481701167026
26884,0.0712765181745628,0.33882044140572626,0.5899030404197109
26885,0.24727412402767524,0.1671525387085428,0.585573337263782
26886,0.08046103364311326,0.09522830541300938,0.8243106609438776
26887,0.029469000222356323,0.11128771521090695,0.8592432845667369
26888,0.13932006467330887,0.189219857655306,0.671460077671385
26889,0.04133366387149233,0.10946858511197383,0.8491977510165338
26890,0.0416120217880383,0.14906860095500887,0.8093193772569528
26891,0.05919328712580595,0.5038184007271395,0.4369883121470545
26892,0.09771057620546508,0.2182876460404529,0.6840017777540821
26893,0.055153954069370195,0.06898639623544085,0.8758596496951889
26894,0.06211190753330913,0.07381111279255116,0.8640769796741398
26895,0.13344006852068113,0.3397155960559719,0.5268443354233469
26896,0.06456135979123624,0.2098093962567757,0.725629243951988
26897,0.07439076851311673,0.1948759394115047,0.7307332920753787
26898,0.04270450741341988,0.05495655924478744,0.9023389333417926
26899,0.0889122670017336,0.1665678115391286,0.7445199214591378
26900,0.0700028631583619,0.20971261605853675,0.7202845207831012
26901,0.05285668594645162,0.2365800249949741,0.7105632890585745
26902,0.033019543802727584,0.040726415342183235,0.9262540408550889
26903,0.07557542766390242,0.24844657716679025,0.6759779951693075
26904,0.5142628831281215,0.4735334811514323,0.012203635720446252
26905,0.07108117935421228,0.07625907523303437,0.8526597454127536
26906,0.018771486214994308,0.029093480433430775,0.9521350333515749
26907,0.17015896287071341,0.10915288863883174,0.7206881484904549
26908,0.09489530284361906,0.13463838458320637,0.7704663125731747
26909,0.03739213447276684,0.7034771135941478,0.2591307519330855
26910,0.09434247357907811,0.3015881695558089,0.6040693568651129
26911,0.08310083762072741,0.14026247443347467,0.7766366879457978
26912,0.034301541996542936,0.07540230635100398,0.8902961516524531
26913,0.23934593968125362,0.13624891172534448,0.6244051485934019
26914,0.08468748414374079,0.1713536473953794,0.7439588684608799
26915,0.13020604909077088,0.11629578085498728,0.7534981700542418
26916,0.08793654246728855,0.9047646450704975,0.0072988124622138575
26917,0.042054589395441,0.09811931157444648,0.8598260990301124
26918,0.10000225280313439,0.15970347428909884,0.7402942729077667
26919,0.4197588908186593,0.14492410663082114,0.4353170025505196
26920,0.07228716480319373,0.31466143716266604,0.6130513980341401
26921,0.02193209570488988,0.7435464326117927,0.23452147168331747
26922,0.058156121374428604,0.42942795402314743,0.5124159246024241
26923,0.04810906224537809,0.08992223719646672,0.861968700558155
26924,0.08384701807251804,0.08332444049350277,0.8328285414339791
26925,0.07693511389103978,0.06037339962091864,0.8626914864880417
26926,0.13466290731501673,0.3383268720180598,0.5270102206669235
26927,0.05822899542661999,0.08148976381597413,0.8602812407574059
26928,0.0505063857546097,0.9420305134991218,0.007463100746268445
26929,0.04408107114696954,0.11800856235375769,0.8379103664992728
26930,0.05619582972082763,0.6000456510985867,0.3437585191805857
26931,0.23843740043400571,0.7439737034306667,0.01758889613532751
26932,0.06097569993448873,0.7139176505930418,0.2251066494724696
26933,0.3372066749908706,0.1803169476766087,0.48247637733252074
26934,0.0681912202296558,0.09963093126418088,0.8321778485061632
26935,0.07537559867746448,0.13703539956490673,0.7875890017576289
26936,0.06326814233613329,0.0663630216337845,0.8703688360300822
26937,0.07315746544271846,0.2744744678780418,0.6523680666792399
26938,0.17431811938980796,0.8036960902864018,0.021985790323790336
26939,0.5519325404974257,0.4333473129166528,0.014720146585921693
26940,0.06388258064266837,0.11648856786819065,0.8196288514891408
26941,0.07514265128698193,0.15812981042247337,0.7667275382905446
26942,0.14904544844392395,0.182218814757251,0.6687357367988249
26943,0.05708262128544952,0.34306191974177846,0.5998554589727721
26944,0.05794043720920125,0.05858316760735183,0.8834763951834468
26945,0.15795170491994281,0.4670662010125151,0.3749820940675422
26946,0.06169311415644947,0.08400455015010959,0.8543023356934409
26947,0.06530700059849899,0.3622257172426691,0.5724672821588319
26948,0.09345917922584299,0.2899076740207344,0.6166331467534227
26949,0.43502130495098007,0.1306069745278108,0.43437172052120915
26950,0.1807129272639771,0.23034263116324658,0.5889444415727766
26951,0.30561891039258177,0.3537859489304961,0.34059514067692215
26952,0.10075268642451055,0.2212578496058132,0.6779894639696762
26953,0.09190091609152247,0.029549604387761358,0.8785494795207162
26954,0.01904220970579678,0.06332549599237244,0.9176322943018309
26955,0.05314470827861281,0.46217186395917126,0.48468342776221596
26956,0.1672031850810344,0.2282340467981252,0.6045627681208403
26957,0.5569364065557976,0.13221504034869777,0.3108485530955045
26958,0.25629881941505483,0.14881311750357873,0.5948880630813665
26959,0.044269294677301244,0.22059121233500067,0.735139492987698
26960,0.06871083510346238,0.1363295988175126,0.7949595660790251
26961,0.04957406731875777,0.06826599231367585,0.8821599403675663
26962,0.04079788513874714,0.7190592385472608,0.240142876313992
26963,0.23246012579957287,0.09896978875040563,0.6685700854500215
26964,0.16111746046159964,0.10004644414090971,0.7388360953974905
26965,0.0762084145318474,0.4949479077810682,0.42884367768708453
26966,0.06456135979123624,0.2098093962567757,0.725629243951988
26967,0.049395467481643605,0.07998260655199119,0.8706219259663651
26968,0.09904143758940934,0.0867614247482542,0.8141971376623364
26969,0.025585545008118136,0.07010627996888308,0.9043081750229988
26970,0.07554624200069082,0.0802609406329742,0.844192817366335
26971,0.08739077497895309,0.22936090369663606,0.6832483213244109
26972,0.13399276781052372,0.27645264188986013,0.589554590299616
26973,0.054078491402894904,0.1485776523475667,0.7973438562495383
26974,0.0610555203825244,0.054913306070000015,0.8840311735474756
26975,0.057875933825076546,0.07071067983422837,0.871413386340695
26976,0.1351682236989324,0.8351058851741217,0.029725891126945948
26977,0.09166865004631357,0.23821141810842775,0.6701199318452588
26978,0.034798990138837714,0.14220111398119328,0.822999895879969
26979,0.051845336035719794,0.3470503562545588,0.6011043077097211
26980,0.04375470012115573,0.059230953934936666,0.8970143459439075
26981,0.10273660367698005,0.23857206922347862,0.6586913270995411
26982,0.04922668240102334,0.11775530331434284,0.8330180142846338
26983,0.09661942916819947,0.2048809407830344,0.6984996300487663
26984,0.07634179683502174,0.11637126908710532,0.807286934077873
26985,0.14640259729143118,0.2152951753246908,0.6383022273838782
26986,0.052367011107272605,0.04685383539900416,0.9007791534937232
26987,0.12026852458481335,0.4145653257526661,0.4651661496625207
26988,0.13106783907563138,0.44425906841821067,0.42467309250615787
26989,0.06696808905692224,0.26980638156862535,0.6632255293744523
26990,0.05971983588976859,0.10967685527423665,0.8306033088359949
26991,0.049205926085402245,0.1057705839217963,0.8450234899928015
26992,0.10058739168670697,0.35740361138948823,0.5420089969238048
26993,0.07891970704595472,0.1352721597574348,0.7858081331966102
26994,0.10895851719543152,0.15452765552044068,0.7365138272841277
26995,0.07029787046301064,0.33676808301127,0.5929340465257195
26996,0.03838653679394733,0.10888292929222408,0.8527305339138284
26997,0.26786608353694996,0.41038756468041465,0.32174635178263544
26998,0.3001561548553248,0.09342600356931648,0.6064178415753588
26999,0.2950319151562084,0.10939664042148227,0.5955714444223094
27000,0.0583351610112929,0.4953195739541634,0.4463452650345437
27001,0.0469819553496117,0.3713388802376028,0.5816791644127853
27002,0.05988629061733719,0.2621882442358764,0.6779254651467863
27003,0.10936788627938158,0.11168628631084347,0.7789458274097749
27004,0.057756198223711794,0.1098278735249215,0.8324159282513669
27005,0.058105840533068505,0.4223021622780155,0.519591997188916
27006,0.06975090364944654,0.10467521456080232,0.8255738817897511
27007,0.06637183619573409,0.7884519077488422,0.14517625605542384
27008,0.059221023862279044,0.1885208734379047,0.7522581026998162
27009,0.04601674579591343,0.21855573025406988,0.7354275239500168
27010,0.03524058593180612,0.09907158660896083,0.865687827459233
27011,0.15913804603349666,0.514047481361177,0.3268144726053264
27012,0.05714807378985041,0.08956743785614085,0.8532844883540087
27013,0.29832088214338603,0.1256776698955221,0.5760014479610922
27014,0.09683228127441476,0.5081786690277638,0.3949890496978215
27015,0.1184972098789948,0.3227364801660248,0.5587663099549803
27016,0.04273278285261609,0.06548785781272708,0.8917793593346568
27017,0.07647053938605944,0.1475282502374513,0.7760012103764892
27018,0.06670007576576747,0.1229138740648479,0.8103860501693847
27019,0.09122274978264065,0.1404570678039716,0.7683201824133876
27020,0.06333791212959779,0.43935618691141515,0.49730590095898697
27021,0.0672971969906063,0.3726063305105389,0.5600964724988549
27022,0.06688510799812729,0.250926731938456,0.6821881600634166
27023,0.10985099312134781,0.5147537851913202,0.3753952216873321
27024,0.06533433519569938,0.18938018522082492,0.7452854795834756
27025,0.1978200875132366,0.09725171851272912,0.7049281939740343
27026,0.03866118677365762,0.10660325812884414,0.8547355550974981
27027,0.1057236475609095,0.052411074366767604,0.8418652780723227
27028,0.2611273600204335,0.11883393715139105,0.6200387028281754
27029,0.05686911625727181,0.10860609020328849,0.8345247935394396
27030,0.15659885458416906,0.5016340030594778,0.341767142356353
27031,0.6432618590728619,0.1589304461253515,0.1978076948017864
27032,0.29068613117511166,0.10693091916505916,0.6023829496598292
27033,0.05179658935950193,0.057964307078182634,0.8902391035623156
27034,0.0531687486500841,0.09170593102227254,0.8551253203276437
27035,0.6402663142457715,0.09333556210533599,0.2663981236488924
27036,0.048968196376221844,0.03947101588413835,0.9115607877396399
27037,0.17206016975626207,0.16276970584395895,0.665170124399779
27038,0.06016685639057927,0.05699262854429649,0.8828405150651243
27039,0.20929351584095496,0.1434007830547468,0.6473057011042983
27040,0.07030335985792653,0.07991962016693392,0.8497770199751395
27041,0.021942280901148248,0.022994933785941474,0.9550627853129103
27042,0.2658429837182653,0.717600066649451,0.01655694963228351
27043,0.08136933784787848,0.09261007831184491,0.8260205838402769
27044,0.05706144464847629,0.1284225476559116,0.8145160076956122
27045,0.08837567314615152,0.11731501190026981,0.7943093149535786
27046,0.01955650555682199,0.038920171218458435,0.9415233232247197
27047,0.09584191193156222,0.48255680339027923,0.4216012846781586
27048,0.19083790296134256,0.801909956725206,0.007252140313451438
27049,0.08326407891011683,0.43765408560392854,0.47908183548595457
27050,0.032442566288212994,0.06894186761812819,0.8986155660936589
27051,0.11906355408102834,0.28972270415637125,0.5912137417626004
27052,0.025440386078928897,0.07455867571378712,0.9000009382072839
27053,0.04575305934853927,0.20762293643225627,0.7466240042192044
27054,0.08505731302381965,0.0998539714258166,0.8150887155503637
27055,0.1472150780012206,0.8353241376075676,0.01746078439121173
27056,0.25756175907820644,0.7310433917019737,0.011394849219819902
27057,0.038193908199265235,0.2019114139184689,0.759894677882266
27058,0.1429267697380313,0.11882943324159329,0.7382437970203753
27059,0.052887997508773626,0.08194115207775647,0.8651708504134697
27060,0.06029816632642096,0.13589737191811216,0.8038044617554668
27061,0.4155504877890827,0.13580270459814156,0.4486468076127757
27062,0.11960795735823307,0.0898536776958398,0.7905383649459271
27063,0.06205542756721899,0.07361576891422747,0.8643288035185535
27064,0.029288840041088834,0.025975680802894602,0.9447354791560166
27065,0.047253453217678716,0.35977981340274023,0.592966733379581
27066,0.035320557063634316,0.05455111420160723,0.9101283287347587
27067,0.04356562771663371,0.11675602260725611,0.8396783496761103
27068,0.4233150591532966,0.12205505228384575,0.4546298885628576
27069,0.022592585539751957,0.04242876187234238,0.9349786525879056
27070,0.0392890907540579,0.04123225788998444,0.9194786513559575
27071,0.0485665112383906,0.0712037603815294,0.8802297283800797
27072,0.08707463012710774,0.3114832159100042,0.6014421539628879
27073,0.10504670015846854,0.17204940442694328,0.7229038954145883
27074,0.09771916870059587,0.309890569358319,0.5923902619410851
