index,0,1,2
26457,0.05413879488649287,0.2102675177646452,0.735593687348862
26458,0.21373140463716686,0.20563086513810744,0.5806377302247258
26459,0.09482303522578414,0.12738372322542474,0.7777932415487911
26460,0.10195269951272579,0.10628456635214778,0.7917627341351265
26461,0.06724653194756211,0.24170675975324793,0.6910467082991899
26462,0.023451404674475266,0.118778630450452,0.8577699648750728
26463,0.22781931569115804,0.7389451900989257,0.03323549420991634
26464,0.07681025089952592,0.11216329199799617,0.8110264571024779
26465,0.03855944254366042,0.10838902778068556,0.853051529675654
26466,0.028014522120361245,0.3180803227975166,0.6539051550821222
26467,0.19411240322921047,0.18255816563424201,0.6233294311365476
26468,0.11940854091524218,0.13417907325128361,0.7464123858334741
26469,0.7034145049810923,0.13962546497959902,0.1569600300393088
26470,0.27869859584468604,0.14081179095956142,0.5804896131957527
26471,0.0541814589838344,0.06487820967784405,0.8809403313383216
26472,0.2143681231995207,0.17125346842748526,0.6143784083729942
26473,0.11453314346596596,0.07188147747936069,0.8135853790546733
26474,0.25068966026320055,0.7331490895752409,0.01616125016155849
26475,0.3027163505461356,0.2994542324692124,0.397829416984652
26476,0.015200109478526392,0.017611036724293892,0.9671888537971796
26477,0.1324767335198019,0.10689356211666239,0.7606297043635358
26478,0.010683743921189304,0.012201624930021925,0.9771146311487888
26479,0.0595469773432733,0.12424126695391255,0.8162117557028141
26480,0.1066022727472252,0.11554793018377692,0.7778497970689979
26481,0.04729055469299568,0.21683838690248552,0.7358710584045187
26482,0.10202037113689752,0.11634283864815846,0.781636790214944
26483,0.03683305179330464,0.11861323185887551,0.84455371634782
26484,0.12666261313689858,0.17128779245431533,0.7020495944087861
26485,0.09170785995996926,0.0859002028154425,0.8223919372245883
26486,0.06880865409197556,0.159412303613367,0.7717790422946574
26487,0.05092827960148379,0.10387381795683859,0.8451979024416776
26488,0.11312277988399218,0.8232500702952052,0.0636271498208025
26489,0.0595054396497222,0.19978463879741654,0.7407099215528612
26490,0.08545877359781903,0.1954920878399563,0.7190491385622246
26491,0.05060639030963694,0.10019626827417336,0.8491973414161897
26492,0.07499324514998078,0.16263659780886627,0.762370157041153
26493,0.35312988407365775,0.6401410982067107,0.006729017719631499
26494,0.16378771413318743,0.17903092501455908,0.6571813608522535
26495,0.06885043217868524,0.1391554757818836,0.791994092039431
26496,0.12263366162086098,0.19432712378818517,0.6830392145909537
26497,0.09166072541237488,0.7589384344869079,0.14940084010071716
26498,0.16745081591538358,0.4790440806145201,0.35350510347009634
26499,0.06858201949484363,0.14518435463654933,0.7862336258686071
26500,0.10549412870153851,0.37628234295679003,0.5182235283416714
26501,0.10356781662495593,0.1385029341321243,0.7579292492429197
26502,0.02860567941453096,0.047124466543882776,0.9242698540415862
26503,0.21097800217909332,0.45763599500204294,0.3313860028188637
26504,0.061734949471495215,0.11340957530154923,0.8248554752269556
26505,0.0668555674872324,0.06939539740803294,0.8637490351047348
26506,0.10064448922357634,0.8676001448349121,0.031755365941511654
26507,0.1038518830496001,0.8895578272822953,0.006590289668104578
26508,0.16342209586414863,0.22881572570960734,0.607762178426244
26509,0.11046133961520037,0.19937688997071676,0.6901617704140829
26510,0.055961732016803635,0.2431822436150965,0.7008560243680998
26511,0.03435130509681816,0.06349103999093872,0.9021576549122431
26512,0.6503062334394301,0.17785165661232466,0.1718421099482452
26513,0.04265989005442899,0.1898758760294186,0.7674642339161524
26514,0.03328513681543881,0.07643872401740656,0.8902761391671546
26515,0.38824132777331066,0.08329841592070397,0.5284602563059854
26516,0.07742651534228816,0.3045709441478978,0.618002540509814
26517,0.23342109022434016,0.7369025258373357,0.029676383938324086
26518,0.05986309129115584,0.0812834621163438,0.8588534465925004
26519,0.38171050488407426,0.12373144283036615,0.49455805228555966
26520,0.040282972337096074,0.7213815365937157,0.23833549106918825
26521,0.1021604461410855,0.23425893146421828,0.6635806223946963
26522,0.07961802852435027,0.0964296631495906,0.8239523083260591
26523,0.08208911746486491,0.3467445282647842,0.5711663542703509
26524,0.025853055461089756,0.1282193693797236,0.8459275751591866
26525,0.28047406188536195,0.20337557228913847,0.5161503658254996
26526,0.05631487736430194,0.1082107164028508,0.8354744062328473
26527,0.0779802969999102,0.09232881516204734,0.8296908878380425
26528,0.12130001396593477,0.8630656016592851,0.01563438437478004
26529,0.21230376867512551,0.08068800946914399,0.7070082218557305
26530,0.07883630175843893,0.10944485861934512,0.8117188396222159
26531,0.021690464259194416,0.10820941031638362,0.870100125424422
26532,0.10875675418412842,0.12901214096294336,0.7622311048529282
26533,0.026970158899515935,0.16417888304801892,0.8088509580524651
26534,0.07463316526451932,0.15952368678022014,0.7658431479552605
26535,0.030168200882947832,0.09046582195460004,0.8793659771624522
26536,0.21324422265493528,0.3018400353973744,0.48491574194769027
26537,0.04796593937598239,0.04894250518524608,0.9030915554387716
26538,0.06089282155905522,0.4420492055101922,0.49705797293075255
26539,0.045807280083383695,0.1760534264005567,0.7781392935160596
26540,0.07697884810574114,0.27040086154057885,0.6526202903536801
26541,0.06802292849984615,0.12230065135582742,0.8096764201443264
26542,0.06598719043063235,0.2014002596641123,0.7326125499052555
26543,0.03712438834175782,0.09566335607390959,0.8672122555843327
26544,0.07565271868850301,0.14578810849231286,0.7785591728191841
26545,0.07734801831539376,0.25163263357572924,0.6710193481088771
26546,0.09594370695168644,0.13378952319412582,0.7702667698541876
26547,0.054193143444081646,0.08028327800952934,0.8655235785463888
26548,0.084538579826908,0.08849032737439284,0.8269710927986992
26549,0.15519995848621998,0.8251880124546899,0.019612029059090146
26550,0.043456996540198176,0.23921159911665946,0.7173314043431424
26551,0.051683631127386664,0.2202074064314273,0.7281089624411858
26552,0.06021357230577975,0.11979733217668784,0.8199890955175324
26553,0.025358132274146877,0.06140181562391698,0.9132400521019362
26554,0.08570366040387332,0.3954752137764789,0.5188211258196478
26555,0.06296467637200255,0.14027072986889486,0.7967645937591026
26556,0.06476638747373024,0.18200246831567188,0.7532311442105979
26557,0.01624963158733641,0.01799368610460552,0.9657566823080581
26558,0.3422356058912116,0.16563494657319958,0.49212944753558885
26559,0.27272242983052675,0.23230714579808004,0.4949704243713932
26560,0.09475046430672719,0.2508478137951546,0.6544017218981182
26561,0.09679759348529782,0.27460119260031596,0.6286012139143862
26562,0.07626890994072831,0.08710061978198588,0.8366304702772858
26563,0.06381580628329694,0.1443014378137715,0.7918827559029317
26564,0.06384117247279883,0.15699532713773875,0.7791635003894625
26565,0.09948231481137262,0.390451295882695,0.5100663893059324
26566,0.14359304347827134,0.12518131335762372,0.7312256431641049
26567,0.05072338627845994,0.21848725450278575,0.7307893592187543
26568,0.3463337841659383,0.6036068522213754,0.050059363612686245
26569,0.05252020774650819,0.12106975442076924,0.8264100378327225
26570,0.23881337887249887,0.2012493460043944,0.5599372751231066
26571,0.05012077242187908,0.0702558423075567,0.8796233852705642
26572,0.08532094801476173,0.22867256838846703,0.6860064835967712
26573,0.06328618213565583,0.18820396886158547,0.7485098490027587
26574,0.19899055578071742,0.1451157189626976,0.655893725256585
26575,0.14145690242463957,0.15540612980674695,0.7031369677686135
26576,0.06850464939122097,0.057121402556926514,0.8743739480518524
26577,0.0654602170722167,0.09571303933952077,0.8388267435882625
26578,0.17752461388908908,0.33578667503044113,0.4866887110804698
26579,0.13000725069659608,0.8243880514400044,0.04560469786339966
26580,0.0154708036907585,0.017873141845164024,0.9666560544640774
26581,0.073579949800773,0.10371344653129762,0.8227066036679294
26582,0.04037937686926618,0.08057587958736778,0.8790447435433659
26583,0.1810650894217496,0.15865959457719797,0.6602753160010524
26584,0.08021581775542845,0.15490418852148616,0.7648799937230853
26585,0.1358138943501636,0.3621006253910159,0.5020854802588205
26586,0.35200815990273204,0.2939246384019208,0.3540672016953473
26587,0.257736823717692,0.46554278030440194,0.2767203959779061
26588,0.10008167202263643,0.2904273903002904,0.6094909376770732
26589,0.23448073360804728,0.11981097696964615,0.6457082894223066
26590,0.11276271389458403,0.5738891438995479,0.31334814220586815
26591,0.19785107600224666,0.785022604531452,0.017126319466301297
26592,0.15460433772896345,0.20686683244438614,0.6385288298266505
26593,0.06130400272501475,0.18451895788750547,0.7541770393874797
26594,0.18226727172249704,0.1699184421612421,0.6478142861162608
26595,0.029198196224203932,0.09300299314906776,0.8777988106267284
26596,0.12664470300315764,0.17375417095835924,0.6996011260384831
26597,0.11389972072681213,0.3239332193387098,0.5621670599344781
26598,0.11871977549349436,0.17870405456076927,0.7025761699457365
26599,0.04726429697220833,0.09831484194676451,0.8544208610810271
26600,0.04499676088714232,0.1130350427971892,0.8419681963156684
26601,0.10492937398373225,0.2361146171373035,0.6589560088789643
26602,0.13834919591732125,0.12948705247752337,0.7321637516051555
26603,0.1467141223720349,0.12896008281016266,0.7243257948178023
26604,0.060078172228662685,0.12600738611244958,0.8139144416588877
26605,0.10513569088488436,0.17858529280845187,0.7162790163066638
26606,0.16488971454041992,0.16906493491807867,0.6660453505415015
26607,0.08446990510330345,0.897979993596649,0.017550101300047482
26608,0.04419686738175789,0.20624062685960873,0.7495625057586334
26609,0.06441438943663244,0.12306531755553204,0.8125202930078356
26610,0.4300736561650284,0.5304145064482928,0.039511837386678794
26611,0.10218836046509956,0.21531485652801363,0.6824967830068868
26612,0.0693717166565899,0.3782117792614499,0.5524165040819603
26613,0.13490165168474005,0.15285349611272567,0.7122448522025342
26614,0.08372950946248123,0.1319445322613019,0.7843259582762168
26615,0.033859329848164796,0.03903304925752601,0.9271076208943091
26616,0.09432179045307734,0.16261309239683303,0.7430651171500896
26617,0.2552180303916903,0.3308092010845673,0.4139727685237423
26618,0.1164393173320221,0.24654300553643296,0.637017677131545
26619,0.16275833511234591,0.247399715742812,0.589841949144842
26620,0.25921731697785355,0.731467322750821,0.00931536027132538
26621,0.09058366268011539,0.10783376526297812,0.8015825720569065
26622,0.14325359110824626,0.21924332149346837,0.6375030873982854
26623,0.05525920740062702,0.5279147754325818,0.4168260171667912
26624,0.05482626794135982,0.12435919569139271,0.8208145363672473
26625,0.11842098642640286,0.15230778961929345,0.7292712239543035
26626,0.13605891622390862,0.11554525939608365,0.7483958243800076
26627,0.06059789312527125,0.2038404440657863,0.7355616628089424
26628,0.0889101210622826,0.18267343820950227,0.728416440728215
26629,0.03386713552782712,0.060592919771024066,0.9055399447011487
26630,0.11773038232605963,0.24361152825052956,0.6386580894234108
26631,0.09517057126440356,0.17884171295489656,0.7259877157806999
26632,0.316830676874365,0.12261953653863752,0.5605497865869975
26633,0.05377810491352904,0.17403538572308083,0.7721865093633901
26634,0.1272810928094899,0.10538394907396895,0.7673349581165411
26635,0.03174592487670601,0.12540956405418505,0.842844511069109
26636,0.04888539023023366,0.15523448686668387,0.7958801229030825
26637,0.03204172484843941,0.08232801030400853,0.885630264847552
26638,0.09409978381181316,0.5782790527126485,0.3276211634755384
26639,0.13851595834984937,0.2576720913094468,0.6038119503407038
26640,0.10331906206377088,0.13765689723038288,0.7590240407058462
26641,0.2231296378498795,0.4882218989402386,0.2886484632098819
26642,0.046198129039379796,0.07891267739348391,0.8748891935671363
26643,0.10044866645485366,0.09910991216698871,0.8004414213781577
26644,0.02268196265511798,0.026585509833940524,0.9507325275109414
26645,0.07492772652678249,0.09363235826741648,0.8314399152058011
26646,0.5553222528908406,0.19732801201104044,0.247349735098119
26647,0.06988853763823887,0.11267489889083364,0.8174365634709275
26648,0.0576007475181712,0.4057987662296008,0.536600486252228
26649,0.02652970068225271,0.1324250962231625,0.8410452030945847
26650,0.4741908307102012,0.47900337887920497,0.04680579041059389
26651,0.14941803913992793,0.6516353499269683,0.1989466109331039
26652,0.2382246898935732,0.12706634963404723,0.6347089604723796
26653,0.13835009152955793,0.1401754155961943,0.7214744928742478
26654,0.14913111935717172,0.3530464798070832,0.49782240083574514
26655,0.09192009442852085,0.17916834322976533,0.7289115623417138
26656,0.1462679523497709,0.27815702634919637,0.5755750213010328
26657,0.06102269569555867,0.14936673199616443,0.7896105723082769
26658,0.07690201652663195,0.18313465005532759,0.7399633334180404
26659,0.15094649759731318,0.29938087831915555,0.5496726240835313
26660,0.04040268954832428,0.21997567555602138,0.7396216348956542
26661,0.16414672404746514,0.13352131298622275,0.7023319629663121
26662,0.0447361865465537,0.22391562631447223,0.731348187138974
26663,0.16524749130557653,0.12644823132814542,0.7083042773662781
26664,0.09611717955488265,0.24496536378092895,0.6589174566641884
26665,0.12459097544769884,0.16032472501137857,0.7150842995409226
26666,0.1447556713383103,0.43309298846380295,0.4221513401978868
26667,0.04887107668408942,0.07615515976184457,0.874973763554066
26668,0.13106198056939694,0.5025241563215042,0.3664138631090989
26669,0.09920918395172018,0.2597100837539767,0.6410807322943031
26670,0.2173755265838925,0.302129650226478,0.48049482318962955
26671,0.15828778455810918,0.08138144810771784,0.760330767334173
26672,0.1053743530836007,0.09640854271535515,0.7982171042010442
26673,0.08668639263679342,0.13903680781690747,0.7742767995462991
26674,0.29220265203257834,0.12424879658059611,0.5835485513868256
26675,0.029338233113863594,0.07866408476790658,0.8919976821182299
26676,0.04594548098242364,0.11853525718532727,0.8355192618322491
26677,0.043330740788107405,0.04316239346418845,0.913506865747704
26678,0.07109323628113107,0.24643422736469062,0.6824725363541784
26679,0.14414387616449822,0.1757205295512923,0.6801355942842094
26680,0.02593330306023429,0.06920916142461701,0.9048575355151488
26681,0.02720833360724833,0.11789412354011827,0.8548975428526333
26682,0.1322459350635912,0.200341707485126,0.6674123574512829
26683,0.08939310268301223,0.38461155537399455,0.5259953419429932
26684,0.048704993478087474,0.17175454044825167,0.7795404660736608
26685,0.2253019631748258,0.2478029720846781,0.5268950647404961
26686,0.09341983766363696,0.21515014293897577,0.6914300193973872
26687,0.12911468061569237,0.1432225446817646,0.7276627747025431
26688,0.31692975643145466,0.5755665073431497,0.10750373622539564
26689,0.18871222483035927,0.18824050806314957,0.6230472671064912
26690,0.03469643664286517,0.10326716671035159,0.8620363966467833
26691,0.09059995931609263,0.13242210935362234,0.776977931330285
26692,0.03623919591235414,0.32374477925197886,0.640016024835667
26693,0.4454745887950958,0.14428009388750754,0.41024531731739666
26694,0.5964433017668854,0.3833184150969745,0.020238283136140088
26695,0.04042795586435045,0.06150464340055452,0.8980674007350951
26696,0.13266564470605355,0.0987971387636044,0.7685372165303421
26697,0.01737400321959264,0.029266141624400922,0.9533598551560065
26698,0.08951305433185168,0.11647851629905429,0.794008429369094
26699,0.07788760139090989,0.36171508770663063,0.5603973109024596
26700,0.03427280694841185,0.17393509857741854,0.7917920944741695
26701,0.11292057066167838,0.4965600524346467,0.3905193769036749
26702,0.08764604918392396,0.4955338471202998,0.4168201036957762
26703,0.07723192501109288,0.1188662903765926,0.8039017846123144
26704,0.04860501189100988,0.07162170617241652,0.8797732819365736
26705,0.06168033523484846,0.11450269096592898,0.8238169737992227
26706,0.08188222720895637,0.152021135734951,0.7660966370560927
26707,0.30396391571270837,0.1693428428651686,0.5266932414221229
26708,0.14930542887333012,0.16065736561874128,0.6900372055079286
26709,0.03430384556739676,0.05977311608182147,0.9059230383507819
26710,0.07666358769661696,0.1897691321423708,0.7335672801610122
26711,0.2656081094293074,0.12416309769370071,0.6102287928769918
26712,0.14280660076590662,0.2169079078172122,0.6402854914168812
26713,0.19162185071209864,0.5302412813273447,0.2781368679605567
26714,0.06037204226006162,0.15112353030290543,0.788504427437033
26715,0.02420025576098121,0.22948053792466072,0.746319206314358
26716,0.13341369916286103,0.613997706816788,0.25258859402035094
26717,0.026379324574396106,0.14148562273163168,0.8321350526939721
26718,0.08342525552956812,0.2295768811106293,0.6869978633598026
26719,0.14583425545083992,0.24978769978336354,0.6043780447657965
26720,0.08800195072654156,0.16664797608657772,0.7453500731868807
26721,0.11527056274949476,0.3113545325450011,0.5733749047055042
26722,0.13984375347989525,0.10944608787518784,0.7507101586449169
26723,0.1181329752704926,0.13983370914162455,0.7420333155878829
26724,0.10313280786821195,0.3991308785469341,0.49773631358485393
26725,0.08064110138362882,0.26390656632733667,0.6554523322890345
26726,0.1457153620381348,0.32782697104710856,0.5264576669147567
26727,0.031715260711511394,0.07649894644841275,0.8917857928400759
26728,0.09000227484901088,0.199482933117305,0.7105147920336842
26729,0.16816403366892352,0.2416519717558651,0.5901839945752114
26730,0.26863310031092985,0.4806350005812571,0.250731899107813
26731,0.07869650849078477,0.17765604843458693,0.7436474430746284
26732,0.1990835960472831,0.7830346626822792,0.017881741270437783
26733,0.03242905070070491,0.07298093129965466,0.8945900179996403
26734,0.06218050259508702,0.27660654039188914,0.6612129570130238
26735,0.09068410723832473,0.15691429113880068,0.7524016016228745
26736,0.14420811501352201,0.1315893846015616,0.7242025003849164
26737,0.12082403778973054,0.16315519193358474,0.7160207702766848
26738,0.07280247510717876,0.12667357612509633,0.8005239487677249
26739,0.2750716503540914,0.1047627250159654,0.6201656246299432
26740,0.012775296652799677,0.013204191979473945,0.9740205113677265
26741,0.15494191700597665,0.7933465502216418,0.05171153277238157
26742,0.057764860874500126,0.17324330952930098,0.7689918295961988
26743,0.13438237914770226,0.21069823266003276,0.654919388192265
26744,0.09442731647858082,0.2987428745388184,0.6068298089826006
26745,0.0661741432426987,0.13624024912495938,0.7975856076323419
26746,0.14449617998296294,0.20099880138261236,0.6545050186344247
26747,0.12477405294450176,0.40862639440263615,0.466599552652862
26748,0.19224261513974775,0.4142295895773597,0.3935277952828925
26749,0.10002028189364229,0.29183987441764997,0.6081398436887077
26750,0.034872405054241065,0.10283869765421035,0.8622888972915485
26751,0.013457821756241172,0.015885089066174654,0.970657089177584
26752,0.06498521313255676,0.7172365734604271,0.21777821340701614
26753,0.06383776719907594,0.08852399708191283,0.8476382357190113
26754,0.08306424967184509,0.06341318335517117,0.8535225669729838
26755,0.04046719559285582,0.10250136544443662,0.8570314389627075
26756,0.09029116224641061,0.11364128090674955,0.7960675568468397
26757,0.0644551173029507,0.1058532121413253,0.829691670555724
26758,0.08267142431489827,0.2940572043907448,0.623271371294357
26759,0.07620713616411358,0.17211338445204147,0.7516794793838449
26760,0.12024453685601644,0.18819832094576588,0.6915571421982177
26761,0.07626706373831807,0.16284119599457691,0.760891740267105
26762,0.08569889642551042,0.17454950559069607,0.7397515979837935
26763,0.05810466495942549,0.13052053062916952,0.8113748044114051
26764,0.10498504036949918,0.19426207269772494,0.7007528869327758
26765,0.01786143942343091,0.019277190891792452,0.9628613696847765
26766,0.05838473977046088,0.304309738366575,0.6373055218629641
26767,0.11928046824121401,0.21758359430706173,0.6631359374517243
26768,0.048748618915254296,0.9393717012907702,0.011879679793975566
26769,0.14492554395407248,0.2447063375580231,0.6103681184879045
26770,0.06811881961537317,0.22285043791551176,0.7090307424691151
26771,0.1611012487247111,0.7995279348645804,0.03937081641070849
26772,0.6142391159206749,0.1115950124356762,0.2741658716436489
26773,0.028073928893790005,0.028890605640150484,0.9430354654660595
26774,0.5549611144453973,0.21385764738137752,0.23118123817322517
26775,0.05734272840560858,0.20138992357451596,0.7412673480198755
26776,0.09570172885802522,0.16762405085646,0.7366742202855148
26777,0.0488330655794459,0.07458188558777049,0.8765850488327838
26778,0.085174838394692,0.10688212891893185,0.8079430326863761
26779,0.05518281276683741,0.1049974805395576,0.839819706693605
26780,0.01140767265783747,0.0790600729452201,0.9095322543969425
26781,0.03401214192822321,0.08063208624873361,0.8853557718230431
26782,0.03433737670232593,0.0569122262170052,0.908750397080669
26783,0.186871102754696,0.27262820682948397,0.54050069041582
26784,0.1240549809023563,0.5392587919515464,0.33668622714609747
26785,0.05480773884166049,0.21815209943446828,0.7270401617238712
26786,0.4296030317985743,0.09593486580009572,0.47446210240133
26787,0.016739539257192824,0.038800875552302806,0.9444595851905044
26788,0.14320113793609432,0.2985086011151121,0.5582902609487935
26789,0.1273829767459619,0.17888884550217227,0.6937281777518658
26790,0.037706267241975934,0.09843292379636744,0.8638608089616566
26791,0.02912144481285563,0.12386517927133447,0.84701337591581
26792,0.19002851825268666,0.2233089940720227,0.5866624876752906
26793,0.06250854816359477,0.1417570215556622,0.795734430280743
26794,0.04599158507191003,0.13750785426899817,0.8165005606590917
26795,0.15837133545553284,0.28167413892402593,0.5599545256204412
26796,0.10902783878386013,0.8696181284880682,0.021354032728071737
26797,0.025901257699768254,0.24754409114616238,0.7265546511540694
26798,0.27614833290348495,0.11045796745416614,0.6133936996423488
26799,0.09473461346729664,0.13672804287373058,0.7685373436589727
26800,0.04576467903822312,0.9365934574310124,0.017641863530764544
26801,0.15426092548560283,0.47859655918392086,0.36714251533047626
26802,0.08504738829363837,0.09560730868700233,0.8193453030193594
26803,0.07127000870994094,0.15336744206530545,0.7753625492247537
26804,0.05650793438103193,0.1259642428690782,0.8175278227498899
26805,0.018576456720649257,0.022180689131435054,0.9592428541479157
26806,0.07834954529581092,0.1723129460445577,0.7493375086596314
26807,0.09818473165151849,0.14325245223631827,0.7585628161121633
26808,0.10483177109879685,0.15551961326935543,0.7396486156318478
26809,0.0865977821726751,0.18512165917684936,0.7282805586504756
26810,0.05350280091844354,0.26874232774330514,0.6777548713382513
26811,0.03377895330650459,0.04882399727864846,0.917397049414847
26812,0.1287224145582865,0.15930652909561038,0.7119710563461031
26813,0.07969642478163541,0.4215451006531675,0.49875847456519695
26814,0.12272453307348855,0.1715564451098296,0.7057190218166818
26815,0.09977150685110395,0.170250869499865,0.7299776236490312
26816,0.04610640618218432,0.3839653691271184,0.5699282246906973
26817,0.1060936799099029,0.057460612071204675,0.8364457080188924
26818,0.11135660369994078,0.0704008256674887,0.8182425706325706
26819,0.1007597819213772,0.2785915527237355,0.6206486653548875
26820,0.1292738619291542,0.8614715087984213,0.009254629272424559
26821,0.14453106371333246,0.838763823823711,0.01670511246295666
26822,0.12297001438310187,0.22390691472185287,0.6531230708950453
26823,0.027153092969977553,0.030415957302292802,0.9424309497277298
26824,0.1021367572407825,0.08890706631697909,0.8089561764422385
26825,0.12547921377135926,0.10175524430622059,0.7727655419224201
26826,0.09807675290509671,0.13005470584698625,0.7718685412479169
26827,0.08093399388466659,0.11208598195530126,0.8069800241600321
26828,0.022075328849250887,0.24020412493263463,0.7377205462181144
26829,0.03603671880731899,0.14988203030414024,0.8140812508885407
26830,0.012855237277384463,0.04302882757894623,0.9441159351436692
26831,0.05586742243476315,0.1051860840664387,0.838946493498798
26832,0.06715093198534668,0.10074347737333586,0.8321055906413175
26833,0.029392004882538052,0.07680346709623345,0.8938045280212285
26834,0.09049782932751292,0.1074013280494804,0.8021008426230068
26835,0.6184208548523403,0.12598427805068832,0.2555948670969713
26836,0.245823061732648,0.3245898856759516,0.4295870525914003
26837,0.07351879787114296,0.057028399174874844,0.8694528029539821
26838,0.12367763057608214,0.3104494343202734,0.5658729351036446
26839,0.7525022304185738,0.07603059943122577,0.17146717015020055
26840,0.023332447382429736,0.029269997671018157,0.9473975549465521
26841,0.09252279503026746,0.07350980279956652,0.833967402170166
26842,0.06036371646608044,0.17148943348885598,0.7681468500450636
26843,0.08801934033576081,0.07229134386426764,0.8396893157999715
26844,0.14229290535729447,0.3914939589357063,0.46621313570699907
26845,0.3579664517956007,0.08569144113347313,0.556342107070926
26846,0.0612028595887585,0.10608536641865163,0.83271177399259
26847,0.6066652015692906,0.2150684046375375,0.1782663937931718
26848,0.058954670894296325,0.054785317833818424,0.8862600112718854
26849,0.18748863280228995,0.13223216155071518,0.6802792056469948
26850,0.0839037511129432,0.35400464971671114,0.5620915991703457
26851,0.10140925404069437,0.1463180005865099,0.7522727453727956
26852,0.2842307440064906,0.605166951941617,0.11060230405189249
26853,0.0744068599014098,0.079693856226268,0.845899283872322
26854,0.0944407890339752,0.8951163181392495,0.010442892826775314
26855,0.10044557851908524,0.29234114110636045,0.6072132803745542
26856,0.09449987103425074,0.13540666582827962,0.7700934631374696
26857,0.1346164239851249,0.22196851016381697,0.643415065851058
26858,0.12568329650824533,0.6670073562912033,0.20730934720055144
26859,0.08960479381330462,0.5212695098159379,0.3891256963707574
26860,0.03186031681009933,0.35304714214939237,0.6150925410405083
26861,0.10318660698632443,0.2730522084784227,0.6237611845352529
26862,0.08963710261963123,0.41646478762012684,0.49389810976024195
26863,0.04590346722952682,0.11202082199409813,0.8420757107763752
26864,0.08627254600230772,0.3010838654860716,0.6126435885116207
26865,0.061485140848748523,0.14935344876141846,0.789161410389833
26866,0.027796366410277162,0.14547138421914096,0.826732249370582
26867,0.05975792564650632,0.0915538927789513,0.8486881815745424
26868,0.033871232750756874,0.15155451495742187,0.8145742522918212
26869,0.046469563559309174,0.0563125983377019,0.8972178381029889
26870,0.09238742584925319,0.721161009442209,0.18645156470853783
26871,0.13614424611398343,0.14581815323735933,0.7180376006486573
26872,0.10141011102620497,0.21771406339142163,0.6808758255823735
26873,0.03227718846134909,0.12229120505443622,0.8454316064842147
26874,0.12450476917664473,0.369506645661501,0.5059885851618542
26875,0.07364620569156331,0.2739281496501508,0.6524256446582859
26876,0.053570991779873414,0.0818077445943006,0.864621263625826
26877,0.05137050840054991,0.0939355070927422,0.8546939845067077
26878,0.6696893189519838,0.16234969941377955,0.1679609816342366
26879,0.0853704183586067,0.2035429172405821,0.7110866644008111
26880,0.28794226056273514,0.10885451968340083,0.6032032197538639
26881,0.07366740512957724,0.14228394680717887,0.784048648063244
26882,0.19412729289627975,0.11357069437715317,0.6923020127265671
26883,0.07275195445798055,0.07868535738120708,0.8485626881608124
26884,0.11622063245775335,0.38400650812750275,0.4997728594147439
26885,0.21743645709051287,0.2508250221143992,0.531738520795088
26886,0.05898592506978155,0.1500249663709315,0.790989108559287
26887,0.05347028734459249,0.10715765293675954,0.839372059718648
26888,0.10987802138335805,0.2344441103896413,0.6556778682270006
26889,0.07359217522478168,0.22005622952516385,0.7063515952500545
26890,0.03309297201479523,0.10935312385813083,0.8575539041270741
26891,0.06382494090178872,0.25228979702985826,0.6838852620683531
26892,0.0434508418713397,0.21094632395263865,0.7456028341760217
26893,0.1185127501407813,0.11760799106959792,0.7638792587896208
26894,0.14467218210770816,0.10794414591047988,0.747383671981812
26895,0.09335279809863488,0.2889093384440242,0.6177378634573409
26896,0.07006476704751916,0.20006096306270135,0.7298742698897793
26897,0.10295595807614606,0.18817935523286888,0.708864686690985
26898,0.06259678903456187,0.11746913663377563,0.8199340743316625
26899,0.0819791021784296,0.11593937914191992,0.8020815186796506
26900,0.08000465208708957,0.23956065017675005,0.6804346977361605
26901,0.0628402567800346,0.19484624288700966,0.7423135003329557
26902,0.01246907637605681,0.013389655809619932,0.9741412678143231
26903,0.17270166696120587,0.2820978737622783,0.5452004592765158
26904,0.46082914369540884,0.5255122087770492,0.013658647527541961
26905,0.030766514996561727,0.07177686433832806,0.8974566206651102
26906,0.037075069161084176,0.07625701280031297,0.8866679180386028
26907,0.20969038926874636,0.10422464870026946,0.6860849620309841
26908,0.1265068368595436,0.2266110245722603,0.6468821385681961
26909,0.05634605011719673,0.5420022652105849,0.4016516846722184
26910,0.04995309368315605,0.12854677862706604,0.8215001276897779
26911,0.007455877447454663,0.008628438187606913,0.9839156843649384
26912,0.006737525484313292,0.008083586891633526,0.9851788876240531
26913,0.15639903288770807,0.1639847550743887,0.6796162120379032
26914,0.04653905672522041,0.1458039388120719,0.8076570044627077
26915,0.12750066836654,0.17894060095048198,0.6935587306829781
26916,0.1521437438109749,0.831963803760081,0.01589245242894406
26917,0.03992326393060812,0.10115522626367228,0.8589215098057197
26918,0.07032311580528997,0.1040464431719063,0.8256304410228037
26919,0.4209410332498537,0.182521019428802,0.3965379473213441
26920,0.1569123813350238,0.28135143294653614,0.5617361857184401
26921,0.030419971562324823,0.6991912587179254,0.2703887697197498
26922,0.05457629492854105,0.3974439023097348,0.5479798027617241
26923,0.03635925131006092,0.07378917483500479,0.8898515738549342
26924,0.1181005762849497,0.09362563824266992,0.7882737854723804
26925,0.11928261802933093,0.08174128730970591,0.7989760946609632
26926,0.5704920026476624,0.2607026665829236,0.168805330769414
26927,0.10344100688020193,0.14027789979058392,0.7562810933292141
26928,0.05804382518315858,0.9324553128396925,0.00950086197714898
26929,0.04876576463092634,0.12747497331418373,0.8237592620548899
26930,0.08919139487772534,0.4470754754051079,0.4637331297171666
26931,0.27041632894277373,0.718130076340606,0.011453594716620228
26932,0.11933527654074882,0.5108652183997711,0.3697995050594801
26933,0.77185986767391,0.10841228742164617,0.11972784490444388
26934,0.02418096016080417,0.02661834475821893,0.9492006950809768
26935,0.03393773869386741,0.12195872944576651,0.844103531860366
26936,0.06711755894098322,0.07329860589114026,0.8595838351678765
26937,0.11066725492264448,0.2894883337858241,0.5998444112915313
26938,0.2274904337762817,0.7361747172390948,0.03633484898462343
26939,0.2989917790188006,0.6656105634859255,0.035397657495273904
26940,0.048006853292877225,0.09189132631409168,0.8601018203930311
26941,0.10695702115293997,0.2073177327724014,0.6857252460746587
26942,0.22532018305029883,0.27003852245431637,0.5046412944953849
26943,0.04892630245245612,0.2939399763358273,0.6571337212117165
26944,0.007326224355621259,0.0085542489060771,0.9841195267383018
26945,0.20869732701792407,0.4065371888527617,0.38476548412931433
26946,0.3382747473470501,0.18672231669652462,0.4750029359564253
26947,0.0816646955417411,0.37433730182346736,0.5439980026347915
26948,0.08782574762858443,0.26399917218176905,0.6481750801896465
26949,0.418605341963732,0.1721481180152876,0.40924654002098054
26950,0.172108802428833,0.23897067833944377,0.5889205192317233
26951,0.3384406401959622,0.39505936346295883,0.26649999634107896
26952,0.12770655975737838,0.3273727107800023,0.5449207294626193
26953,0.09480485973426984,0.06003834000342908,0.8451568002623011
26954,0.01230350355662235,0.049023596091255936,0.9386729003521218
26955,0.0533345888715514,0.4527354546460386,0.49392995648241006
26956,0.1475336765207178,0.26597569983177494,0.5864906236475071
26957,0.6145635510503095,0.12456842647022921,0.26086802247946134
26958,0.1919029837309447,0.17939853872751735,0.628698477541538
26959,0.08020148262337554,0.1932263879855287,0.7265721293910958
26960,0.03543770992900619,0.10712729381765511,0.8574349962533387
26961,0.05477809377830648,0.15371417215445898,0.7915077340672345
26962,0.08913833702370096,0.560010200991403,0.35085146198489614
26963,0.4454745887950958,0.14428009388750754,0.41024531731739666
26964,0.13706494010139128,0.12256842369496693,0.7403666362036418
26965,0.1195135484956356,0.45426302696757104,0.42622342453679335
26966,0.07006476704751916,0.20006096306270135,0.7298742698897793
26967,0.08372122671915637,0.1311591275411373,0.7851196457397063
26968,0.15922672818452935,0.15658928785447893,0.6841839839609918
26969,0.026633342284887385,0.07623724430845427,0.8971294134066584
26970,0.03886110855464435,0.06766185607577117,0.8934770353695844
26971,0.09962236894804952,0.25953983751987,0.6408377935320805
26972,0.12927005381027418,0.2792007755031517,0.5915291706865742
26973,0.03251482279623606,0.10221018407802171,0.8652749931257423
26974,0.09457522445895272,0.06731883334383923,0.8381059421972081
26975,0.06854736264767813,0.0631958190841947,0.8682568182681273
26976,0.167626343563344,0.8018664684650684,0.030507187971587628
26977,0.0424213532476536,0.1323926271497567,0.8251860196025899
26978,0.061715875936637486,0.17075190494425668,0.7675322191191057
26979,0.014038164227048178,0.016010667399893992,0.9699511683730577
26980,0.04821217289671356,0.09544520488381014,0.8563426222194763
26981,0.14149050589146994,0.21557061305958367,0.6429388810489464
26982,0.08541569747424888,0.17041251880572572,0.7441717837200253
26983,0.09792911826910902,0.2726884661644916,0.6293824155663994
26984,0.055145712969912254,0.12723162342195513,0.8176226636081326
26985,0.1881490207488901,0.23602493460615523,0.5758260446449548
26986,0.04928371585303133,0.07296453231769101,0.8777517518292776
26987,0.09053544331379895,0.39709692074495734,0.5123676359412437
26988,0.12328361511123476,0.42327667696696203,0.4534397079218032
26989,0.13530147013707677,0.27003252317672954,0.5946660066861936
26990,0.06473668041449104,0.1134364994180562,0.8218268201674528
26991,0.05795806079253193,0.07339788116700426,0.8686440580404637
26992,0.12070566048429372,0.3725712081697445,0.5067231313459618
26993,0.09248792576204304,0.22348201715431207,0.684030057083645
26994,0.01164089444673259,0.013512217928698769,0.9748468876245688
26995,0.03233841029360234,0.23931070256748616,0.7283508871389115
26996,0.006516247253306172,0.007264629459662114,0.9862191232870318
26997,0.2599781731627897,0.3967857687311459,0.3432360581060644
26998,0.20842381302516025,0.16917159311460636,0.6224045938602334
26999,0.24617309709862017,0.1433151258826776,0.6105117770187022
27000,0.06399455547493557,0.5271914487304662,0.4088139957945982
27001,0.08278590275790564,0.34694266119565237,0.570271436046442
27002,0.06291266371564999,0.2099499772305229,0.7271373590538273
27003,0.09597382521719466,0.1572550800687765,0.746771094714029
27004,0.12991880525465727,0.2660427680461366,0.6040384266992062
27005,0.0837921143926205,0.30540084421710595,0.6108070413902735
27006,0.016682584247138737,0.04180554606583931,0.9415118696870219
27007,0.08453979275090337,0.6986282892717736,0.21683191797732299
27008,0.11809285849907017,0.14706771607169694,0.7348394254292329
27009,0.026684272610600513,0.15093043904778009,0.8223852883416194
27010,0.036386759929079825,0.09183893994593974,0.8717743001249805
27011,0.1462198406692732,0.44148914221805474,0.4122910171126722
27012,0.04264502323386504,0.06600831167461879,0.8913466650915162
27013,0.28704397660306497,0.09366822206900849,0.6192878013279265
27014,0.07487316988770212,0.44323066826312063,0.4818961618491772
27015,0.09610490063700895,0.18503383186220002,0.718861267500791
27016,0.06559362151354473,0.15068377019695606,0.7837226082894992
27017,0.020612782297700204,0.023237946471291196,0.9561492712310086
27018,0.06208684775454213,0.14734512742460362,0.7905680248208542
27019,0.08108925604140668,0.13533501092251182,0.7835757330360815
27020,0.045928466660943676,0.31678349752871393,0.6372880358103424
27021,0.08560238341136109,0.408380996417746,0.5060166201708929
27022,0.049348164679783944,0.2828713837646538,0.6677804515555623
27023,0.11396696645856941,0.4329551221125577,0.4530779114288729
27024,0.08608908775274182,0.2523772860541561,0.661533626193102
27025,0.26724814773509864,0.11602735204713314,0.6167245002177684
27026,0.004806649571727443,0.005598849545504106,0.9895945008827685
27027,0.0946104517543854,0.10632201811082469,0.7990675301347899
27028,0.3048933974816603,0.08988489257667369,0.605221709941666
27029,0.025040114391684576,0.08604922880413507,0.8889106568041804
27030,0.16430261060182555,0.47618827344410253,0.35950911595407203
27031,0.2960996537299884,0.2648359815613583,0.4390643647086533
27032,0.2046096710872109,0.14536887394281434,0.6500214549699747
27033,0.019106514945557034,0.0627272816023698,0.918166203452073
27034,0.01735719837994862,0.019686588360369323,0.9629562132596821
27035,0.5699426095137161,0.14673064818641227,0.2833267422998715
27036,0.039341821186824534,0.055897541972015116,0.9047606368411604
27037,0.1732483447108613,0.13794717160145492,0.6888044836876838
27038,0.09393464234718304,0.07589139400222708,0.83017396365059
27039,0.19811712953267657,0.15699587881052898,0.6448869916567944
27040,0.12471503570346883,0.13503123447724857,0.7402537298192826
27041,0.07121828501729977,0.06310693540613571,0.8656747795765645
27042,0.3320085674563181,0.6490008594071042,0.018990573136577635
27043,0.06992481728196007,0.13886557922452777,0.7912096034935121
27044,0.048131583916724285,0.20537127149814455,0.7464971445851311
27045,0.08124332064125828,0.11752904801242718,0.8012276313463145
27046,0.06722642862175884,0.08772590731495085,0.8450476640632903
27047,0.1377922878226788,0.6981077493607734,0.16409996281654776
27048,0.26017245736593125,0.7191208894441633,0.02070665318990552
27049,0.08957255617471317,0.33899086547072355,0.5714365783545633
27050,0.025106098058451425,0.12807266634088177,0.8468212356006667
27051,0.12683299746526133,0.21994598735512022,0.6532210151796184
27052,0.006965585789331636,0.008229380483048256,0.9848050337276201
27053,0.041900294716008674,0.2025077629505533,0.7555919423334381
27054,0.0939117464273844,0.08375237596996035,0.8223358776026553
27055,0.1143124217459699,0.8704463150890739,0.015241263164956225
27056,0.2740675137932365,0.6945365952548763,0.03139589095188716
27057,0.05818494295723427,0.17804754806181478,0.7637675089809509
27058,0.18220461455546505,0.1309805654632931,0.6868148199812418
27059,0.048722991533642124,0.06932713724427644,0.8819498712220815
27060,0.03079321507424489,0.03448624299081767,0.9347205419349374
27061,0.3617478949433409,0.13259257896504642,0.5056595260916127
27062,0.131976770561547,0.11972625973526588,0.7482969697031872
27063,0.12108135659688038,0.11238564065032279,0.7665330027527968
27064,0.05232520370396622,0.05543387708415626,0.8922409192118774
27065,0.1448595320597382,0.6412125113729291,0.2139279565673326
27066,0.050625208749415375,0.09094698284602032,0.8584278084045642
27067,0.1064579824923926,0.13188375827267707,0.7616582592349304
27068,0.3111235988712443,0.16655672807076013,0.5223196730579956
27069,0.06290006826611716,0.09974041252353937,0.8373595192103436
27070,0.0718894232636296,0.10407009214891283,0.8240404845874576
27071,0.0975527746710987,0.1458606663107367,0.7565865590181646
27072,0.1433050310293647,0.3174113864173469,0.5392835825532882
27073,0.14941539020538852,0.16569482102069782,0.6848897887739136
27074,0.13103180805882017,0.3477128815458805,0.5212553103952993
27075,0.3618132866528124,0.28031988337265246,0.35786682997453517
