index,0,1,2
26457,0.06234363087752813,0.11957664897261212,0.8180797201498599
26458,0.3118211642876394,0.19363271002532495,0.49454612568703554
26459,0.04438418132420991,0.05184469973113235,0.9037711189446577
26460,0.11328923433710512,0.10592567950463198,0.7807850861582628
26461,0.09508915449807527,0.2634885174051949,0.6414223280967299
26462,0.0551419755954438,0.1032875339405195,0.8415704904640366
26463,0.374220300015281,0.6146379880509365,0.011141711933782572
26464,0.07684983197794185,0.16182470707792632,0.7613254609441318
26465,0.013667036031586114,0.0636631431584079,0.922669820810006
26466,0.024054247411898197,0.46589890587089844,0.5100468467172034
26467,0.2328939598286805,0.14765017554543466,0.6194558646258848
26468,0.03591300420817859,0.05855686933088259,0.9055301264609388
26469,0.5497822413538435,0.10023548113612413,0.3499822775100326
26470,0.11356841550787808,0.11233618118061793,0.774095403311504
26471,0.08096870943516589,0.073834446442096,0.8451968441227381
26472,0.2104758158829071,0.21199316172857244,0.5775310223885205
26473,0.07297783355998474,0.0522061949938515,0.8748159714461637
26474,0.1897025785227253,0.8037633377322196,0.006534083745054714
26475,0.2861822196414789,0.24997773267255757,0.46384004768596354
26476,0.053857642865761134,0.12434808654396404,0.8217942705902749
26477,0.11020713426213521,0.16551726232517786,0.724275603412687
26478,0.025649833633984202,0.06753378909165243,0.9068163772743634
26479,0.06369760300159014,0.11800039831530723,0.8183019986831024
26480,0.0561755439285811,0.08353207124537207,0.860292384826047
26481,0.09135061005769393,0.25702097225760395,0.651628417684702
26482,0.14020136936917024,0.07518153836944383,0.7846170922613859
26483,0.03631492318016745,0.10439101609919207,0.8592940607206407
26484,0.18326895679363323,0.07113735053879301,0.7455936926675739
26485,0.03908349476372634,0.04351452253104303,0.9174019827052307
26486,0.08110026165569252,0.13434917170071925,0.7845505666435882
26487,0.07116421107833663,0.07845679207493855,0.8503789968467248
26488,0.3658101031530545,0.5863393611520883,0.0478505356948572
26489,0.0349431395412745,0.22023839414044827,0.7448184663182771
26490,0.10189356810925307,0.23579489326311795,0.6623115386276291
26491,0.042541502533565666,0.07778162025195169,0.8796768772144826
26492,0.06921196104926443,0.20801173264116773,0.7227763063095678
26493,0.2410041708143598,0.7564934661219368,0.002502363063703427
26494,0.10617145956344921,0.23962415787464222,0.6542043825619086
26495,0.01213307046554881,0.01591934435079103,0.9719475851836601
26496,0.07349427151295027,0.2196780789256088,0.706827649561441
26497,0.0483559135565634,0.8566212467773309,0.09502283966610574
26498,0.21312756394044488,0.4727922183188916,0.3140802177406634
26499,0.053493702214439526,0.11772217023595159,0.8287841275496091
26500,0.0651288360609274,0.4459527178385788,0.4889184461004939
26501,0.12716771688944334,0.2504810199163011,0.6223512631942556
26502,0.02978520090562592,0.04045618635821482,0.9297586127361595
26503,0.12116048212900822,0.5386624201774711,0.34017709769352084
26504,0.10573099188076891,0.1566365794342042,0.7376324286850269
26505,0.04809843271924488,0.047803470401422195,0.904098096879333
26506,0.0910920496225749,0.8867783789426352,0.022129571434789882
26507,0.12975480405702874,0.8623334997555628,0.00791169618740839
26508,0.0944271514060135,0.4575974128423174,0.4479754357516691
26509,0.12610328305436036,0.12787517735008277,0.7460215395955567
26510,0.06420485354295873,0.2016220909849446,0.7341730554720967
26511,0.04627892237181267,0.08329109036873925,0.8704299872594479
26512,0.14576952236948754,0.18977478445590396,0.6644556931746085
26513,0.0465318297070756,0.18421448065898022,0.7692536896339441
26514,0.05925098738485487,0.06419695930782301,0.8765520533073222
26515,0.45354844025942553,0.058727590522898845,0.48772396921767563
26516,0.038283466559027576,0.29653557990352436,0.665180953537448
26517,0.2165338979039332,0.7749964238986518,0.008469678197415014
26518,0.053877428975732826,0.08202628144821622,0.8640962895760509
26519,0.41119959340053275,0.1470638819099173,0.44173652468955005
26520,0.04115011620193478,0.8372986393863997,0.12155124441166558
26521,0.06299910754141919,0.26098257121482654,0.6760183212437542
26522,0.082318194549481,0.1277104588326696,0.7899713466178493
26523,0.08986905972865356,0.2616782709776725,0.648452669293674
26524,0.02471968403869105,0.13085396352875803,0.8444263524325508
26525,0.32958215752587283,0.20474748800147766,0.46567035447264954
26526,0.06107747776288875,0.07830754481167952,0.8606149774254316
26527,0.08585567599611078,0.17529866842151356,0.7388456555823757
26528,0.1651324288098239,0.8203920317247043,0.014475539465471726
26529,0.38631421983145453,0.04707604814047549,0.5666097320280701
26530,0.07217655429463776,0.04435539638606936,0.8834680493192929
26531,0.049188491906079525,0.12444741534448225,0.8263640927494382
26532,0.17096190140738537,0.11132180335535932,0.7177162952372554
26533,0.048341727613679455,0.09887445299521429,0.8527838193911063
26534,0.06339543254128018,0.13095785409861538,0.8056467133601046
26535,0.04251361042587494,0.12623587120807106,0.831250518366054
26536,0.08081945323215536,0.27555728749810426,0.6436232592697404
26537,0.06434667206228903,0.038303312931056946,0.8973500150066539
26538,0.04663056661784063,0.44866688957213263,0.5047025438100267
26539,0.028052037937231846,0.1397091816517871,0.832238780410981
26540,0.08508891156480304,0.6744308853602734,0.24048020307492354
26541,0.09199257514753412,0.12090670684372545,0.7871007180087404
26542,0.049624802259767516,0.24773236221799716,0.7026428355222354
26543,0.04373783905095377,0.08682027987851099,0.8694418810705352
26544,0.09513868152662072,0.13057486210811062,0.7742864563652686
26545,0.12293935221251741,0.2377713514165512,0.6392892963709315
26546,0.06935314626983705,0.12689991024692818,0.8037469434832348
26547,0.03521045370869504,0.07968379784644405,0.8851057484448609
26548,0.07867978348491024,0.03917803886243867,0.8821421776526512
26549,0.12111066593186497,0.8729951531107966,0.0058941809573385025
26550,0.06124084607379372,0.24343056679297045,0.695328587133236
26551,0.03990414415137808,0.17908434298625156,0.7810115128623705
26552,0.02903388543217127,0.23600236420829257,0.7349637503595362
26553,0.03803454884917633,0.091419268957728,0.8705461821930957
26554,0.10550270034193909,0.3163588633596202,0.5781384362984406
26555,0.07675257614260461,0.08528475290045887,0.8379626709569367
26556,0.0822474796051872,0.17260489820756958,0.7451476221872431
26557,0.04089496441647679,0.0833796421401264,0.8757253934433967
26558,0.34599166581882546,0.12740681720747338,0.5266015169737012
26559,0.28175848435433715,0.1819116788866436,0.5363298367590192
26560,0.06624825554997699,0.29248454315091466,0.6412672012991083
26561,0.03230675719845692,0.1972848443519234,0.7704083984496196
26562,0.06295829633760495,0.0559857967572064,0.8810559069051885
26563,0.04590859449468062,0.1646675648588786,0.7894238406464408
26564,0.037652592642367616,0.16628201165196926,0.7960653957056631
26565,0.09279828130939118,0.3763927383943365,0.5308089802962724
26566,0.19203584273357735,0.1291659066232441,0.6787982506431786
26567,0.046525267322112,0.17786176199521064,0.7756129706826774
26568,0.5777692660609423,0.3986794800370396,0.02355125390201807
26569,0.05689575450343286,0.09164641656493927,0.8514578289316278
26570,0.10852071945126339,0.30748782726099544,0.583991453287741
26571,0.023578393474922313,0.06311757093009046,0.9133040355949871
26572,0.04483790869670805,0.21977613813267802,0.735385953170614
26573,0.043476006063352494,0.28292546111998185,0.6735985328166656
26574,0.1579670552351996,0.08800827712646399,0.7540246676383364
26575,0.05326860118154782,0.14245410160326702,0.804277297215185
26576,0.1560064799481469,0.056820047814225824,0.7871734722376273
26577,0.06895976313819875,0.10672257897778363,0.8243176578840177
26578,0.1699293016917155,0.2208873542995277,0.6091833440087568
26579,0.15927778973060638,0.8361123212574392,0.004609889011954363
26580,0.0845411943134496,0.09785006042379427,0.8176087452627561
26581,0.058693616901034425,0.15671800442389558,0.78458837867507
26582,0.011792273600493803,0.041659018948235406,0.9465487074512707
26583,0.05809839784537022,0.08749517397952401,0.8544064281751058
26584,0.10419006782511556,0.15174431283577144,0.7440656193391129
26585,0.13489444146717947,0.39864958067547085,0.46645597785734955
26586,0.34314639391398777,0.35365527219421555,0.3031983338917967
26587,0.21411515515280716,0.3496172038542044,0.43626764099298837
26588,0.07874757475567565,0.20529527894211466,0.7159571463022097
26589,0.1312626550072505,0.11578681213034434,0.752950532862405
26590,0.04972445963163309,0.5923253479465359,0.3579501924218312
26591,0.3295207001359404,0.6583186193719002,0.012160680492159459
26592,0.5373901658272316,0.04549224366487467,0.4171175905078936
26593,0.06702712263842776,0.14380747782757491,0.7891653995339974
26594,0.24250682403708848,0.0882804417493897,0.6692127342135218
26595,0.0159169181022602,0.07237787996188451,0.911705201935855
26596,0.05811789453694508,0.11499543904627305,0.8268866664167819
26597,0.22950116984350907,0.36366696969611656,0.40683186046037434
26598,0.14748742952575997,0.2252660493246088,0.6272465211496312
26599,0.03902608391919556,0.05367957861005582,0.9072943374707484
26600,0.045018834437435186,0.10762736050386956,0.8473538050586952
26601,0.08384550223300537,0.17973479780689322,0.7364196999601015
26602,0.09450765538439877,0.1521993953331872,0.7532929492824141
26603,0.08788957488079083,0.10883397414286632,0.8032764509763427
26604,0.05543421316156609,0.0869588934427122,0.8576068933957217
26605,0.08765463670908533,0.1894356183675736,0.7229097449233411
26606,0.26450167766543464,0.31472715522311007,0.42077116711145535
26607,0.08284840080069737,0.8959768272683313,0.021174771930971396
26608,0.010271410260344902,0.09368421720673045,0.8960443725329247
26609,0.05542622903953395,0.09429331320811787,0.8502804577523481
26610,0.4045478726480443,0.5476317228252439,0.04782040452671188
26611,0.09097966656369498,0.20533698976048212,0.7036833436758231
26612,0.09763211834238741,0.2917489408027479,0.6106189408548646
26613,0.12574982051184427,0.14427963436359514,0.7299705451245606
26614,0.05790513804474674,0.06571017696927911,0.8763846849859741
26615,0.05700058507176708,0.06261573928170844,0.8803836756465244
26616,0.036408167620116574,0.08115941123470012,0.8824324211451832
26617,0.14163238463550323,0.15668812288389572,0.7016794924806011
26618,0.11830117426292523,0.23023176707431908,0.6514670586627554
26619,0.15727654658601586,0.15941088489401567,0.6833125685199684
26620,0.49291906742190783,0.4899213047338531,0.017159627844239234
26621,0.03201727846147988,0.08155937511631516,0.8864233464222051
26622,0.16886124710987618,0.4894413454489471,0.34169740744117677
26623,0.0413958133056862,0.5173942288151109,0.441209957879203
26624,0.08668316260292923,0.21212453783007326,0.7011922995669974
26625,0.26151755658293613,0.20099961369173922,0.5374828297253246
26626,0.19577752956851566,0.08720441546490765,0.7170180549665767
26627,0.05988226650027999,0.0829199030321819,0.8571978304675382
26628,0.033435151004815734,0.16155051340729856,0.8050143355878856
26629,0.03246687996980432,0.031616121662205385,0.9359169983679902
26630,0.07348732249712032,0.14699601192494435,0.7795166655779353
26631,0.03780813261825746,0.043611416907722106,0.9185804504740205
26632,0.3300897909091415,0.08977901416948625,0.5801311949213723
26633,0.028859295780005473,0.20747771421130964,0.7636629900086849
26634,0.08285690748035753,0.0662827069714109,0.8508603855482317
26635,0.08000204959844777,0.34228897627753874,0.5777089741240133
26636,0.03825074589069977,0.20667663677569528,0.755072617333605
26637,0.01020897783035737,0.04310309575889924,0.9466879264107434
26638,0.04011665709900606,0.7403492867445627,0.21953405615643123
26639,0.33091197218948315,0.26382477583138,0.40526325197913693
26640,0.06437616066270518,0.12320560260713158,0.8124182367301633
26641,0.16692783380299034,0.584592388088127,0.2484797781088827
26642,0.027542449120295697,0.06977043826208836,0.902687112617616
26643,0.044087316208125386,0.06967106859322159,0.8862416151986531
26644,0.0211083889989462,0.06729874819766019,0.9115928628033935
26645,0.06677645808191397,0.1039480094131366,0.8292755325049495
26646,0.4631557205507558,0.20252947640830493,0.33431480304093925
26647,0.07493622253671149,0.12408028762828897,0.8009834898349996
26648,0.11176054276241502,0.5378219387535302,0.35041751848405484
26649,0.04219742085621956,0.15374098502803826,0.8040615941157421
26650,0.5530575397024702,0.37135057172402275,0.07559188857350711
26651,0.3544721038024621,0.5945668730863153,0.050961023111222525
26652,0.2862455343793235,0.1358347751562798,0.5779196904643966
26653,0.27557762834745925,0.11145497678328681,0.6129673948692538
26654,0.10500168182799809,0.39597440049146504,0.4990239176805367
26655,0.05706115340817334,0.24401761201041733,0.6989212345814094
26656,0.08993828353322704,0.1962163791492275,0.7138453373175456
26657,0.07091677103688902,0.2857366335237254,0.6433465954393857
26658,0.06658093259513786,0.22614039712834094,0.7072786702765211
26659,0.1383592221506311,0.4568400836179935,0.4048006942313754
26660,0.04381028040693451,0.10178544237788668,0.8544042772151789
26661,0.13459099097660068,0.08372698775489533,0.781682021268504
26662,0.027470158098284226,0.198638689021269,0.7738911528804467
26663,0.08534153416452385,0.09658972682816035,0.8180687390073159
26664,0.07499835151054995,0.15810630413516763,0.7668953443542824
26665,0.1874898176293844,0.19065721945599043,0.6218529629146253
26666,0.07718516064606977,0.6691196253871535,0.25369521396677674
26667,0.03858458919218766,0.040519444533347417,0.9208959662744649
26668,0.09999682942727942,0.5840902787594697,0.315912891813251
26669,0.09547168313882423,0.37442453589316127,0.5301037809680145
26670,0.41724093891300756,0.24970873769288307,0.3330503233941093
26671,0.18317841963348347,0.08679796019548175,0.7300236201710348
26672,0.06094452904044157,0.06565814938646014,0.8733973215730982
26673,0.19976317091517234,0.1906645974002836,0.609572231684544
26674,0.34246558648443765,0.09311797084740482,0.5644164426681576
26675,0.05877477104179108,0.08054339120766271,0.8606818377505462
26676,0.04722815245100445,0.10730754056255044,0.8454643069864449
26677,0.019620806965433994,0.07288997274914846,0.9074892202854177
26678,0.05640883809392505,0.23864636747789428,0.7049447944281807
26679,0.1527984912336704,0.10364714753305598,0.7435543612332737
26680,0.024683226505689503,0.04907195196563411,0.9262448215286764
26681,0.022152119809287545,0.050100775522891376,0.9277471046678211
26682,0.15763942876270823,0.22112012702424183,0.62124044421305
26683,0.08782881982742013,0.3974287303659768,0.5147424498066031
26684,0.04817569262501012,0.12894753295885486,0.822876774416135
26685,0.23888598898328223,0.108073363386676,0.653040647630042
26686,0.029497700703730898,0.15715695174811067,0.8133453475481586
26687,0.11592488193987817,0.08458814052825757,0.799486977531864
26688,0.2661946708458691,0.5658691355727563,0.16793619358137463
26689,0.051170326110727735,0.07796052839717947,0.8708691454920927
26690,0.032218354723942064,0.08825822959238164,0.8795234156836763
26691,0.03380047418738137,0.06078391601099472,0.905415609801624
26692,0.01786403329503204,0.3375176535337437,0.6446183131712242
26693,0.22102267701504716,0.08615820944893605,0.6928191135360167
26694,0.6203525582548894,0.35943282379399155,0.02021461795111922
26695,0.04832519045748951,0.08445652894806277,0.8672182805944478
26696,0.07582528792460273,0.06789402036892209,0.8562806917064752
26697,0.028921341163906548,0.04372911049960595,0.9273495483364875
26698,0.06712901206620293,0.07917325327966232,0.8536977346541348
26699,0.1063472174439431,0.2884951554950839,0.6051576270609729
26700,0.08085995541944051,0.3532095552805807,0.5659304892999788
26701,0.11862201936536453,0.44588913034261685,0.4354888502920186
26702,0.06790718448719131,0.3845227577893874,0.5475700577234213
26703,0.07466340305420124,0.11928972066514675,0.8060468762806519
26704,0.05006903833292188,0.06192457161007635,0.8880063900570019
26705,0.04938736512164937,0.05931279998515505,0.8912998348931956
26706,0.06813363913648927,0.13089852465109167,0.8009678362124191
26707,0.4607322821327289,0.07560653550551735,0.46366118236175385
26708,0.16169041139915105,0.231337083718262,0.606972504882587
26709,0.040861665292265016,0.03508687102303545,0.9240514636846995
26710,0.10412440121345908,0.1411400484543347,0.7547355503322063
26711,0.2681724859830096,0.07335300142538496,0.6584745125916054
26712,0.07019250800258364,0.1466054852776018,0.7832020067198147
26713,0.11092361363022911,0.5482035049764699,0.340872881393301
26714,0.050477670212007664,0.10946560161004948,0.840056728177943
26715,0.04522959953552943,0.22714171133346392,0.7276286891310068
26716,0.15934226933727427,0.5907742126413387,0.2498835180213869
26717,0.048940471870888354,0.2460121641343774,0.7050473639947344
26718,0.11329942888286011,0.2108652251882024,0.6758353459289375
26719,0.07774966243173362,0.2484743115456543,0.6737760260226121
26720,0.0423374968102472,0.16637157530614827,0.7912909278836046
26721,0.09112813631438801,0.35469520477311856,0.5541766589124933
26722,0.14052416417550587,0.1170375091730415,0.7424383266514528
26723,0.05936725986401344,0.09067408499184346,0.8499586551441431
26724,0.07665307287170643,0.5050864553986361,0.4182604717296574
26725,0.014660151560499405,0.19038265647867283,0.7949571919608278
26726,0.16044633035079417,0.4241494826858268,0.41540418696337905
26727,0.028654248886468746,0.04257263991189034,0.928773111201641
26728,0.08165482980489425,0.06063358829598964,0.8577115818991161
26729,0.12895987491448638,0.24998985892567582,0.6210502661598378
26730,0.15823214616594106,0.5235339311860733,0.31823392264798556
26731,0.08539152370109752,0.16180280738205244,0.75280566891685
26732,0.3293812888461472,0.6523703652929544,0.018248345860898366
26733,0.04315172551671909,0.06434785673131453,0.8925004177519662
26734,0.0404789914104922,0.16420873040943568,0.7953122781800721
26735,0.08131065667402557,0.18501017541442163,0.7336791679115529
26736,0.07746664910730017,0.1227276519898494,0.7998056989028502
26737,0.06954194726993017,0.28740288068742126,0.6430551720426485
26738,0.0433455227820569,0.10105925614376322,0.85559522107418
26739,0.47303462123969203,0.07673480280172515,0.45023057595858285
26740,0.056139072015850326,0.08064146849721435,0.8632194594869353
26741,0.22184362260259188,0.7436665683766228,0.03448980902078548
26742,0.03059390215936412,0.18929167611074907,0.780114421729887
26743,0.1396731616497666,0.1926410547883473,0.6676857835618861
26744,0.1579357564604968,0.33940801763642897,0.5026562259030741
26745,0.045711367286804826,0.09961531019011817,0.854673322523077
26746,0.21298134139530106,0.1925913357360175,0.5944273228686815
26747,0.033057058086754854,0.31057316410816116,0.6563697778050841
26748,0.182278623286303,0.4642043540397037,0.35351702267399326
26749,0.12152039161414323,0.2377015210709407,0.6407780873149159
26750,0.057731956816322365,0.10713793038764605,0.8351301127960317
26751,0.0346217237716508,0.10901756511459584,0.8563607111137534
26752,0.059724268142171424,0.5355688569955119,0.4047068748623167
26753,0.08198223656678365,0.08402230191196657,0.8339954615212499
26754,0.08545872690352078,0.039518729388989114,0.8750225437074903
26755,0.04143583759812182,0.06354870097585326,0.895015461426025
26756,0.10621453830774788,0.07350834624199126,0.8202771154502609
26757,0.14300889402527084,0.1268846341390165,0.7301064718357128
26758,0.06931476488865314,0.23384788033402382,0.6968373547773231
26759,0.07944306828838839,0.3566620848555152,0.5638948468560963
26760,0.12404500729256726,0.3791401075209003,0.49681488518653244
26761,0.05516705711146645,0.10505473015349295,0.8397782127350407
26762,0.10299079195474083,0.11056369098883298,0.7864455170564262
26763,0.03415290853418058,0.08335699311776243,0.8824900983480569
26764,0.07869370190239472,0.1937326333316314,0.7275736647659738
26765,0.15612893586608909,0.11527135610102736,0.7285997080328835
26766,0.08295376364616631,0.4023943420811777,0.5146518942726559
26767,0.0907297009465636,0.2727573816771182,0.6365129173763181
26768,0.027203304329675406,0.9642810144357588,0.008515681234565909
26769,0.17473798454430498,0.3009185610330744,0.5243434544226206
26770,0.05755000167952607,0.3007983464548406,0.6416516518656333
26771,0.1559614504119926,0.8006512959055951,0.04338725368241233
26772,0.633367407222187,0.07177303073048967,0.29485956204732305
26773,0.06806648586253952,0.06093002122089665,0.871003492916564
26774,0.053597861253324476,0.16079058460865886,0.7856115541380165
26775,0.037880531225382714,0.2825898116177067,0.6795296571569107
26776,0.056782158837303434,0.11439606465747308,0.8288217765052236
26777,0.048354656784250244,0.06288784286242659,0.8887575003533232
26778,0.034229213763926,0.07258145850706585,0.8931893277290082
26779,0.04487915942152006,0.08335700476931054,0.8717638358091693
26780,0.034192043163447663,0.09400727897409299,0.8718006778624594
26781,0.09658737938711821,0.11271261690980715,0.7907000037030746
26782,0.043577121409113746,0.07463959341765274,0.8817832851732336
26783,0.18116538533513124,0.2616338968015752,0.5572007178632935
26784,0.1343526830212915,0.5526937402796669,0.3129535766990415
26785,0.06992649189912262,0.19041346448835406,0.7396600436125234
26786,0.5638544776066066,0.07727372643824575,0.3588717959551475
26787,0.02515484037521735,0.03327810328056034,0.9415670563442224
26788,0.1383374125976794,0.18839664731099537,0.6732659400913252
26789,0.17208120078194525,0.2881250854080864,0.5397937138099684
26790,0.030298749533669036,0.10310680010843663,0.8665944503578943
26791,0.04508009138951263,0.07125207158512302,0.8836678370253643
26792,0.13994962213275677,0.13574337762314845,0.7243070002440948
26793,0.04673998199146668,0.1658233227965641,0.7874366952119692
26794,0.03351958417071122,0.1352244533488437,0.8312559624804453
26795,0.07114044882462013,0.25404270635243925,0.6748168448229406
26796,0.05456002186785179,0.943974250700315,0.0014657274318332285
26797,0.04585058012374884,0.40847999765832976,0.5456694222179215
26798,0.39168539415427994,0.12723107390613228,0.4810835319395877
26799,0.11892740422047206,0.15659721978901223,0.7244753759905157
26800,0.020413074136478034,0.9738006798338207,0.005786246029701095
26801,0.10601136817426698,0.5288763605715663,0.36511227125416656
26802,0.12227520596961941,0.11189049294449159,0.765834301085889
26803,0.062302661005034427,0.1460676899718847,0.7916296490230809
26804,0.046251700210052746,0.15409456605721142,0.7996537337327358
26805,0.01415884232446631,0.06744516501849972,0.9183959926570341
26806,0.06323739004807719,0.1262077271978098,0.810554882754113
26807,0.08096231121227328,0.1197082442760778,0.7993294445116489
26808,0.055816091374161034,0.22765176756101332,0.7165321410648257
26809,0.0835702401812633,0.16374378292469663,0.7526859768940403
26810,0.0338182301945407,0.27675134204118046,0.6894304277642788
26811,0.0209369119063547,0.043295234671773576,0.9357678534218719
26812,0.09184614009588163,0.08201472568929248,0.8261391342148259
26813,0.07335450808394459,0.5039916161193603,0.42265387579669517
26814,0.09706625943065239,0.14160785467739817,0.7613258858919494
26815,0.10980015646246705,0.14666616591091727,0.7435336776266157
26816,0.06743341060187644,0.3320722288214308,0.6004943605766927
26817,0.07468421314921556,0.03280660912337161,0.8925091777274126
26818,0.1235392100069972,0.06548496409405244,0.8109758258989503
26819,0.09576213510403436,0.2494898597338837,0.6547480051620819
26820,0.09180935382663152,0.9005383164519908,0.007652329721377373
26821,0.07806462422995102,0.9174327614471559,0.00450261432289307
26822,0.11550588639228937,0.2736523408425387,0.6108417727651718
26823,0.019114943848053345,0.06454958673360442,0.9163354694183423
26824,0.09648814316131923,0.05691231849217134,0.8465995383465095
26825,0.027793477487590777,0.055144362014424256,0.9170621604979848
26826,0.054141358392316694,0.06103521048198105,0.884823431125702
26827,0.06455059102928926,0.08737577607358361,0.8480736328971272
26828,0.02613468749348693,0.089183136721276,0.884682175785237
26829,0.028926628723277246,0.18444352718924323,0.7866298440874794
26830,0.04204896513443892,0.09356727593064634,0.8643837589349146
26831,0.025791625925761247,0.07635199673825709,0.8978563773359818
26832,0.02120659378036385,0.031415597991792846,0.9473778082278433
26833,0.06912682783833504,0.10127218227956777,0.8296009898820972
26834,0.03701182952313896,0.11159910155153431,0.8513890689253266
26835,0.5922235256403864,0.11127142647528637,0.2965050478843274
26836,0.17638521337178206,0.47532942153093327,0.34828536509728475
26837,0.10131661549427931,0.02405644786308491,0.8746269366426358
26838,0.1334999726935657,0.349680920752404,0.5168191065540305
26839,0.7171490528631418,0.058597669414649195,0.22425327772220902
26840,0.07162804763608667,0.43599973501209516,0.49237221735181824
26841,0.027621495124796315,0.048817170650893776,0.92356133422431
26842,0.04466212900326778,0.16382297803955698,0.7915148929571754
26843,0.14685341957722026,0.07372106988772725,0.7794255105350524
26844,0.17664708907054041,0.4624762557421496,0.36087665518731
26845,0.594539007145544,0.029132996611995497,0.3763279962424605
26846,0.049170644791433356,0.09544701335360893,0.8553823418549575
26847,0.06622348008015475,0.2091294914884799,0.7246470284313654
26848,0.09009679939315472,0.04631722206841481,0.8635859785384306
26849,0.19131612051010494,0.08691370584181907,0.721770173648076
26850,0.06810176345171559,0.28812687543880594,0.6437713611094785
26851,0.17570167858886296,0.21507985917307926,0.6092184622380578
26852,0.17664301313568476,0.5964206243507791,0.22693636251353605
26853,0.06957616273433483,0.05301425779396312,0.8774095794717022
26854,0.046879475178423405,0.9483315951101086,0.004788929711468115
26855,0.09630730687203629,0.3277881685363576,0.575904524591606
26856,0.11587279947450664,0.06894747967562827,0.815179720849865
26857,0.12569097002187377,0.2332135356859429,0.6410954942921833
26858,0.05553994577482173,0.692155823020561,0.25230423120461737
26859,0.05954561764997128,0.6103909749201417,0.33006340742988705
26860,0.06534409752971977,0.5456646702650256,0.38899123220525467
26861,0.15005596090930423,0.21214821454881,0.6377958245418858
26862,0.07729737003855923,0.3167435259485873,0.6059591040128535
26863,0.03151406389356395,0.09966445805336478,0.8688214780530712
26864,0.03860770475763311,0.3827809392016151,0.5786113560407518
26865,0.07438578925450055,0.07651351817266985,0.8491006925728296
26866,0.01711101520073479,0.10115155389672968,0.8817374309025355
26867,0.04663741124732822,0.05146801129243266,0.9018945774602393
26868,0.02381875052451746,0.11283553609741329,0.8633457133780692
26869,0.025331663276528044,0.022736955357518445,0.9519313813659535
26870,0.029082796555287376,0.8224342511408465,0.14848295230386616
26871,0.10808273466496733,0.08777224561002046,0.8041450197250123
26872,0.08083033066597906,0.15508215615205959,0.7640875131819614
26873,0.08072206337620211,0.17130244466367614,0.7479754919601217
26874,0.09663192547344755,0.35448499675942485,0.5488830777671276
26875,0.06425152047043026,0.2571910694275756,0.6785574101019943
26876,0.05948005745208735,0.11056955027923084,0.8299503922686817
26877,0.06420563065734096,0.10349103266906076,0.8323033366735983
26878,0.133876555557871,0.21510717050365682,0.6510162739384722
26879,0.08169139589762799,0.21488533166448526,0.7034232724378868
26880,0.2287733274740215,0.06968387822735295,0.7015427942986255
26881,0.025333569189840897,0.14253961476768096,0.8321268160424783
26882,0.34804984841115494,0.10914425211860658,0.5428058994702384
26883,0.06640800071509802,0.08104196812430384,0.8525500311605981
26884,0.06714111329651011,0.33153683465700323,0.6013220520464866
26885,0.2136728504791478,0.16499704415858513,0.6213301053622671
26886,0.09872443564800662,0.08872189151710375,0.8125536728348897
26887,0.028130432735548456,0.13981815580749257,0.832051411456959
26888,0.1922748889357061,0.18743636676134548,0.6202887443029483
26889,0.04572988579147822,0.10281306379035557,0.8514570504181662
26890,0.028000030702131584,0.1075969840210551,0.8644029852768133
26891,0.054464240876633006,0.5349084359158044,0.4106273232075628
26892,0.10994901556051086,0.2433643888960326,0.6466865955434566
26893,0.05617860839945158,0.07126388263692511,0.8725575089636234
26894,0.08054390660602488,0.08919867485434807,0.830257418539627
26895,0.13027384356004731,0.36371639184927584,0.5060097645906769
26896,0.0580835058393407,0.1839281163038219,0.7579883778568374
26897,0.0820462652534993,0.17552392481936377,0.7424298099271368
26898,0.0487091280178686,0.048692347731476064,0.9025985242506553
26899,0.06561360919470094,0.179460378139521,0.7549260126657782
26900,0.07538233061060691,0.2293678767341397,0.6952497926552533
26901,0.06159216635827022,0.2822476076907322,0.6561602259509975
26902,0.03439647525232872,0.0307659477927663,0.9348375769549051
26903,0.07449556814787502,0.24412356223571585,0.6813808696164091
26904,0.5239371213822895,0.4669337794644247,0.009129099153285563
26905,0.07970114535556778,0.08384030638289204,0.8364585482615403
26906,0.019902273841083843,0.024643666020515435,0.9554540601384007
26907,0.18217369372266015,0.09531977053716906,0.7225065357401708
26908,0.08757935062127228,0.1841409370554756,0.7282797123232521
26909,0.03230222000603376,0.6579852773988683,0.309712502595098
26910,0.1010395109118809,0.31762968485431137,0.5813308042338077
26911,0.1037433743876451,0.16605626072258267,0.7302003648897722
26912,0.03231367842333436,0.07320579004099595,0.8944805315356699
26913,0.25027846968350004,0.1534405657100562,0.5962809646064439
26914,0.07267227753776492,0.16990167952392274,0.7574260429383124
26915,0.1398796110868127,0.13687442919804824,0.7232459597151393
26916,0.09616434596970187,0.9003874090108588,0.0034482450194392588
26917,0.03948876810753211,0.10307797967648269,0.8574332522159851
26918,0.09029698193710113,0.15706404010502215,0.7526389779578768
26919,0.44368092967524786,0.11682663757729528,0.4394924327474569
26920,0.08056143747397988,0.35765127414760683,0.5617872883784133
26921,0.018655270700208025,0.7499726787397862,0.23137205056000576
26922,0.046189515146116335,0.44097624572222044,0.5128342391316633
26923,0.049253259317473305,0.08566163277516395,0.8650851079073629
26924,0.09980599732554303,0.09342223659875655,0.8067717660757003
26925,0.06720899108441115,0.04892853563717229,0.8838624732784165
26926,0.1653264208910549,0.33872202425892634,0.49595155485001874
26927,0.04534343260867739,0.11098396603864492,0.8436726013526777
26928,0.06427080865967064,0.9280411427181026,0.007688048622226765
26929,0.04351800288925461,0.1213803985524872,0.8351015985582583
26930,0.04516944207592399,0.5915801405378404,0.3632504173862356
26931,0.2634855036033153,0.7247107271261704,0.011803769270514356
26932,0.07040066202574385,0.6374632894192216,0.2921360485550346
26933,0.3430224963958516,0.18904210253937925,0.46793540106476933
26934,0.07454198613089928,0.10251018623945667,0.822947827629644
26935,0.07171767060112627,0.14671144479409454,0.7815708846047792
26936,0.06988216155606268,0.05925017140661761,0.8708676670373198
26937,0.06891392112250652,0.30120400296319116,0.6298820759143025
26938,0.12267498582516528,0.8597653111468235,0.017559703028011138
26939,0.6187593254815323,0.37045169334836014,0.010788981170107419
26940,0.06359395186949236,0.11950939613447671,0.8168966519960308
26941,0.08142382981029135,0.18360274254723233,0.7349734276424762
26942,0.23445906776565717,0.18237176472241357,0.5831691675119294
26943,0.05312146536628486,0.32399526747548923,0.6228832671582257
26944,0.07464114371468861,0.06850283168994367,0.8568560245953676
26945,0.1721378073580528,0.4283936386403312,0.399468554001616
26946,0.056359064995667105,0.0771923818449052,0.8664485531594277
26947,0.05615860540984786,0.4077837170293792,0.5360576775607728
26948,0.08829720592315526,0.3169615633668542,0.5947412307099904
26949,0.40792925300357047,0.1321277512272875,0.459942995769142
26950,0.18629848166816845,0.1949935591085849,0.6187079592232467
26951,0.2909203169376045,0.3566695591532645,0.35241012390913096
26952,0.09028335192655508,0.2728586256629216,0.6368580224105235
26953,0.10944178367947217,0.02594901657745922,0.8646091997430686
26954,0.009595111213411752,0.05926426892054492,0.9311406198660434
26955,0.03803552946578015,0.48419881165011963,0.47776565888410033
26956,0.20396031673326664,0.23408901536447801,0.5619506679022555
26957,0.508043763139774,0.1435015580192837,0.34845467884094233
26958,0.2526911990379611,0.14866429742917558,0.5986445035328632
26959,0.034243164888641146,0.2095478124426849,0.756209022668674
26960,0.07912656042147785,0.13092326921045913,0.789950170368063
26961,0.05998742963218783,0.06909735523634299,0.870915215131469
26962,0.037875930744722446,0.6858721907465923,0.27625187850868527
26963,0.22102267701504716,0.08615820944893605,0.6928191135360167
26964,0.23160518351526355,0.10246720465407377,0.6659276118306627
26965,0.06837549421916106,0.4515756151998103,0.4800488905810286
26966,0.0580835058393407,0.1839281163038219,0.7579883778568374
26967,0.057475056012628284,0.08978260327770361,0.8527423407096679
26968,0.1220555880315274,0.08208410242276411,0.7958603095457083
26969,0.024268730614916464,0.08464277126015403,0.8910884981249293
26970,0.09741252684152948,0.07513785645778737,0.8274496167006833
26971,0.08158578557418737,0.24403597050959508,0.6743782439162175
26972,0.12354717512811314,0.2672194801455968,0.6092333447262901
26973,0.044582023436316454,0.14951364730148514,0.8059043292621982
26974,0.07622093093834933,0.048005167061379264,0.8757739020002714
26975,0.04934843200421135,0.05847776886100935,0.8921737991347792
26976,0.15220829953570864,0.8251923758264416,0.02259932463784974
26977,0.10408358659369035,0.2728990554656559,0.6230173579406539
26978,0.029104555245029837,0.1486812782407787,0.8222141665141915
26979,0.0388791580694855,0.3987400838504254,0.562380758080089
26980,0.04172182886243087,0.05791397927239753,0.9003641918651717
26981,0.1002477554772677,0.2548528497764847,0.6448993947462475
26982,0.03953442947612743,0.13220550517282756,0.8282600653510449
26983,0.08798471260590189,0.22081889918128825,0.6911963882128099
26984,0.058170845197768314,0.0974638311376049,0.8443653236646268
26985,0.17423002513850425,0.21667027209449788,0.6090997027669978
26986,0.0805341246577149,0.05231680883741863,0.8671490665048665
26987,0.10736964583640547,0.4451193896170896,0.4475109645465049
26988,0.15969207522611664,0.39989336472819015,0.4404145600456933
26989,0.05785640774398152,0.311724339877953,0.6304192523780654
26990,0.0572575865081508,0.11497922938372769,0.8277631841081216
26991,0.0463457718416,0.11306864372148741,0.8405855844369126
26992,0.10319224596814257,0.31897359935427516,0.5778341546775821
26993,0.08793735335326157,0.1290784081209191,0.7829842385258193
26994,0.11125697160164122,0.1730870830814949,0.7156559453168639
26995,0.05876728054933626,0.31509877809808,0.6261339413525836
26996,0.02889372376715849,0.12309594475159262,0.8480103314812488
26997,0.2677862044746098,0.43724750674209917,0.294966288783291
26998,0.2920796743587765,0.08597771533503064,0.6219426103061927
26999,0.33498148411443013,0.0761714139983117,0.5888471018872582
27000,0.04567515593154716,0.525359358966041,0.4289654851024118
27001,0.0522006264831141,0.33197538498332424,0.6158239885335616
27002,0.06481049482609517,0.31310670897432885,0.6220827961995761
27003,0.13172889086191014,0.1325463840643918,0.735724725073698
27004,0.07476344211776693,0.13601951037273144,0.7892170475095017
27005,0.04721319525885638,0.40919245921631087,0.5435943455248328
27006,0.07508746486220395,0.10511302292845909,0.819799512209337
27007,0.06534579304380476,0.8138248059809441,0.1208294009752512
27008,0.07853389924628608,0.22312831863174576,0.6983377821219682
27009,0.047717191098399316,0.2362127511937108,0.7160700577078898
27010,0.02872436487088672,0.10564967050197348,0.8656259646271397
27011,0.1398549173328736,0.49498669320813765,0.3651583894589887
27012,0.07395746490083262,0.08989971513145975,0.8361428199677076
27013,0.31484627431849904,0.10968500467860846,0.5754687210028925
27014,0.0815447080963409,0.4914065856734929,0.4270487062301662
27015,0.11048835142908266,0.314630236093022,0.5748814124778954
27016,0.053663155756339724,0.07942600955726395,0.8669108346863962
27017,0.06905819310075567,0.12103428058839479,0.8099075263108496
27018,0.05782536038436232,0.14766552961185794,0.7945091100037798
27019,0.10343982952014041,0.13502061201441987,0.7615395584654396
27020,0.06036378141955085,0.40462559927225406,0.5350106193081953
27021,0.061477508507564664,0.325125750887201,0.6133967406052344
27022,0.06971452076753169,0.27276845241933445,0.6575170268131338
27023,0.11501193305147502,0.4740934399525231,0.4108946269960018
27024,0.04575426172014222,0.19458216213178847,0.7596635761480693
27025,0.22530896877577586,0.1051369705326417,0.6695540606915824
27026,0.03184090017496637,0.11259792772765981,0.8555611720973738
27027,0.11951424662231068,0.05463731889771304,0.8258484344799762
27028,0.2703206473805314,0.10693469814633164,0.6227446544731371
27029,0.04791254418591055,0.10685735906372455,0.8452300967503649
27030,0.15773909707509653,0.4923070357145362,0.3499538672103672
27031,0.6779745171051351,0.1430653685966823,0.1789601142981826
27032,0.30707649038196616,0.1014300933097882,0.5914934163082457
27033,0.053412426525392166,0.05316279288747569,0.893424780587132
27034,0.0747932529319154,0.12281321830710397,0.8023935287609806
27035,0.5735216617710049,0.1115465999934459,0.31493173823554926
27036,0.05777589458815162,0.038767971307010575,0.9034561341048378
27037,0.21239833396742708,0.15865579024525361,0.6289458757873193
27038,0.05995267691001826,0.05532582395487034,0.8847214991351112
27039,0.19482175139345503,0.13228850475626988,0.6728897438502751
27040,0.07360767508535132,0.07719781951117864,0.8491945054034701
27041,0.018118923372799363,0.022103982560638405,0.9597770940665623
27042,0.30791415099316255,0.680124116149424,0.011961732857413476
27043,0.09726471877803283,0.1003193068499883,0.8024159743719789
27044,0.05468851909164985,0.1470792401875204,0.7982322407208299
27045,0.07252963474265814,0.1343431039713858,0.793127261285956
27046,0.011752597816553988,0.04217775704555254,0.9460696451378934
27047,0.07357017185227074,0.48527699596210316,0.441152832185626
27048,0.17522287254335372,0.8205498157887173,0.00422731166792912
27049,0.0699458087754623,0.4243836621236576,0.5056705291008802
27050,0.0384735711977976,0.07282923374093056,0.8886971950612719
27051,0.12835568442062653,0.26660128849619685,0.6050430270831767
27052,0.02519593196043309,0.09652321362559713,0.8782808544139696
27053,0.05662520727161887,0.22183607190257962,0.7215387208258015
27054,0.0968104243258941,0.09567229416663116,0.8075172815074746
27055,0.14359322218641085,0.843557959101134,0.01284881871245506
27056,0.2658298250828157,0.7270420948428173,0.007128080074366904
27057,0.03022269062112638,0.20609587286690242,0.7636814365119712
27058,0.1186483075110085,0.10234327271338857,0.7790084197756028
27059,0.05942262598852134,0.0918473589230211,0.8487300150884576
27060,0.05843171234882318,0.13840736548062363,0.8031609221705532
27061,0.4364437591536037,0.12067779222797666,0.4428784486184196
27062,0.12620668305880073,0.09147963382454734,0.7823136831166518
27063,0.06623473316339597,0.0789296228090322,0.8548356440275718
27064,0.024940636704447863,0.021452696166406805,0.9536066671291455
27065,0.04885532788462094,0.356802450140365,0.5943422219750139
27066,0.05056301498568731,0.05626276803811224,0.8931742169762005
27067,0.044548165531990966,0.13974511164447928,0.8157067228235299
27068,0.3599912093459735,0.12949133307486269,0.5105174575791639
27069,0.03263999775372704,0.048967280717719636,0.9183927215285533
27070,0.05217458909739129,0.047972565698317544,0.899852845204291
27071,0.04547592805584757,0.07086783069943664,0.8836562412447158
27072,0.08042915467816887,0.32420499035829814,0.5953658549635329
27073,0.10775103968930085,0.1701839998331404,0.7220649604775587
27074,0.11641211834525975,0.303868618425472,0.5797192632292683
