index,0,1,2
26457,0.05410071750622522,0.11674803163814129,0.8291512508556336
26458,0.2844028612309057,0.1830307939359221,0.5325663448331722
26459,0.04539017714487795,0.05074426004144075,0.9038655628136811
26460,0.11509382256009909,0.10702634345760831,0.7778798339822925
26461,0.07764023623856402,0.2900890214491765,0.6322707423122593
26462,0.043787892916786024,0.08719035694993145,0.8690217501332822
26463,0.37916835026885287,0.6102037087768655,0.0106279409542815
26464,0.08055291566361279,0.1673017206738846,0.7521453636625026
26465,0.016029779378272227,0.05921528630232541,0.9247549343194024
26466,0.028174822416660236,0.4751420529846362,0.4966831245987037
26467,0.23222552479673364,0.14450734656378267,0.6232671286394837
26468,0.03585785198378203,0.057019437295588005,0.9071227107206301
26469,0.5520284584145747,0.10212608246648326,0.34584545911894204
26470,0.1170525335842089,0.11117069356546518,0.7717767728503259
26471,0.07861067690883651,0.06777291715255587,0.8536164059386075
26472,0.23595103311681376,0.20338486355669252,0.5606641033264937
26473,0.08107587843845734,0.06185466736300113,0.8570694541985415
26474,0.18552788592617434,0.8074138409580498,0.007058273115776028
26475,0.31113571627365416,0.23221392710345234,0.45665035662289344
26476,0.04587508193093403,0.12854096996791942,0.8255839481011465
26477,0.1262503378637123,0.17951054033926978,0.6942391217970179
26478,0.023937107420264024,0.06561494527284695,0.910447947306889
26479,0.06562107991752825,0.1211144936792839,0.813264426403188
26480,0.07038790891679325,0.08714395607839756,0.8424681350048093
26481,0.09613860211823719,0.26196748943624965,0.6418939084455133
26482,0.1144100086242385,0.053253774405386506,0.832336216970375
26483,0.03795613071936116,0.10279138503488866,0.8592524842457503
26484,0.16353367289792983,0.0577925513223788,0.7786737757796914
26485,0.04102618962974645,0.043982953683020895,0.9149908566872327
26486,0.08449945328170284,0.1301675851203864,0.7853329615979108
26487,0.07514300230532409,0.08349727245859208,0.8413597252360839
26488,0.3929773650701447,0.5472709936342168,0.05975164129563859
26489,0.036282903681119666,0.2063756234399225,0.7573414728789578
26490,0.11032836172664359,0.22865564173887165,0.6610159965344847
26491,0.04447700349323667,0.0833081749395147,0.8722148215672484
26492,0.05497190033371556,0.2016623236547627,0.7433657760115219
26493,0.24621311981953145,0.7515915913269491,0.0021952888535194874
26494,0.12395829279072701,0.21805587116211875,0.6579858360471542
26495,0.010109772262632093,0.018281394694021184,0.9716088330433469
26496,0.07279486708033528,0.23246750719388976,0.6947376257257749
26497,0.040943239322648706,0.86766400455939,0.09139275611796117
26498,0.22489635710630423,0.4699096748654269,0.3051939680282688
26499,0.05581953942936502,0.12033222307709789,0.8238482374935371
26500,0.05363823360311218,0.44021985666228375,0.506141909734604
26501,0.12597226305836995,0.24096732954770056,0.6330604073939293
26502,0.026850041243812225,0.040971809451502514,0.9321781493046853
26503,0.12560933956108083,0.5438907590216114,0.33049990141730773
26504,0.09866382174114394,0.1799589490196914,0.7213772292391647
26505,0.05395197312140414,0.060132176697644577,0.8859158501809513
26506,0.07986195923149049,0.9018302683580982,0.018307772410411274
26507,0.12502129545859486,0.8670310865138068,0.00794761802759853
26508,0.10660135823928758,0.44282031681177114,0.4505783249489414
26509,0.13863809249958817,0.1180400914611718,0.7433218160392401
26510,0.06029419156549947,0.223543997385421,0.7161618110490795
26511,0.0390612580150874,0.08294016878185902,0.8779985732030534
26512,0.15713440817004148,0.1681121017506902,0.6747534900792682
26513,0.042882505435282076,0.1767687638489454,0.7803487307157723
26514,0.06061742259511804,0.05703917907959534,0.8823433983252865
26515,0.4384496956332524,0.059488728760224624,0.502061575606523
26516,0.04258396715642029,0.29732542728370237,0.6600906055598773
26517,0.2498056089397205,0.742287772759661,0.007906618300618569
26518,0.05327659245481192,0.07627657896519956,0.8704468285799885
26519,0.39753876468292515,0.15584235492406873,0.44661888039300607
26520,0.03794090002580644,0.8370142247218859,0.12504487525230737
26521,0.05659618678564501,0.22301825392726599,0.720385559287089
26522,0.11546990676315781,0.12996674747856096,0.7545633457582812
26523,0.08832559342848717,0.2718559354945771,0.6398184710769359
26524,0.023518066979102484,0.12398582181275605,0.8524961112081415
26525,0.319704745497619,0.21760611064350238,0.4626891438588786
26526,0.061459227842158265,0.08202725249319728,0.8565135196646444
26527,0.0992452909928342,0.16954352017431815,0.7312111888328477
26528,0.1732185981118334,0.8105842858369429,0.016197116051223703
26529,0.3160129998264402,0.048199627661025354,0.6357873725125346
26530,0.08068460421556937,0.052234860379305754,0.867080535405125
26531,0.05121441295542554,0.13584375906038998,0.8129418279841845
26532,0.15154143069010606,0.09954218552132689,0.7489163837885671
26533,0.041605226056691154,0.09441651145198977,0.863978262491319
26534,0.06563970467189122,0.1357582084190359,0.7986020869090726
26535,0.034435114490790446,0.13305185449064866,0.8325130310185611
26536,0.08308987622985801,0.2790012541081211,0.6379088696620208
26537,0.053071990995565026,0.033131040297368526,0.9137969687070667
26538,0.0345701088940894,0.502318171558502,0.46311171954740854
26539,0.02785321283997431,0.12847597252383516,0.8436708146361904
26540,0.0844343675853384,0.6547367867545758,0.2608288456600858
26541,0.08887182451189789,0.12436816341224383,0.7867600120758583
26542,0.055516909499763095,0.24557394958544476,0.6989091409147924
26543,0.05203147945061673,0.08094734208534742,0.8670211784640359
26544,0.11362113018108139,0.15712606905420873,0.7292528007647099
26545,0.1169611542531499,0.2362634605848669,0.6467753851619833
26546,0.07847322085460817,0.10760312761964796,0.813923651525744
26547,0.04939165394247404,0.07660965240601338,0.8739986936515128
26548,0.08340826164239863,0.03620183487345522,0.8803899034841461
26549,0.12132877656634333,0.8714361091910671,0.007235114242589725
26550,0.06412652472899935,0.20820191899218085,0.7276715562788199
26551,0.042657836137524004,0.17581470264160493,0.7815274612208712
26552,0.026272489898788394,0.2266364950862074,0.7470910150150042
26553,0.03523994340642195,0.09115959488349044,0.8736004617100875
26554,0.11445290528504379,0.338342659695052,0.5472044350199043
26555,0.07371661701754549,0.07677492784848755,0.8495084551339669
26556,0.0689864316807519,0.1914088125867184,0.7396047557325296
26557,0.048718446227188836,0.07605004751563124,0.87523150625718
26558,0.3614018318307075,0.15083990083578663,0.4877582673335059
26559,0.27849350593033284,0.1809096830629883,0.5405968110066788
26560,0.07797682675379217,0.29553852077610393,0.626484652470104
26561,0.030291882692770847,0.19637779272510733,0.7733303245821219
26562,0.06762337312646972,0.05314637390151397,0.8792302529720163
26563,0.05677160718480247,0.16477411832574054,0.7784542744894569
26564,0.03416386298788436,0.16145897009842128,0.8043771669136944
26565,0.08405365246021002,0.3923500056096456,0.5235963419301443
26566,0.20863648359006381,0.11671103324419195,0.6746524831657441
26567,0.0450799714740803,0.1891596633210516,0.7657603652048681
26568,0.541483719081609,0.43773639086348887,0.02077989005490222
26569,0.04712392513966474,0.08946113320222118,0.8634149416581142
26570,0.10691046299376052,0.29189350157275223,0.6011960354334873
26571,0.0255478660313231,0.07747280203955904,0.8969793319291178
26572,0.057146729588478246,0.21819760122179743,0.7246556691897245
26573,0.037192644641067335,0.28959230114883683,0.673215054210096
26574,0.1346876074300346,0.10977977693368636,0.7555326156362789
26575,0.07087403855522245,0.1270951828081514,0.8020307786366262
26576,0.13707871051054943,0.058195798032119335,0.8047254914573312
26577,0.08262129698410813,0.10211929422901932,0.8152594087868725
26578,0.20421707527140748,0.256601508874225,0.5391814158543675
26579,0.13689061792870738,0.8590018940460777,0.0041074880252146995
26580,0.07799550708111197,0.10596313931842598,0.8160413536004621
26581,0.05319946150787362,0.13248720186479274,0.8143133366273335
26582,0.010735134188627088,0.04063019721039274,0.9486346686009802
26583,0.061311125923219155,0.0816393857637881,0.8570494883129927
26584,0.09637591272501839,0.1583567586193172,0.7452673286556644
26585,0.12042449811089144,0.4171384695751936,0.46243703231391503
26586,0.33400313207346305,0.36360485070220916,0.30239201722432796
26587,0.2423680668692384,0.28458956520903567,0.4730423679217261
26588,0.07755994774520339,0.2139585280796578,0.7084815241751389
26589,0.12325788835035885,0.10216649056325397,0.7745756210863872
26590,0.05130450950878122,0.5864154629204502,0.3622800275707686
26591,0.3168325825768499,0.6706225309737692,0.01254488644938093
26592,0.5156101965685312,0.04919416257575661,0.4351956408557121
26593,0.06482036947234415,0.15555106551843184,0.779628565009224
26594,0.2292924299930992,0.07917730953380796,0.6915302604730927
26595,0.019151159133382376,0.0678505119618881,0.9129983289047297
26596,0.07944612940078027,0.1367571188882316,0.7837967517109882
26597,0.21746578217272042,0.35804562661080896,0.4244885912164705
26598,0.13507859419614576,0.21772302150756617,0.6471983842962881
26599,0.04255869656202112,0.06779180821977758,0.8896494952182012
26600,0.03981580657356343,0.09622069898189833,0.8639634944445381
26601,0.09856833243010753,0.19227873031236517,0.7091529372575275
26602,0.09783555378010055,0.18343440168270733,0.718730044537192
26603,0.07526206442145027,0.07338216709509782,0.851355768483452
26604,0.05001897992174023,0.08297383487381102,0.8670071852044487
26605,0.09752269638432551,0.19856591808498447,0.70391138553069
26606,0.257663764060917,0.3004109419583935,0.44192529398068947
26607,0.08629338013061463,0.890203366753362,0.02350325311602341
26608,0.01122241006390105,0.09508435622510042,0.893693233710999
26609,0.05995634684861057,0.10555605870193208,0.8344875944494573
26610,0.3739044438807267,0.5762214576783804,0.04987409844089273
26611,0.1151245682302488,0.1992932192142235,0.6855822125555276
26612,0.0733053778509972,0.3072487136269404,0.6194459085220624
26613,0.13913962915043795,0.14622685140271727,0.714633519446845
26614,0.05719781370049849,0.06663768289060382,0.8761645034088978
26615,0.04094738469492801,0.10128948564282268,0.8577631296622493
26616,0.04267184380524429,0.11479540349113204,0.8425327527036237
26617,0.13744573913782934,0.13818446189234482,0.7243697989698259
26618,0.11306033119345228,0.2228753983728185,0.6640642704337293
26619,0.16596411459619878,0.1561586811040515,0.6778772042997496
26620,0.45910126824208913,0.5217444830452272,0.019154248712683637
26621,0.029225799316178167,0.0773646026829101,0.8934095980009119
26622,0.16184134137658454,0.4827222040562266,0.3554364545671888
26623,0.04402536248055634,0.49013469198803045,0.4658399455314133
26624,0.07777166506663911,0.21207003553385534,0.7101582993995056
26625,0.27471724225632194,0.2040152221933142,0.5212675355503639
26626,0.21836488835993492,0.08942619598366934,0.6922089156563958
26627,0.05983836834515879,0.08751591897397414,0.8526457126808672
26628,0.04093407370284675,0.15019240169889295,0.8088735245982601
26629,0.035911475882653865,0.030179905384593992,0.933908618732752
26630,0.07754380553508933,0.16828708484531094,0.7541691096195996
26631,0.038418339500961095,0.05208642782806507,0.909495232670974
26632,0.31380404729585665,0.07913986029130894,0.6070560924128344
26633,0.026328575393358873,0.22177931820281194,0.7518921064038291
26634,0.08124978955378798,0.0535245980539333,0.8652256123922788
26635,0.07032829452053382,0.327964376687722,0.6017073287917442
26636,0.04042288585343048,0.20781019685602548,0.751766917290544
26637,0.0096297193214245,0.03520268045421044,0.9551676002243651
26638,0.0469138048549069,0.7426562497490148,0.21042994539607837
26639,0.32783964956070094,0.28320807315872343,0.3889522772805757
26640,0.0495365257519392,0.12227219219785883,0.8281912820502019
26641,0.14967542104083717,0.6331278772385668,0.2171967017205959
26642,0.021547595582171543,0.06645700030191555,0.9119954041159128
26643,0.050864965547620176,0.08445388117070886,0.864681153281671
26644,0.01977136568563085,0.08163800471205283,0.8985906296023162
26645,0.0730973530427075,0.09290428332405491,0.8339983636332376
26646,0.511911700742968,0.186651874396766,0.30143642486026606
26647,0.07353327496963036,0.12102928568824058,0.8054374393421292
26648,0.10334439298861106,0.5435338426721067,0.35312176433928216
26649,0.03414110449098305,0.1433486249839379,0.822510270525079
26650,0.5360319920117361,0.36539305541871375,0.09857495256955007
26651,0.3567858913716142,0.5905822762119078,0.05263183241647791
26652,0.2769558782075698,0.12121549521081453,0.6018286265816156
26653,0.26591317340604703,0.11168080991805215,0.6224060166759008
26654,0.10145570837855417,0.39749232087388137,0.5010519707475645
26655,0.06341231064276477,0.25229138570325715,0.6842963036539779
26656,0.09090851392708493,0.15976717704665522,0.7493243090262598
26657,0.060517511988796784,0.26169149667380376,0.6777909913373995
26658,0.06506679249218655,0.23452009342318345,0.70041311408463
26659,0.1315448080773541,0.49797708237857957,0.37047810954406635
26660,0.05162865714652846,0.10504293460246404,0.8433284082510074
26661,0.13580240852018882,0.08720016527198611,0.776997426207825
26662,0.02906638412553448,0.213771404000767,0.7571622118736987
26663,0.08657673802360813,0.09477983239754616,0.8186434295788456
26664,0.08082248246791107,0.15217243157714133,0.7670050859549474
26665,0.18114152237780737,0.19467044511885637,0.6241880325033362
26666,0.06804768196407554,0.683912486913381,0.24803983112254344
26667,0.03661876664696727,0.04348009878388373,0.9199011345691489
26668,0.10712482997041643,0.5537124570146359,0.3391627130149476
26669,0.08917896717064308,0.3642514819797487,0.5465695508496081
26670,0.4042319719537251,0.2840286292690071,0.3117393987772677
26671,0.16659756950501545,0.09090607968017034,0.7424963508148141
26672,0.06131472818690485,0.05859927555498653,0.8800859962581087
26673,0.20786096423677336,0.1844657765655952,0.6076732591976314
26674,0.37267564027448485,0.11168471695740968,0.5156396427681054
26675,0.05261967041485252,0.07893415735766635,0.868446172227481
26676,0.03918447246379253,0.11384110455640904,0.8469744229797983
26677,0.017925235333947097,0.08328541299966422,0.8987893516663886
26678,0.06440275708259184,0.26664391598640935,0.6689533269309987
26679,0.1456235435314796,0.10186418932023596,0.7525122671482843
26680,0.02779087622956894,0.04392990384220631,0.9282792199282248
26681,0.01995267651416373,0.04593221586061981,0.9341151076252164
26682,0.14769493609479603,0.24336693026080156,0.6089381336444023
26683,0.0800648226518274,0.4073264486660564,0.5126087286821162
26684,0.036647403660755834,0.12707487418250363,0.8362777221567403
26685,0.205794157602627,0.11134171138551559,0.6828641310118573
26686,0.0348780020842261,0.20907749181112562,0.7560445061046486
26687,0.11338668064791728,0.08236141027662996,0.8042519090754525
26688,0.2596804960805781,0.5552687881862456,0.18505071573317625
26689,0.056859599029787974,0.07948276332180391,0.8636576376484082
26690,0.03055261620882682,0.09181816406691408,0.8776292197242592
26691,0.044000310380790546,0.053792916349495276,0.9022067732697141
26692,0.0173254191793984,0.3355341155814966,0.6471404652391052
26693,0.25168218828815875,0.08253567877751272,0.6657821329343285
26694,0.6206869084488411,0.3582956432215993,0.021017448329559662
26695,0.059651034739495956,0.08865994692826257,0.8516890183322414
26696,0.0873715523821203,0.07295400057300044,0.8396744470448794
26697,0.03414948134209088,0.047383494414765054,0.9184670242431441
26698,0.06096644692675467,0.0643911234582183,0.8746424296150269
26699,0.0896911603356998,0.2700389807087038,0.6402698589555963
26700,0.07839500862181559,0.38199019608521295,0.5396147952929714
26701,0.09320822310600985,0.4717766238564406,0.4350151530375498
26702,0.07268592316970365,0.37895404777289055,0.5483600290574056
26703,0.06117303723711568,0.13097074171845255,0.8078562210444319
26704,0.04880299717504968,0.06800767590979674,0.8831893269151536
26705,0.04388443644016235,0.05972465979908338,0.8963909037607541
26706,0.07771983957701806,0.13948337206411907,0.7827967883588628
26707,0.4474755629292528,0.0808348236484016,0.4716896134223456
26708,0.14805279811676963,0.2391247076219273,0.6128224942613031
26709,0.039215151120973894,0.03264199541152898,0.9281428534674971
26710,0.10673262088348191,0.12300559154055682,0.7702617875759611
26711,0.24655674042425113,0.08367838542655912,0.6697648741491897
26712,0.08116580418645858,0.12072307174336247,0.7981111240701789
26713,0.12064843786267443,0.5554377529229335,0.3239138092143921
26714,0.049921440490315626,0.11672477079080797,0.8333537887188762
26715,0.04885641090218714,0.28167933772013515,0.6694642513776778
26716,0.17650069039820923,0.5663868378512542,0.2571124717505363
26717,0.04990285206415378,0.2229655552848987,0.7271315926509475
26718,0.11576311133357131,0.2111233591587599,0.6731135295076689
26719,0.08353861185365746,0.22284669988597613,0.6936146882603664
26720,0.04349979725362145,0.14311045008676168,0.8133897526596168
26721,0.08304816820392535,0.32884671957784745,0.5881051122182273
26722,0.13218449609038088,0.12343509457075091,0.7443804093388684
26723,0.06974738388747408,0.10818006722859083,0.8220725488839352
26724,0.08945940045981302,0.48447860635280726,0.4260619931873799
26725,0.012639061230475587,0.22078140340548055,0.7665795353640438
26726,0.16114500185423997,0.4019234873050095,0.43693151084075066
26727,0.03589202941692581,0.05551841777951368,0.9085895528035606
26728,0.07419328018465031,0.06520038298386864,0.8606063368314811
26729,0.13387697898269746,0.27672471516302993,0.5893983058542724
26730,0.1574135877362233,0.5091501387196105,0.3334362735441661
26731,0.07974237838133146,0.12639086960050722,0.7938667520181614
26732,0.3105155080213728,0.6759847133520835,0.013499778626543685
26733,0.04754584418180244,0.06665619381174656,0.8857979620064511
26734,0.034516863415292115,0.14446363453667582,0.8210195020480321
26735,0.07679570195146,0.16716642492444816,0.7560378731240918
26736,0.09050965512835023,0.13495529432657857,0.7745350505450713
26737,0.07778366166648173,0.2911485261419041,0.6310678121916142
26738,0.04470050768684229,0.09193585128787439,0.8633636410252835
26739,0.5335552608068794,0.06760580928657993,0.3988389299065406
26740,0.04605867154604868,0.06299824227188752,0.8909430861820637
26741,0.15422018379244473,0.8180280438255207,0.027751772382034454
26742,0.030172058731520665,0.16868833384994603,0.8011396074185332
26743,0.15023225665314727,0.17939887793334985,0.6703688654135028
26744,0.15565985221668777,0.3665776025291592,0.47776254525415307
26745,0.04336198069211303,0.1027854596634207,0.8538525596444664
26746,0.2465812204330254,0.1887606709274581,0.5646581086395166
26747,0.03554452294160462,0.3218122437497011,0.6426432333086942
26748,0.17266158981969187,0.47084488935291563,0.3564935208273925
26749,0.1183146531771792,0.23059910901711264,0.6510862378057083
26750,0.05627605710666734,0.08721093405209361,0.8565130088412389
26751,0.031177176863325582,0.10763995559379437,0.8611828675428801
26752,0.05249293390934077,0.5719766525542748,0.37553041353638444
26753,0.07998973171729029,0.08603891308918245,0.8339713551935274
26754,0.08274957678656383,0.04328333931057745,0.8739670839028588
26755,0.037281785558669886,0.06681159485423435,0.8959066195870958
26756,0.09885454215847765,0.08396477875778391,0.8171806790837385
26757,0.15019498870185552,0.11947046490332298,0.7303345463948215
26758,0.06335775116341383,0.2553497946577397,0.6812924541788465
26759,0.07924033879193615,0.3328454376378789,0.5879142235701851
26760,0.1244361545100975,0.3592254034902074,0.5163384419996953
26761,0.05934228385661151,0.12122087946401083,0.8194368366793777
26762,0.1067347618549528,0.1292981768321018,0.7639670613129455
26763,0.033822918485952994,0.08212606383417938,0.8840510176798676
26764,0.08993981611130154,0.16687053824622752,0.7431896456424708
26765,0.15017378919758956,0.12269161529123503,0.7271345955111755
26766,0.08681051188365427,0.39868692581794407,0.5145025622984016
26767,0.10996253834700347,0.2747136248718387,0.6153238367811579
26768,0.025395436841228133,0.9668586682523568,0.0077458949064151145
26769,0.1394985085249484,0.2921955108308843,0.5683059806441673
26770,0.05871078403168543,0.28216864945671494,0.6591205665115998
26771,0.13170961541007586,0.8300169248887629,0.03827345970116133
26772,0.6391180756142703,0.07207687961948755,0.28880504476624214
26773,0.05163227068490101,0.040098385266160025,0.9082693440489389
26774,0.052978735396610625,0.1630114852728646,0.784009779330525
26775,0.04272906061520512,0.2909571481898278,0.666313791194967
26776,0.07148646161215061,0.14797267250729837,0.780540865880551
26777,0.04673664444505928,0.07422942808239276,0.8790339274725479
26778,0.04377425772280785,0.07680488003926988,0.8794208622379223
26779,0.04688977315885582,0.08786150844661444,0.8652487183945298
26780,0.033587920651621556,0.09204807826019545,0.8743640010881831
26781,0.07475238001382879,0.1273074248366424,0.7979401951495287
26782,0.03717405190276487,0.060296552024587696,0.9025293960726475
26783,0.18259576512820438,0.2698881338138325,0.5475161010579632
26784,0.14291561995474597,0.5714395435830941,0.2856448364621598
26785,0.06989879677384174,0.20266421320250372,0.7274369900236545
26786,0.6094030171747459,0.0653061272358442,0.32529085558940996
26787,0.022456756123058936,0.03121934706211943,0.9463238968148215
26788,0.15069302761133682,0.20434966283156875,0.6449573095570944
26789,0.19866214957351422,0.31097483954172983,0.4903630108847559
26790,0.030554253223510033,0.09861555985548048,0.8708301869210094
26791,0.05097915521229556,0.07649445865845383,0.8725263861292506
26792,0.13033128217814421,0.11067318548304714,0.7589955323388087
26793,0.048603203992247705,0.1583264335794375,0.7930703624283146
26794,0.03430111014471014,0.13606804738143707,0.8296308424738528
26795,0.0818562685537893,0.2769370368969466,0.641206694549264
26796,0.057857090533851366,0.9404727895099023,0.0016701199562462407
26797,0.04316462055963683,0.4120898833868332,0.5447454960535301
26798,0.38509576891967456,0.1514790021644523,0.4634252289158731
26799,0.11955980931823475,0.15957803181735486,0.7208621588644103
26800,0.021327163932582983,0.9723959541672131,0.0062768819002040266
26801,0.11864804114433267,0.4610434603029359,0.4203084985527314
26802,0.1264933133221913,0.11588623261980097,0.7576204540580078
26803,0.06345582287617814,0.12163124617246113,0.8149129309513607
26804,0.05400916194403681,0.14367661618266503,0.802314221873298
26805,0.017262358077554302,0.0675291242345025,0.9152085176879433
26806,0.06300446813066868,0.14815810647421526,0.7888374253951161
26807,0.08312196365486972,0.12024657964262055,0.7966314567025097
26808,0.05730541471546876,0.2007631095906184,0.7419314756939129
26809,0.0748444912287846,0.18321075442859378,0.7419447543426216
26810,0.026088102442298436,0.24624407815529478,0.7276678194024068
26811,0.02601188252618793,0.04196572361304893,0.9320223938607631
26812,0.11064066581732768,0.0842923980732297,0.8050669361094425
26813,0.0758393344279155,0.4807091483307897,0.44345151724129483
26814,0.10932460576803958,0.1382890516810874,0.752386342550873
26815,0.0903927013863817,0.14504519506273886,0.7645621035508795
26816,0.06610991545255401,0.34480386038467903,0.5890862241627669
26817,0.08135346086117475,0.027379898222125068,0.8912666409167002
26818,0.11167542017255933,0.0630746756125456,0.8252499042148951
26819,0.1113896599902609,0.23335816006292495,0.6552521799468143
26820,0.08436074728892402,0.9093296403548536,0.006309612356222229
26821,0.06914335928977007,0.9264228736632423,0.004433767046987719
26822,0.1264878184841085,0.29576429898116224,0.5777478825347291
26823,0.01674887895614188,0.05554796975584844,0.9277031512880097
26824,0.12144930300190462,0.06069449320116228,0.8178562037969331
26825,0.025306215359299725,0.06721840887337678,0.9074753757673236
26826,0.0705689741060453,0.07583727614990307,0.8535937497440516
26827,0.08402457151010162,0.10406227134057638,0.811913157149322
26828,0.027793981152481075,0.09738376337026915,0.8748222554772498
26829,0.03301724473980576,0.17485010321208008,0.7921326520481141
26830,0.04115368795798535,0.08516920081924251,0.8736771112227721
26831,0.02622315889417152,0.08609923367893216,0.8876776074268963
26832,0.017176348017997698,0.03288478056453958,0.9499388714174627
26833,0.08433233958814866,0.10049514721246076,0.8151725131993905
26834,0.04192254069107943,0.11412768441850539,0.8439497748904152
26835,0.6242722104805853,0.09646300570696871,0.27926478381244596
26836,0.1754211748641626,0.46826518599518274,0.35631363914065484
26837,0.10320823843249877,0.03154108473466739,0.8652506768328339
26838,0.12771866947587965,0.3655437631784063,0.5067375673457142
26839,0.7258126764489758,0.05855635378785705,0.21563096976316712
26840,0.08655810080636539,0.4095000185713318,0.5039418806223028
26841,0.024084822436817355,0.05794900263129004,0.9179661749318926
26842,0.04390394165273799,0.16949099737714282,0.7866050609701192
26843,0.14834318690368653,0.07615613493692192,0.7755006781593916
26844,0.2005600929023622,0.4455603988061801,0.35387950829145765
26845,0.6137954900817959,0.034975210574857904,0.35122929934334624
26846,0.05752678910043087,0.09416289217137658,0.8483103187281925
26847,0.05075747062096613,0.2053905183883773,0.7438520109906566
26848,0.09910502018939066,0.05184486897484709,0.8490501108357622
26849,0.19512694479624237,0.08508748109065636,0.7197855741131013
26850,0.06077406890619795,0.39587010402825884,0.5433558270655433
26851,0.18302439993873154,0.24442608556988546,0.5725495144913829
26852,0.1467483819123117,0.6057723195781237,0.24747929850956446
26853,0.0940741459374776,0.0588945377182587,0.8470313163442637
26854,0.04060191305171169,0.9546971416564717,0.004700945291816892
26855,0.09700715757964955,0.3072937999198327,0.5956990425005178
26856,0.10148577020857924,0.0666057530730642,0.8319084767183564
26857,0.10336254834688813,0.2542766045981646,0.6423608470549473
26858,0.04924144326573725,0.7360742642807114,0.2146842924535513
26859,0.06184084880823536,0.6157806273627571,0.32237852382900734
26860,0.05436442197980835,0.520712964517081,0.4249226135031106
26861,0.16096935757283953,0.21274273455728768,0.6262879078698728
26862,0.09878905108785362,0.3211606648431682,0.580050284068978
26863,0.036480054637023945,0.11255296193428105,0.850966983428695
26864,0.04164914572712411,0.360434203443269,0.5979166508296069
26865,0.08565155216050054,0.09017883915818696,0.8241696086813125
26866,0.017790359387073396,0.09068180359946489,0.8915278370134617
26867,0.031350535061335755,0.0428248211503277,0.9258246437883364
26868,0.02537811702344723,0.11519809759067229,0.8594237853858806
26869,0.02354314931423592,0.022053905041955396,0.9544029456438088
26870,0.02291881968992607,0.8526854329841563,0.12439574732591753
26871,0.10133139154229011,0.08414793848373027,0.8145206699739796
26872,0.0678356064551176,0.180372186756647,0.7517922067882352
26873,0.0822461615853568,0.15786122569828878,0.7598926127163543
26874,0.0855681379132293,0.30521938489055683,0.609212477196214
26875,0.05508684843648249,0.27410249060858705,0.6708106609549305
26876,0.05946106865625314,0.10691142555557502,0.8336275057881717
26877,0.06652640408086641,0.09853356895050965,0.8349400269686238
26878,0.112826687914645,0.16585749532348962,0.7213158167618654
26879,0.09594369364286985,0.2229304001805028,0.6811259061766273
26880,0.22910056606547494,0.06583154601201846,0.7050678879225067
26881,0.03019224902950586,0.161648985905661,0.8081587650648332
26882,0.3577120066505262,0.09835194278620335,0.5439360505632704
26883,0.05538985700580599,0.07128576695839411,0.8733243760357999
26884,0.06398907657962069,0.3518381532841889,0.5841727701361905
26885,0.24135673716063255,0.15819558790104427,0.6004476749383232
26886,0.08503025741044296,0.08735542525972323,0.8276143173298338
26887,0.02720246872323368,0.11553346110892176,0.8572640701678444
26888,0.15902575249557166,0.19535537023480254,0.645618877269626
26889,0.036422461821071214,0.10474152404665096,0.8588360141322781
26890,0.034155457257098,0.11482648214967345,0.8510180605932286
26891,0.05826181901126483,0.5315481724675596,0.4101900085211756
26892,0.10692771375693434,0.23733554677600333,0.6557367394670622
26893,0.05424322177091082,0.06815598518858361,0.8776007930405058
26894,0.0831992134925432,0.07548654406306485,0.8413142424443921
26895,0.12437507843774985,0.39986301992421347,0.47576190163803667
26896,0.05932322853671206,0.209624070676021,0.7310527007872669
26897,0.08280651425847571,0.16368900347363832,0.7535044822678858
26898,0.04096357810257432,0.03972427716142809,0.9193121447359976
26899,0.06148525861300209,0.2041993044839625,0.7343154369030354
26900,0.0726102991230429,0.219557981681753,0.7078317191952039
26901,0.060984909011359965,0.2743367483246495,0.6646783426639906
26902,0.03318052700539311,0.03792792250524132,0.9288915504893657
26903,0.07528262523033512,0.265381395350585,0.65933597941908
26904,0.5057378589908759,0.4835302375871859,0.01073190342193824
26905,0.08251531148480588,0.07615670241359972,0.8413279861015945
26906,0.01698097313698084,0.024978379435154758,0.9580406474278642
26907,0.185044678651763,0.08903012909513315,0.7259251922531038
26908,0.09153621325837202,0.1724887600680552,0.735975026673573
26909,0.03341517484481953,0.6862846454248193,0.28030017973036125
26910,0.09207543647387478,0.35924011940837697,0.5486844441177483
26911,0.10180451388120512,0.15266594258143965,0.7455295435373552
26912,0.026850285127487508,0.06390671611919396,0.9092429987533185
26913,0.25318708192966777,0.14474907650471913,0.6020638415656132
26914,0.07677936779240341,0.1725032856270798,0.7507173465805167
26915,0.1648373754310657,0.1286001650837742,0.7065624594851602
26916,0.0825733134503444,0.9135754275845631,0.0038512589650923842
26917,0.03149235125576841,0.1039628316811544,0.8645448170630771
26918,0.09006149094112152,0.1520279244379411,0.7579105846209375
26919,0.4586101200559086,0.13161410118636188,0.4097757787577294
26920,0.07440358382652373,0.3418729307115698,0.5837234854619066
26921,0.018070591792089318,0.741040022087008,0.24088938612090263
26922,0.04828491531800874,0.42010294996346975,0.5316121347185214
26923,0.04670914902940588,0.082484780683571,0.8708060702870231
26924,0.09393129048098617,0.09003399110117408,0.8160347184178398
26925,0.07807665779912945,0.05540269250897815,0.8665206496918927
26926,0.14534996480220375,0.34483999618392536,0.5098100390138709
26927,0.040580451678506095,0.10866589844373808,0.8507536498777558
26928,0.057065725455298276,0.9329986321501731,0.009935642394528519
26929,0.038904958404746684,0.12638210997227237,0.834712931622981
26930,0.04518171863259833,0.548568664227178,0.40624961714022373
26931,0.25405302024233356,0.7325887990689505,0.013358180688716073
26932,0.06863173321314875,0.686264970260699,0.24510329652615218
26933,0.314383561319741,0.19035049157386608,0.49526594710639293
26934,0.0780533569872314,0.1169059957063542,0.8050406473064144
26935,0.07463430780796049,0.14539395333248323,0.7799717388595562
26936,0.07307510526359888,0.06274506435512946,0.8641798303812718
26937,0.05986853482598464,0.28329361347113996,0.6568378517028753
26938,0.15135845117410268,0.8320194078288925,0.016622140997004816
26939,0.6373184803142059,0.35156111650145905,0.011120403184335189
26940,0.05967480385433524,0.12216953674734045,0.8181556593983242
26941,0.08510312767770363,0.20925815070985782,0.7056387216124386
26942,0.18843261189988927,0.18585969765121466,0.6257076904488961
26943,0.05308518817863669,0.3252258303829432,0.6216889814384202
26944,0.0846594897921837,0.0757119646185499,0.8396285455892665
26945,0.17855187974057138,0.40446583779107326,0.41698228246835534
26946,0.05798104867980306,0.07320579822779577,0.868813153092401
26947,0.05532593077203865,0.4120214666070568,0.5326526026209044
26948,0.09024786336401695,0.30608731282505736,0.6036648238109257
26949,0.4196911119364654,0.12573296200750622,0.45457592605602837
26950,0.18932480179561503,0.21972836097481613,0.5909468372295686
26951,0.27839001763906557,0.36844940391761827,0.35316057844331616
26952,0.10048508936905938,0.24435551849755496,0.6551593921333856
26953,0.09587459895786836,0.025126723593674915,0.8789986774484568
26954,0.010720204556657677,0.05809246916590152,0.9311873262774407
26955,0.04114830425516055,0.5004694364250111,0.4583822593198284
26956,0.20189812866649443,0.2300121162519904,0.5680897550815152
26957,0.4946315222449382,0.12754600387954346,0.3778224738755183
26958,0.21471269184020525,0.1276509712297266,0.6576363369300682
26959,0.03704525047967963,0.2048542053348734,0.758100544185447
26960,0.09117102270386071,0.1399657554199275,0.7688632218762117
26961,0.0517427140136654,0.060921398400321514,0.887335887586013
26962,0.03680595168170622,0.7071503722625369,0.2560436760557569
26963,0.25168218828815875,0.08253567877751272,0.6657821329343285
26964,0.22292873277377012,0.08997190019915861,0.6870993670270713
26965,0.06614152757113886,0.4722279947300929,0.4616304776987682
26966,0.05932322853671206,0.209624070676021,0.7310527007872669
26967,0.051918725313829295,0.059839493016231454,0.8882417816699391
26968,0.08220870498012647,0.0688394720356147,0.8489518229842588
26969,0.0204839314737566,0.07699869919868176,0.9025173693275617
26970,0.109425175130823,0.08014589405338668,0.8104289308157901
26971,0.07961554616106255,0.21580305769790104,0.7045813961410362
26972,0.12067283155341497,0.28034520089012654,0.5989819675564585
26973,0.047758816883194874,0.1511125815336414,0.8011286015831639
26974,0.07518636361319694,0.06564116693516277,0.8591724694516404
26975,0.06204361928850006,0.06733278384385477,0.8706235968676452
26976,0.15549605796535143,0.8208940886564421,0.023609853378206296
26977,0.10157072161640279,0.2505684432561488,0.6478608351274484
26978,0.03076680486625099,0.1282202314205397,0.8410129637132093
26979,0.036751999511041515,0.3793763939355326,0.5838716065534258
26980,0.04835104497180459,0.059212911304228046,0.8924360437239672
26981,0.12121109611302733,0.22400163517576827,0.6547872687112043
26982,0.04200856049754882,0.1110919469603648,0.8468994925420865
26983,0.0951288167177264,0.17099939313071627,0.7338717901515572
26984,0.0682106147461084,0.12238947580592287,0.8093999094479689
26985,0.1741928863494368,0.23891544380453344,0.5868916698460296
26986,0.06504660579039259,0.04955906376406261,0.8853943304455447
26987,0.10431518283381654,0.44331999427630797,0.45236482288987545
26988,0.1483696878312816,0.41116453386762064,0.4404657783010978
26989,0.05812719521302686,0.31441508587801387,0.6274577189089592
26990,0.047976558707221506,0.10738398804646104,0.8446394532463174
26991,0.051180611838035524,0.11590235549688928,0.832917032665075
26992,0.10244367884880654,0.3342702145633656,0.5632861065878279
26993,0.07041942385202699,0.12215155208052714,0.807429024067446
26994,0.12021839307735473,0.16503879691297818,0.714742810009667
26995,0.058951111773933355,0.32923821471534054,0.611810673510726
26996,0.03168042713411174,0.12472208667009295,0.8435974861957952
26997,0.2618363728858656,0.4333146167954764,0.3048490103186581
26998,0.3165899395325161,0.10080946781161979,0.5826005926558641
26999,0.3274553366492878,0.07451069487435258,0.5980339684763598
27000,0.05042584803148377,0.5285490995808106,0.42102505238770566
27001,0.04080297875512456,0.35159865887385844,0.607598362371017
27002,0.07825047456625686,0.31877791238057884,0.6029716130531644
27003,0.12555431789420435,0.1193669201592675,0.755078761946528
27004,0.053141262345588386,0.11739445212091658,0.8294642855334952
27005,0.05246726168373103,0.39803769558776925,0.5494950427284997
27006,0.07672259960818331,0.10512840736145287,0.8181489930303638
27007,0.06153549066860569,0.8253674641988463,0.11309704513254792
27008,0.06482251535727351,0.19886608805478886,0.7363113965879375
27009,0.03991898986746731,0.22250297184393716,0.7375780382885955
27010,0.028664107923098467,0.09932459791268873,0.8720112941642129
27011,0.13890575548128348,0.4930721742283927,0.36802207029032385
27012,0.06456700709314692,0.09038934666483067,0.8450436462420226
27013,0.27643059738691833,0.12619950725848575,0.597369895354596
27014,0.08206472020039161,0.533820250056147,0.3841150297434615
27015,0.1181070466324406,0.32846143295239605,0.5534315204151633
27016,0.04785799655125827,0.05034374357133314,0.9017982598774087
27017,0.08246226446838707,0.12597918796556706,0.7915585475660458
27018,0.07040763619059133,0.16432709735996867,0.7652652664494399
27019,0.10982549051993644,0.128293642939556,0.7618808665405075
27020,0.06138869051170427,0.44779348329924823,0.49081782618904757
27021,0.06576696952273488,0.3667217240191203,0.5675113064581447
27022,0.06916950521570676,0.2804598560922866,0.6503706386920065
27023,0.10727212672349834,0.4870762685407073,0.4056516047357944
27024,0.05033643599911054,0.2185123093638529,0.7311512546370366
27025,0.20721674692336614,0.10801821051787115,0.6847650425587628
27026,0.04165018925318467,0.1344650386513792,0.823884772095436
27027,0.11516548411879308,0.05224997664894258,0.8325845392322644
27028,0.2923276568957498,0.09452977332873419,0.613142569775516
27029,0.04020974090596292,0.10323666193231061,0.8565535971617265
27030,0.15293833311489818,0.503831576565301,0.343230090319801
27031,0.6606429890622416,0.15221292904259123,0.18714408189516726
27032,0.30453714061102083,0.10342030435202129,0.5920425550369578
27033,0.05263096427852268,0.04940732118978949,0.8979617145316878
27034,0.06335187738668813,0.06253613822574067,0.8741119843875713
27035,0.5967631655572899,0.10117682240330556,0.3020600120394045
27036,0.06065955296625331,0.039837470334160394,0.8995029766995862
27037,0.19857148326123278,0.1511352020546817,0.6502933146840855
27038,0.06302094928045349,0.06924489601815112,0.8677341547013955
27039,0.2089281877826101,0.1260359765280516,0.6650358356893382
27040,0.07112255023618311,0.06237213086234808,0.8665053189014688
27041,0.016809459421845405,0.020572771171348793,0.9626177694068058
27042,0.3246309315706526,0.6651975074655172,0.010171560963830373
27043,0.094526971456609,0.09647368426258804,0.808999344280803
27044,0.05417783647354284,0.15237599586787828,0.7934461676585788
27045,0.06608665028437381,0.11574320725902042,0.8181701424566058
27046,0.01298296035962404,0.040089974030545344,0.9469270656098305
27047,0.07569147894397091,0.5107509087089412,0.41355761234708777
27048,0.19489777318565638,0.7999590640557896,0.005143162758554028
27049,0.08314209756798317,0.38321104539852424,0.5336468570334926
27050,0.03449911099943629,0.06765464345846259,0.8978462455421011
27051,0.10933342802152428,0.30130844966461345,0.5893581223138623
27052,0.0246982642674367,0.0698954105136847,0.9054063252188786
27053,0.055055096140642204,0.23901747198900278,0.7059274318703551
27054,0.09165559296541523,0.1050787789971614,0.8032656280374231
27055,0.15375132705391492,0.8342585884214889,0.011990084524596089
27056,0.2979379067374469,0.6945667199606125,0.007495373301940568
27057,0.031044648876945635,0.2129748414296508,0.7559805096934037
27058,0.12514750481446082,0.09656263400094553,0.7782898611845936
27059,0.058540179519250155,0.08662973854092627,0.8548300819398237
27060,0.07032471157193648,0.1484991298345516,0.7811761585935119
27061,0.41662470466793283,0.12361386795808829,0.45976142737397896
27062,0.12127243792288508,0.07739981097691714,0.8013277511001977
27063,0.06533737401023713,0.07524345930016575,0.8594191666895971
27064,0.03258707158398903,0.020212471748970465,0.9472004566670404
27065,0.044021736098029535,0.28873001685788746,0.6672482470440831
27066,0.036440179541920484,0.05250717120802749,0.9110526492500521
27067,0.04377436236502502,0.11779642418418416,0.8384292134507908
27068,0.3848387238693388,0.1170383485713728,0.49812292755928844
27069,0.026923347326605993,0.04375426432055609,0.929322388352838
27070,0.05215082134319854,0.046774862123722644,0.9010743165330789
27071,0.045346808186093185,0.06985966937626316,0.8847935224376436
27072,0.07444086253434151,0.34292955943497333,0.582629578030685
27073,0.11535622260235846,0.1732213792308209,0.7114223981668206
27074,0.11436836564969319,0.29674866709027675,0.58888296726003
