index,0,1,2
26457,0.04637223216012849,0.12248312896633416,0.8311446388735375
26458,0.29725318858901045,0.23381797804950707,0.46892883336148244
26459,0.06208189355267136,0.10992346380598515,0.8279946426413434
26460,0.1005963235531334,0.0938538306965293,0.8055498457503373
26461,0.026911133028319458,0.31114906974332013,0.6619397972283603
26462,0.034175656931746706,0.1552069851306367,0.8106173579376166
26463,0.4021219941466585,0.5844935089981818,0.013384496855159769
26464,0.08644264363763275,0.14633838730776494,0.7672189690546022
26465,0.03294917518705096,0.10951135143853881,0.8575394733744104
26466,0.011828241335440854,0.33334117645921346,0.6548305822053456
26467,0.22731080230166717,0.14084304937371167,0.6318461483246212
26468,0.11213141044087362,0.1312068916658132,0.756661697893313
26469,0.8373259126244725,0.07497394697100107,0.08770014040452624
26470,0.1996909288776339,0.14756881732477733,0.6527402537975887
26471,0.054376783268035564,0.07167709812905687,0.8739461186029075
26472,0.1906434634060637,0.2027494822474478,0.6066070543464884
26473,0.11115556081175901,0.07654011880031605,0.812304320387925
26474,0.20467667627603076,0.7842018439197617,0.011121479804207598
26475,0.29567517889750144,0.279193765964526,0.42513105513797245
26476,0.0013930992053269625,0.023707174718080464,0.9748997260765926
26477,0.17354689039423837,0.13921570011801396,0.6872374094877478
26478,0.00168061838653442,0.008079524260470627,0.9902398573529949
26479,0.05747870406583981,0.1567060709519303,0.7858152249822299
26480,0.1146736497762318,0.08190453080382684,0.8034218194199414
26481,0.030739778199095187,0.19793572745743404,0.7713244943434708
26482,0.14978178462500977,0.13923261438516465,0.7109856009898254
26483,0.0305649651208551,0.163119068394843,0.806315966484302
26484,0.1422913302237784,0.05976703059567955,0.7979416391805422
26485,0.07718558000041284,0.07868787426707481,0.8441265457325123
26486,0.08079146108481236,0.1587008556207872,0.7605076832944005
26487,0.04499740704508321,0.08431852719420448,0.8706840657607124
26488,0.1656171543050739,0.792605550367512,0.041777295327414116
26489,0.040328969366077556,0.16357112811986696,0.7960999025140555
26490,0.10266140554270083,0.19256675588189417,0.704771838575405
26491,0.05857722929007071,0.11243629477180343,0.8289864759381257
26492,0.08074969687629094,0.17356328315084682,0.7456870199728622
26493,0.2014088645130035,0.7948985827304609,0.003692552756535784
26494,0.2091749916351757,0.23173139662525352,0.5590936117395707
26495,0.039491270180443364,0.12047354667805592,0.8400351831415008
26496,0.07095750585134551,0.20317489264774904,0.7258676015009055
26497,0.05641674306983517,0.8317318389213268,0.1118514180088379
26498,0.17483336101222247,0.43741086762706793,0.38775577136070966
26499,0.07641504245740253,0.12648756694786106,0.7970973905947363
26500,0.08516693932055092,0.35968784347937105,0.555145217200078
26501,0.07867038139905976,0.22311971692193192,0.6982099016790084
26502,0.011748779678165374,0.05092984378660061,0.937321376535234
26503,0.16769978615955894,0.5849568130570552,0.2473434007833859
26504,0.01610373844530701,0.05705001880821752,0.9268462427464754
26505,0.06141903829729357,0.04174016493344532,0.8968407967692611
26506,0.09639186331304048,0.877826152132156,0.02578198455480332
26507,0.12922660813946682,0.8606606893907556,0.010112702469777635
26508,0.13112913866387393,0.3230800769269158,0.5457907844092103
26509,0.1130515712568072,0.1729584208784901,0.7139900078647029
26510,0.06090665142099117,0.18016183583517215,0.7589315127438366
26511,0.041892920096113354,0.06924066300829139,0.8888664168955952
26512,0.8318311611543396,0.06842557874861892,0.09974326009704129
26513,0.04956702142632019,0.19206692622070218,0.7583660523529776
26514,0.033349095088463315,0.05591346308864675,0.9107374418228898
26515,0.4747992012232572,0.04183993176729717,0.4833608670094457
26516,0.045959878109237365,0.2655902679985307,0.6884498538922319
26517,0.28799588617924965,0.6912181204545049,0.02078599336624542
26518,0.08713051065495633,0.10159813860441241,0.8112713507406313
26519,0.38948165273924357,0.10591494533588566,0.5046034019248709
26520,0.024738692102786005,0.7828229040400344,0.19243840385717986
26521,0.09602900172594714,0.21127784982997913,0.6926931484440736
26522,0.08403343828718025,0.0852518807840562,0.8307146809287634
26523,0.13758390632624742,0.279193553818843,0.5832225398549097
26524,0.007632116548502362,0.11540047242932615,0.8769674110221715
26525,0.3189260799739692,0.2102625309916078,0.470811389034423
26526,0.05929035817388435,0.10693519410587747,0.8337744477202381
26527,0.051993106187509186,0.08543141310653925,0.8625754807059516
26528,0.2094198678912983,0.7619129745982015,0.02866715751050027
26529,0.3582503925633003,0.05914952609186417,0.5826000813448354
26530,0.0473666101445256,0.0644144806586453,0.8882189091968292
26531,0.01572274627011237,0.11011364794865047,0.8741636057812372
26532,0.11952114822667285,0.12928205659289732,0.7511967951804298
26533,0.014636644852375837,0.12398962112089124,0.8613737340267329
26534,0.05875268603887997,0.18336246082991417,0.7578848531312059
26535,0.024302921751932938,0.09995182487912095,0.8757452533689459
26536,0.2121008222554048,0.38599887758410467,0.40190030016049044
26537,0.03142461347182141,0.038683401964725535,0.929891984563453
26538,0.02942059450944541,0.45144075147473045,0.519138654015824
26539,0.028104095768585816,0.168193063840508,0.8037028403909062
26540,0.08495911686253656,0.39930969373222397,0.5157311894052395
26541,0.0927269786935864,0.15031847883443922,0.7569545424719745
26542,0.07771443774554601,0.2180063122648154,0.7042792499896386
26543,0.008776343064617474,0.046337691145745166,0.9448859657896372
26544,0.024325433476901148,0.09882268478499268,0.8768518817381064
26545,0.08111092180635968,0.2917115458320944,0.627177532361546
26546,0.1046226422583385,0.13633102553603946,0.7590463322056221
26547,0.04087231879087585,0.08122232903121272,0.8779053521779113
26548,0.08719788373708783,0.04638313045819569,0.8664189858047165
26549,0.17804656521980444,0.8143653952882298,0.007588039491965686
26550,0.06312556398695437,0.2387596133382313,0.6981148226748142
26551,0.0561850047124123,0.18379636481415007,0.7600186304734375
26552,0.022507129508829587,0.21577802987633599,0.7617148406148345
26553,0.0073289104487623165,0.06485269346539664,0.927818396085841
26554,0.07297772571429136,0.3747829312761055,0.5522393430096031
26555,0.038148005208622375,0.08376675271061367,0.8780852420807642
26556,0.06199902719124522,0.22060041218986434,0.7174005606188903
26557,0.003627552285361679,0.011739539342390078,0.9846329083722483
26558,0.4226200257003515,0.1842575280214817,0.39312244627816667
26559,0.38851415689762914,0.121391709944734,0.4900941331576367
26560,0.07938838428025541,0.2524670002744972,0.6681446154452473
26561,0.0815932967834728,0.22884697168094667,0.6895597315355807
26562,0.07413098880902463,0.08563573177531901,0.8402332794156563
26563,0.024618141358895996,0.13128750760797683,0.8440943510331272
26564,0.0555933369268845,0.13368690950027287,0.8107197535728425
26565,0.09620367305509994,0.26458209396656424,0.6392142329783359
26566,0.16573236574272304,0.12292403788474994,0.711343596372527
26567,0.049393727737752684,0.21031136722435245,0.7402949050378947
26568,0.5008048679690297,0.467967857071723,0.031227274959247354
26569,0.034428910739428824,0.13243142897501375,0.8331396602855573
26570,0.18574778499741842,0.255225292442593,0.5590269225599885
26571,0.03682518751232942,0.06365023733183678,0.899524575155834
26572,0.08451007822662777,0.291965344070319,0.6235245777030534
26573,0.04203748382740497,0.22790520044726942,0.7300573157253256
26574,0.25242114155815226,0.12798396807029636,0.6195948903715514
26575,0.14311193416088058,0.13799839507007725,0.7188896707690421
26576,0.05858866516566,0.053133600059148016,0.888277734775192
26577,0.05676900261377738,0.06872523544025239,0.8745057619459703
26578,0.19909722477001107,0.26077146202169854,0.5401313132082903
26579,0.08376648401179519,0.9095049757287172,0.006728540259487701
26580,0.002811605561904734,0.0077198959408718865,0.9894684984972233
26581,0.07134930412178897,0.1354528334470511,0.79319786243116
26582,0.014554431779230471,0.07598488841049114,0.9094606798102783
26583,0.15221594690714496,0.19536732150858385,0.6524167315842713
26584,0.066429598390821,0.1626329142232699,0.7709374873859092
26585,0.13489083298656498,0.3303799176337891,0.5347292493796458
26586,0.309941393483105,0.34352104887609297,0.34653755764080213
26587,0.2695933750516908,0.39687318956063766,0.3335334353876715
26588,0.08155247333428071,0.24057837916086272,0.6778691475048565
26589,0.1585859756236192,0.10911184223754641,0.7323021821388345
26590,0.08313456442799814,0.5540506020483448,0.3628148335236572
26591,0.2269846923464548,0.7611792905858885,0.011836017067656569
26592,0.314169639347835,0.1545029112126482,0.5313274494395168
26593,0.06058369069112434,0.13936164958141978,0.8000546597274558
26594,0.2058237074766541,0.11143614349500512,0.6827401490283408
26595,0.025431249964045572,0.10649078788324026,0.8680779621527142
26596,0.10732420629404947,0.2331273710010948,0.6595484227048556
26597,0.21332443934728731,0.3340126067785075,0.45266295387420513
26598,0.1530772419709203,0.22667001364703152,0.6202527443820484
26599,0.04487218413804379,0.07052798543676045,0.884599830425196
26600,0.058132236836571,0.14176404692389658,0.8001037162395322
26601,0.10531302707306016,0.20173155231148948,0.6929554206154503
26602,0.12225090927749638,0.16323732117498502,0.7145117695475186
26603,0.13200938119349914,0.0815493478376135,0.7864412709688876
26604,0.05912618016432763,0.11482982651671733,0.8260439933189551
26605,0.09224272748799897,0.1937255377145376,0.7140317347974633
26606,0.22099188151588087,0.23357749447818582,0.5454306240059332
26607,0.09481685478413442,0.8705885265962412,0.034594618619624366
26608,0.02571658773011333,0.11305334250311261,0.8612300697667742
26609,0.05542593864035441,0.18218255204579586,0.7623915093138497
26610,0.4941019182172611,0.44064167401132565,0.0652564077714132
26611,0.10210982467523659,0.24548119058522674,0.6524089847395366
26612,0.07741944580537181,0.3040647328118013,0.618515821382827
26613,0.10653744137720071,0.15367052520387212,0.7397920334189273
26614,0.0732528783464393,0.12668291172005883,0.8000642099335018
26615,0.0034431193966738137,0.026341837442570168,0.970215043160756
26616,0.09621824914887821,0.13989920185984564,0.7638825489912763
26617,0.27215281715069145,0.16732236009333715,0.5605248227559714
26618,0.11113283569566734,0.20893730621367002,0.6799298580906628
26619,0.18516411014585307,0.2531785434072978,0.5616573464468491
26620,0.3709461216403051,0.6019096849621893,0.027144193397505473
26621,0.06583142881479445,0.10897842171870796,0.8251901494664975
26622,0.13912525307469686,0.3176823375506068,0.5431924093746965
26623,0.035080416698426,0.5574821544943781,0.4074374288071959
26624,0.08359600467550833,0.1841342654214923,0.7322697299029993
26625,0.22541866145971595,0.20147568809156216,0.5731056504487219
26626,0.1644312656700647,0.1002115706444881,0.7353571636854472
26627,0.07990894164040288,0.17032972863949827,0.749761329720099
26628,0.11191005071691906,0.23256247618537704,0.6555274730977039
26629,0.03606818914891562,0.05361698661389001,0.9103148242371943
26630,0.0799451438551962,0.21458752357244185,0.7054673325723619
26631,0.05316230171284315,0.10917864087161808,0.8376590574155387
26632,0.4355461097755881,0.10244218000893768,0.4620117102154742
26633,0.045222077619529455,0.21480446434307598,0.7399734580373946
26634,0.117235500148227,0.09436391959133043,0.7884005802604425
26635,0.027615794859542166,0.14785283232443547,0.8245313728160223
26636,0.04796614171856787,0.16220206255400652,0.7898317957274258
26637,0.022281448438412402,0.08167231862082817,0.8960462329407595
26638,0.07242686025947373,0.6647185965151051,0.2628545432254211
26639,0.19743053259549462,0.20625381037841117,0.5963156570260942
26640,0.09365728506993955,0.17369128421126853,0.7326514307187918
26641,0.20239295251847683,0.5945486500159176,0.20305839746560542
26642,0.030029171141525726,0.06813013895279321,0.9018406899056811
26643,0.07680477794369768,0.11553233365653659,0.807662888399766
26644,0.0014437419816002433,0.01005718202004364,0.9884990759983563
26645,0.073008119712602,0.10248228829277846,0.8245095919946197
26646,0.5490457421231734,0.22361768014675842,0.22733657773006816
26647,0.09937278453514922,0.13806870603249125,0.7625585094323595
26648,0.048746802664586704,0.40922934395355526,0.542023853381858
26649,0.03393127265622894,0.11817423448962702,0.8478944928541441
26650,0.40022721590966187,0.5153035968649369,0.08446918722540128
26651,0.21757452527362958,0.7362397760922027,0.04618569863416773
26652,0.24746816751785622,0.13960911410884627,0.6129227183732974
26653,0.2527379821106969,0.16098302794567657,0.5862789899436264
26654,0.10564747703508752,0.3849835694799347,0.5093689534849777
26655,0.08326265823106942,0.26283263938480833,0.6539047023841221
26656,0.11747381280850584,0.24112735851573974,0.6413988286757544
26657,0.04711139494020632,0.12002617345413881,0.8328624316056548
26658,0.07920724818818291,0.16950484482606556,0.7512879069857514
26659,0.14470803776876523,0.3314694269280199,0.5238225353032149
26660,0.0054245232477206995,0.08932278357780973,0.9052526931744695
26661,0.14601879140032314,0.07801859329608124,0.7759626153035956
26662,0.026060300407416092,0.22725461067678376,0.7466850889158001
26663,0.09114414226584232,0.11615127410756886,0.7927045836265888
26664,0.10721074628575522,0.3211036605983301,0.5716855931159145
26665,0.13220150208399095,0.1535807942935208,0.7142177036224882
26666,0.09149965181867138,0.6685924040765019,0.23990794410482688
26667,0.039931733289806766,0.054636405057737175,0.905431861652456
26668,0.09979707894287185,0.5504639716156133,0.349738949441515
26669,0.07841604325477615,0.2981905245567671,0.6233934321884568
26670,0.3505588991041871,0.22053638116501031,0.4289047197308025
26671,0.210630182387043,0.07583971703410917,0.7135301005788478
26672,0.10561111216365497,0.09865384150580474,0.7957350463305403
26673,0.1450518167087244,0.1926523405432038,0.6622958427480717
26674,0.39508758511066855,0.07905075394161859,0.5258616609477128
26675,0.03093275643808958,0.09206188034713413,0.8770053632147764
26676,0.054349338655504946,0.15920383159109888,0.7864468297533962
26677,0.004490564132669773,0.01946055684087241,0.9760488790264579
26678,0.08598862133159889,0.21073988958794224,0.7032714890804589
26679,0.1662064400633916,0.16739801058572254,0.666395549350886
26680,0.012809795183756861,0.050069173383761406,0.9371210314324815
26681,0.008085644412959144,0.0624939982683266,0.9294203573187143
26682,0.13787331484204712,0.1996820556899581,0.6624446294679947
26683,0.09140836789801784,0.36554008873846333,0.5430515433635187
26684,0.03887594186016343,0.16474253674238112,0.7963815213974554
26685,0.24421378145858536,0.23598872476078933,0.5197974937806253
26686,0.05582114798490507,0.21665755585555485,0.7275212961595401
26687,0.11839089539198579,0.1277857545561586,0.7538233500518555
26688,0.34731455123535504,0.5500166750608941,0.10266877370375074
26689,0.11002990955768276,0.17690647056063138,0.7130636198816858
26690,0.05573471545590342,0.1231138435276127,0.8211514410164839
26691,0.08153506509241909,0.10433480546041468,0.8141301294471662
26692,0.032273216060695206,0.387350118362713,0.580376665576592
26693,0.5389112098248782,0.07213545820836968,0.38895333196675197
26694,0.6122338996112755,0.37534637125956755,0.012419729129157004
26695,0.01109786188391081,0.021773251516265857,0.9671288865998234
26696,0.12711613763074284,0.10681130546465072,0.7660725569046064
26697,0.005093088661847432,0.016936477760687584,0.977970433577465
26698,0.07153999456199303,0.08125588689681333,0.8472041185411937
26699,0.10064249739359189,0.3511888352954983,0.5481686673109097
26700,0.010319773914762211,0.20110883022432482,0.788571395860913
26701,0.10210310953127591,0.4711884073364872,0.42670848313223686
26702,0.06008636011417186,0.4887857501200114,0.45112788976581675
26703,0.07839388778447226,0.15541527420655252,0.7661908380089754
26704,0.05120463077924179,0.07487884338227505,0.8739165258384833
26705,0.05741277561315891,0.09091754961851581,0.8516696747683253
26706,0.09137484136981501,0.156461478702682,0.752163679927503
26707,0.41294300484064933,0.13835815099459886,0.4486988441647517
26708,0.20944239737155318,0.2126399210983842,0.5779176815300626
26709,0.03661547501297367,0.049893596225898354,0.9134909287611279
26710,0.09162759474212202,0.14847306661088133,0.7598993386469964
26711,0.349949254564894,0.10144522344939647,0.5486055219857097
26712,0.11391440883129761,0.251015574034384,0.6350700171343184
26713,0.15881814361286234,0.5667093785709871,0.2744724778161505
26714,0.0709411503771149,0.14812207599567884,0.780936773627206
26715,0.01687251944424366,0.1977592511516333,0.7853682294041231
26716,0.08234797247206052,0.7174762432252229,0.20017578430271657
26717,0.015242933723551799,0.2575487988321614,0.7272082674442868
26718,0.07285241999115945,0.2605848982849876,0.6665626817238529
26719,0.12487043803724775,0.2663458955425767,0.6087836664201755
26720,0.07452517882667534,0.18570089081262947,0.7397739303606952
26721,0.08747779603255494,0.33324041829493345,0.5792817856725117
26722,0.1344971249078341,0.14365205082040067,0.7218508242717651
26723,0.11784857237226957,0.13804302711182184,0.7441084005159087
26724,0.08276943093985965,0.4692231653005455,0.4480074037595948
26725,0.03722379973336353,0.27086991611731875,0.691906284149318
26726,0.18008370431187304,0.2980593414725862,0.5218569542155408
26727,0.03433229965931615,0.07184848871423442,0.8938192116264493
26728,0.07873426306920892,0.12496891727112139,0.7962968196596697
26729,0.14565750032503627,0.2749889802002752,0.5793535194746886
26730,0.2885924974672873,0.5216031839779538,0.1898043185547589
26731,0.08325856315745915,0.2017264883226101,0.7150149485199307
26732,0.2922585281997075,0.6920550435108501,0.015686428289442323
26733,0.04443970644499624,0.10477833247374832,0.8507819610812553
26734,0.03915157025371151,0.22152210086593158,0.739326328880357
26735,0.07850935210588243,0.11990933317181685,0.8015813147223007
26736,0.1137758906245754,0.14559842048444577,0.7406256888909789
26737,0.09190360331522852,0.2468985946318894,0.661197802052882
26738,0.07923917663008485,0.15146631181949036,0.7692945115504249
26739,0.4665524435449497,0.060433209869264884,0.47301434658578534
26740,0.0014767390804967474,0.00419450636629658,0.9943287545532068
26741,0.2082300243841642,0.7544187092963466,0.037351266319489186
26742,0.048134177101538014,0.14395671692145492,0.8079091059770072
26743,0.1677689426648454,0.1786586256131915,0.6535724317219631
26744,0.12061516613512605,0.3113166942012316,0.5680681396636424
26745,0.05950399733104448,0.1378958270179706,0.8026001756509851
26746,0.13794898536726835,0.17769297444777912,0.6843580401849525
26747,0.0608617800538213,0.46705873423395083,0.4720794857122278
26748,0.18966449128012794,0.3847311499737852,0.42560435874608676
26749,0.09992350151417456,0.2714756189791465,0.628600879506679
26750,0.04992479752162277,0.07840270601044262,0.8716724964679347
26751,0.00176293325073062,0.01716379051964797,0.9810732762296214
26752,0.04976976141467673,0.6268642891053878,0.3233659494799353
26753,0.0801385666618431,0.09186611170259587,0.827995321635561
26754,0.09058399380806859,0.06279900358598192,0.8466170026059494
26755,0.020190738246617868,0.06284730613913578,0.9169619556142465
26756,0.11178489191827336,0.09001595593122017,0.7981991521505064
26757,0.10277074067472264,0.10269334104535632,0.7945359182799212
26758,0.06503860256786238,0.3136183891985086,0.621343008233629
26759,0.05305091437299805,0.17517923162114762,0.7717698540058542
26760,0.11022880332766133,0.20364258801807011,0.6861286086542686
26761,0.04915344777154743,0.1926424121442963,0.7582041400841564
26762,0.11348750147807433,0.1504136679755659,0.7360988305463596
26763,0.05495611451316481,0.14332516320395236,0.8017187222828828
26764,0.1093203413352503,0.1727243479194934,0.7179553107452563
26765,0.0040122184555732385,0.008012811577319057,0.9879749699671077
26766,0.07950067885169365,0.36229879291986766,0.5582005282284386
26767,0.10853333640345993,0.24883704328609732,0.6426296203104428
26768,0.04330705110241118,0.9461900209963132,0.010502927901275572
26769,0.16399435165721857,0.3081218328777888,0.5278838154649926
26770,0.06029243576143754,0.24923129775615804,0.6904762664824043
26771,0.15344837604968656,0.8087380261106233,0.03781359783969018
26772,0.7147229054433966,0.05449428462744726,0.23078280992915623
26773,0.0036001170987213604,0.007605130861765427,0.9887947520395132
26774,0.5921835243227012,0.05281319356997581,0.35500328210732307
26775,0.051203698575067964,0.2514895259042219,0.69730677552071
26776,0.07683254129335952,0.1654493234709941,0.7577181352356462
26777,0.027424659407205263,0.0725489108372,0.9000264297555949
26778,0.08065392382701603,0.09940683588571485,0.8199392402872692
26779,0.06194809332138316,0.11690036301434718,0.8211515436642697
26780,0.011460426142350473,0.10508772410306962,0.88345184975458
26781,0.0297294268812693,0.11738321941048262,0.852887353708248
26782,0.01931931818350176,0.048840808671895476,0.9318398731446026
26783,0.15073065739215963,0.3461877894589508,0.5030815531488897
26784,0.12048491863603325,0.5804850735915941,0.2990300077723727
26785,0.053387068191396235,0.21141661222204905,0.7351963195865547
26786,0.4793246478777819,0.06563385756154065,0.4550414945606773
26787,0.008312044430967376,0.027761580303900767,0.9639263752651319
26788,0.1444313978964166,0.19025475843559425,0.6653138436679892
26789,0.20897378862938862,0.28912842042862563,0.5018977909419858
26790,0.013148090786317996,0.06942829473731457,0.9174236144763673
26791,0.024137794825117773,0.10834910081493357,0.8675131043599486
26792,0.21058355224062358,0.15328670434265537,0.636129743416721
26793,0.07138415640366082,0.16562468812521267,0.7629911554711266
26794,0.03795232304914043,0.15506962601169577,0.8069780509391637
26795,0.16931672535460543,0.21782410341727895,0.6128591712281157
26796,0.037936089583020326,0.9602851615028387,0.0017787489141408738
26797,0.007613601452754012,0.2242083361918145,0.7681780623554316
26798,0.36291840919405444,0.11670892961663984,0.5203726611893057
26799,0.12658044874358276,0.15333842066762787,0.7200811305887893
26800,0.019213244843521653,0.9725886454583216,0.008198109698156944
26801,0.09150919004199175,0.5526003846284465,0.35589042532956167
26802,0.08973490544133884,0.11114588741386028,0.7991192071448008
26803,0.08171314971915261,0.13670470082052158,0.7815821494603257
26804,0.04415647254636051,0.09949706221268238,0.856346465240957
26805,0.0005899178679978694,0.03388268325765036,0.9655273988743519
26806,0.07489647264820937,0.1400325573983115,0.785070969953479
26807,0.09027549235008793,0.16288388332202314,0.7468406243278889
26808,0.07937531192728163,0.1798328932862911,0.7407917947864272
26809,0.06104727899933977,0.25963329675179403,0.6793194242488663
26810,0.027921744174398192,0.2923751238778665,0.6797031319477355
26811,0.03138977991717914,0.04863016122553799,0.9199800588572828
26812,0.1217716172390799,0.1348640778453119,0.7433643049156082
26813,0.07304526429401573,0.39963503755099683,0.5273196981549875
26814,0.14883247906051533,0.13364194477345015,0.7175255761660345
26815,0.08240055305476078,0.1581598186029814,0.759439628342258
26816,0.03480636955450186,0.3730696581995196,0.5921239722459786
26817,0.08395885210605533,0.04001143984387323,0.8760297080500715
26818,0.13942275906334847,0.07402118337395355,0.786556057562698
26819,0.09711308784630364,0.28517940551537,0.6177075066383263
26820,0.11549597226833093,0.8760072680834003,0.008496759648268798
26821,0.14393028336892305,0.8482084831423524,0.007861233488724471
26822,0.15401208290948826,0.19821919510151206,0.6477687219889997
26823,0.0031331920708784914,0.0120119767269886,0.9848548312021329
26824,0.13335815514717858,0.07056924981779926,0.7960725950350221
26825,0.08054015368868601,0.05907565901614465,0.8603841872951693
26826,0.09367616697838774,0.11811155099310383,0.7882122820285085
26827,0.089878190889465,0.09964517315098932,0.8104766359595457
26828,0.005770337241917151,0.2531432986790868,0.7410863640789961
26829,0.031285236525360215,0.1488608435830011,0.8198539198916386
26830,0.0028666872062114096,0.058513106244731286,0.9386202065490574
26831,0.03908694383792885,0.08699848947503738,0.8739145666870339
26832,0.027665709299781436,0.05424757959847374,0.9180867111017449
26833,0.04399088649540484,0.11756849778420458,0.8384406157203906
26834,0.07735183639854422,0.14247330772286537,0.7801748558785903
26835,0.6253306897777612,0.11179290701704304,0.2628764032051959
26836,0.2179857092378872,0.43800632071670176,0.3440079700454111
26837,0.0451570011203273,0.03317265565660111,0.9216703432230715
26838,0.09530417514551975,0.3382683930228787,0.5664274318316015
26839,0.8795592990264908,0.01748562337826996,0.1029550775952394
26840,0.0029292709899528093,0.036569271248006616,0.9605014577620407
26841,0.041795587777282574,0.06685360570766098,0.8913508065150565
26842,0.07421482172069228,0.20459698383822988,0.7211881944410778
26843,0.10866250741782976,0.06771615548811008,0.8236213370940602
26844,0.1807157674390975,0.3693965446021917,0.4498876879587108
26845,0.45677675365899983,0.05182470260667588,0.4913985437343242
26846,0.049978070343179734,0.10405690145543074,0.8459650282013894
26847,0.8977144553298047,0.056340037151704415,0.04594550751849073
26848,0.08945766212388993,0.07223349199151126,0.8383088458845989
26849,0.16217395385731376,0.10902678978217524,0.7287992563605111
26850,0.08192120077952389,0.32217749943118135,0.5959012997892947
26851,0.10856638728829324,0.17628534559123674,0.7151482671204701
26852,0.23098072445928522,0.7253602690878326,0.04365900645288207
26853,0.10437884195585917,0.06781163257805552,0.8278095254660852
26854,0.03643457344535194,0.9603267431170052,0.0032386834376428473
26855,0.08048108290902374,0.33433190594832085,0.5851870111426554
26856,0.07729837091386588,0.0915939176342855,0.8311077114518486
26857,0.115136388006253,0.26122453937084544,0.6236390726229016
26858,0.13905145558169466,0.6224243566823489,0.23852418773595654
26859,0.06986806784736513,0.5935023997276798,0.33662953242495497
26860,0.02643358948609511,0.37038454918811525,0.6031818613257898
26861,0.12350544185779751,0.2578283427724906,0.6186662153697119
26862,0.08702311339535675,0.40848324076953246,0.5044936458351109
26863,0.04780977581627645,0.10552147466751319,0.8466687495162103
26864,0.04684117560363265,0.29648579481347215,0.6566730295828952
26865,0.03993809924865244,0.1265474852770264,0.8335144154743211
26866,0.03230650621714531,0.13853343714719749,0.8291600566356572
26867,0.045495753125780775,0.07875210466521707,0.8757521422090022
26868,0.023558372697906563,0.13270081754729746,0.8437408097547958
26869,0.017782741794282967,0.03180865147378573,0.9504086067319313
26870,0.03451690056261646,0.8220470449139136,0.1434360545234701
26871,0.10533864515592718,0.12343715341894446,0.7712242014251284
26872,0.08706514298177345,0.26738061570512006,0.6455542413131065
26873,0.019917062306531088,0.06462822804218891,0.91545470965128
26874,0.12623108553622683,0.32247330315359196,0.5512956113101811
26875,0.045821269314174615,0.27523270780066583,0.6789460228851596
26876,0.052052087634744865,0.08925439804754554,0.8586935143177095
26877,0.029824106825695956,0.09677001948561051,0.8734058736886934
26878,0.8568030261476481,0.08144786608537218,0.06174910776697959
26879,0.10208193619958668,0.19157552334115333,0.70634254045926
26880,0.35653441404505837,0.05502153050378266,0.5884440554511591
26881,0.09222411878638088,0.18598221382288496,0.7217936673907343
26882,0.36891496132389007,0.10834491057756004,0.5227401280985499
26883,0.053996603587065234,0.0848809209225267,0.8611224754904081
26884,0.08671397421454513,0.41160308905029785,0.501682936735157
26885,0.20178006679752794,0.21974661947944185,0.5784733137230301
26886,0.061609628260601935,0.13247175071904646,0.8059186210203517
26887,0.026693844586931484,0.07139135463055976,0.9019148007825085
26888,0.1592762764306531,0.21190262675265303,0.6288210968166938
26889,0.028845221833377163,0.14908566556770264,0.82206911259892
26890,0.0028878682571250344,0.08364878549858583,0.9134633462442889
26891,0.07179268590782263,0.31465859009655545,0.613548723995622
26892,0.04545190303153417,0.1874673323144664,0.7670807646539994
26893,0.07148478096499127,0.08420320411725132,0.8443120149177574
26894,0.10457103465264797,0.09056521239923661,0.8048637529481154
26895,0.1268061306491048,0.33481887818258216,0.538374991168313
26896,0.06975973795726628,0.22086185319649096,0.7093784088462427
26897,0.07459053389328282,0.18955634234814125,0.7358531237585757
26898,0.059951718454063,0.1496913689109792,0.7903569126349578
26899,0.062461398049636824,0.1407220120956451,0.7968165898547181
26900,0.07251086507515028,0.20127315975748652,0.726215975167363
26901,0.06806179720746937,0.24663958735802272,0.6852986154345078
26902,0.002053708471673922,0.005055683995862051,0.9928906075324638
26903,0.13221389437163727,0.33282072731265544,0.5349653783157072
26904,0.5747388731558015,0.40897479670521214,0.01628633013898628
26905,0.004557950122447119,0.023996779793967526,0.9714452700835854
26906,0.025589185189552107,0.03784408388794711,0.9365667309225009
26907,0.2170127837278281,0.10485157162859107,0.6781356446435808
26908,0.117626706051507,0.20460008337739452,0.6777732105710984
26909,0.04479500435921928,0.5220239625327625,0.4331810331080181
26910,0.04276263973406521,0.13647448629249498,0.8207628739734398
26911,0.006931411613226665,0.025146405651079787,0.9679221827356934
26912,0.0018108994191000508,0.015694074437789564,0.9824950261431104
26913,0.1853453961972401,0.18008594035459632,0.6345686634481635
26914,0.07869849158324164,0.21437090186990523,0.7069306065468531
26915,0.1368128490974863,0.17613507430305406,0.6870520765994595
26916,0.10583434567946254,0.8882143717420278,0.0059512825785097145
26917,0.04596482116790468,0.1307588496123713,0.8232763292197239
26918,0.07324150176367626,0.12271935474453609,0.8040391434917876
26919,0.4543866877520847,0.17865347658304306,0.3669598356648722
26920,0.14820304573125292,0.40537458502399404,0.4464223692447531
26921,0.011991211029791863,0.7019648295241744,0.28604395944603384
26922,0.04033570146120209,0.3454176924058807,0.6142466061329172
26923,0.045791040722134885,0.07741577993102125,0.8767931793468439
26924,0.11520785848044304,0.11589221181405122,0.7688999297055055
26925,0.10416881827819918,0.0685069419716687,0.8273242397501323
26926,0.41341450540999797,0.5223358648083739,0.06424962978162814
26927,0.060941705893773346,0.1356426429847467,0.8034156511214801
26928,0.061164794611764266,0.9281772069571665,0.010657998431069108
26929,0.035736704277747514,0.15137830694321608,0.8128849887790364
26930,0.0528175959931142,0.46410904216383997,0.4830733618430459
26931,0.2072498963935929,0.779910740286551,0.012839363319856007
26932,0.07466798937375949,0.5629412179356793,0.36239079269056124
26933,0.922501379239488,0.038691676702225425,0.03880694405828654
26934,0.009280203704688746,0.018570687143969332,0.972149109151342
26935,0.03507499799248173,0.15895651526602395,0.8059684867414945
26936,0.0852738660178172,0.07727565527479899,0.8374504787073838
26937,0.09136302240429402,0.3511769238210217,0.5574600537746844
26938,0.12663295482434778,0.8604185080312351,0.012948537144416995
26939,0.5235894263527119,0.45229876941363795,0.024111804233650173
26940,0.05311374459722732,0.0953458073171725,0.8515404480856001
26941,0.10982773901684598,0.21069272599014077,0.6794795349930134
26942,0.33083416789698145,0.23046426861748343,0.4387015634855352
26943,0.028272763343318758,0.3427997508678557,0.6289274857888256
26944,0.0023637677219418593,0.008175080048118883,0.9894611522299391
26945,0.17259328470586768,0.45067491617000344,0.3767317991241289
26946,0.2208065297109891,0.10142722537322339,0.6777662449157875
26947,0.07427580484829553,0.4783051887272469,0.4474190064244576
26948,0.09159049641737549,0.2922492415614888,0.6161602620211357
26949,0.40984968609689976,0.1433136675982579,0.4468366463048422
26950,0.18417513983527328,0.1890777381871762,0.6267471219775504
26951,0.4092797303037922,0.3495014539116715,0.24121881578453636
26952,0.09947217686509782,0.3280264036689729,0.5725014194659294
26953,0.0930967093683298,0.026096571351677887,0.8808067192799922
26954,0.0038966795073003416,0.06404638457264174,0.9320569359200579
26955,0.04741896601059197,0.5628364484795605,0.3897445855098474
26956,0.2087077020628905,0.2297795427597478,0.5615127551773617
26957,0.6649528457616517,0.09520876915874964,0.2398383850795987
26958,0.19265620012987741,0.16389989647303976,0.6434439033970829
26959,0.04412532556391461,0.22069319791240047,0.7351814765236848
26960,0.02055470424063841,0.06993348562506095,0.9095118101343006
26961,0.03687322993114294,0.10192373872875798,0.8612030313400992
26962,0.04899397796492289,0.6029583136497192,0.3480477083853579
26963,0.5389112098248782,0.07213545820836968,0.38895333196675197
26964,0.19324226251600793,0.10310989436246665,0.7036478431215255
26965,0.10288214296284487,0.3977276967290766,0.49939016030807853
26966,0.06975973795726628,0.22086185319649096,0.7093784088462427
26967,0.0563758589404256,0.13666712103722198,0.8069570200223524
26968,0.1304445594189966,0.11283227157886042,0.756723169002143
26969,0.005011909015355956,0.04475241000076272,0.9502356809838812
26970,0.05804939105741218,0.09610826262780306,0.8458423463147847
26971,0.1082458906113612,0.23716289277978717,0.6545912166088517
26972,0.1014780819104346,0.22732194494769578,0.6711999731418696
26973,0.022319293800813655,0.09518556933648431,0.882495136862702
26974,0.07713033382914553,0.0557326294770765,0.867137036693778
26975,0.07553401689576192,0.0626237928674079,0.8618421902368301
26976,0.13039275815498014,0.830379427988028,0.039227813856991894
26977,0.030611300131933597,0.12138842970611767,0.8480002701619488
26978,0.04356918803206852,0.16550652458015597,0.7909242873877756
26979,0.006208696178445836,0.04783230701806061,0.9459589968034936
26980,0.02871313490029309,0.07309755066788437,0.8981893144318226
26981,0.14566212989744415,0.19209368439451247,0.6622441857080434
26982,0.07678588741908084,0.21013791110776778,0.7130762014731514
26983,0.10728780096238055,0.23148158741129501,0.6612306116263245
26984,0.027379903258139892,0.09993907691813933,0.8726810198237207
26985,0.18738422035787272,0.19844631352550818,0.6141694661166192
26986,0.0499830371831497,0.053958595392010235,0.89605836742484
26987,0.1251639243037201,0.317784960841972,0.5570511148543079
26988,0.14912502008226008,0.424651397401189,0.4262235825165509
26989,0.10218621495269806,0.2639126253761551,0.6339011596711468
26990,0.046467208940352125,0.1428585975754236,0.8106741934842243
26991,0.06084052897512279,0.07422105944660792,0.8649384115782695
26992,0.10677043568567673,0.4292842008117081,0.46394536350261517
26993,0.09384242671128828,0.19830296122505633,0.7078546120636554
26994,0.005112129350551757,0.025578342239317195,0.969309528410131
26995,0.009468732848502389,0.13559607303690416,0.8549351941145936
26996,0.001329849241794681,0.02226650154340319,0.9764036492148019
26997,0.2619002694791741,0.4596297149271554,0.2784700155936706
26998,0.23385061995504267,0.13559397039608143,0.630555409648876
26999,0.3477021905088082,0.1290499276614216,0.5232478818297702
27000,0.06620661179427462,0.509262327458159,0.4245310607475664
27001,0.05671820677394608,0.3510249951454977,0.5922567980805561
27002,0.053613445539181674,0.2828314165244071,0.6635551379364111
27003,0.09399593619917952,0.1540652204761156,0.751938843324705
27004,0.1254861054723769,0.30963669899367596,0.5648771955339472
27005,0.03306730445843061,0.38594284591424916,0.5809898496273204
27006,0.01767254652171382,0.07024048389933608,0.9120869695789501
27007,0.07618207526650442,0.7708811888971688,0.15293673583632666
27008,0.10107509771570569,0.18527714572457255,0.7136477565597219
27009,0.014428398010704778,0.16505106381585494,0.8205205381734402
27010,0.027219060582280612,0.0759657725460427,0.8968151668716767
27011,0.12962469416381117,0.5013101680014039,0.3690651378347847
27012,0.06401586256542696,0.07238919766574375,0.8635949397688293
27013,0.29714134870198444,0.11322421241449128,0.5896344388835242
27014,0.0729731731168092,0.45459801038631836,0.4724288164968725
27015,0.10905894306986046,0.28787143392752274,0.6030696230026168
27016,0.054986680662647044,0.0943997558860461,0.8506135634513067
27017,0.0034056662339727274,0.012777867994140954,0.9838164657718862
27018,0.05887486428654466,0.19679679784382992,0.7443283378696255
27019,0.08785547364548463,0.12515961593173994,0.7869849104227753
27020,0.03190571713858273,0.3259515748633523,0.6421427079980649
27021,0.06920670528216001,0.3498187013760337,0.5809745933418065
27022,0.04402122910307912,0.23086314636547375,0.7251156245314472
27023,0.08476603175114,0.45218600104411244,0.46304796720474756
27024,0.06733451848421386,0.29065386241515156,0.6420116191006345
27025,0.27050792376147714,0.07776447716840537,0.6517275990701175
27026,0.002308368196302215,0.019214197638564443,0.9784774341651333
27027,0.10885526110361317,0.10707361126329087,0.7840711276330959
27028,0.3484042566095706,0.093466177632517,0.5581295657579123
27029,0.02197729450512764,0.09231613622478176,0.8857065692700907
27030,0.1469023033650044,0.5163301080647532,0.3367675885702424
27031,0.5035181028377679,0.23644886341260785,0.2600330337496242
27032,0.31635155090053285,0.10853570982574659,0.5751127392737204
27033,0.023063702703265795,0.059939951047081594,0.9169963462496526
27034,0.001556223894034622,0.005738199999758656,0.9927055761062068
27035,0.6073744186576623,0.11670304555035263,0.2759225357919851
27036,0.03627633591653101,0.0625750611270322,0.9011486029564367
27037,0.1831293813181577,0.15213117352825806,0.6647394451535843
27038,0.09242019941065056,0.07882305312452284,0.8287567474648265
27039,0.19310884000566342,0.14571541154681264,0.6611757484475239
27040,0.13172840744157108,0.0943929901575167,0.7738786024009123
27041,0.020743853795817897,0.0267260381525018,0.9525301080516805
27042,0.384802262602657,0.5882132119745364,0.026984525422806736
27043,0.09890110377100149,0.14825216749174927,0.7528467287372493
27044,0.04412736427830277,0.1988814094707937,0.7569912262509035
27045,0.08255369575776926,0.12117007848796604,0.7962762257542647
27046,0.02453726420063008,0.0784097282531408,0.8970530075462292
27047,0.044661119886837505,0.8941211441465181,0.061217735966644586
27048,0.19529277694056105,0.7999270770102153,0.004780146049223549
27049,0.09109615589805727,0.31256001970838887,0.5963438243935538
27050,0.014631133484201198,0.12596930820726712,0.8593995583085315
27051,0.13245802366284343,0.20688599133830693,0.6606559849988495
27052,0.0021896432321809557,0.017209071478120803,0.9806012852896983
27053,0.02180897148428077,0.202293728015674,0.7758973005000452
27054,0.1324095758525714,0.10402943441663332,0.7635609897307952
27055,0.1640909411521313,0.8195056702910168,0.016403388556851816
27056,0.31105334565511467,0.6784703333652445,0.010476320979640739
27057,0.04697804891371179,0.22386512626427227,0.7291568248220159
27058,0.12020814853426441,0.09803066919558984,0.7817611822701458
27059,0.01701359202529838,0.044459773757186766,0.9385266342175148
27060,0.0027469365969109935,0.01799961639695408,0.9792534470061349
27061,0.42495203202245446,0.09804812826784223,0.4769998397097034
27062,0.17991318811805743,0.10351439374113137,0.7165724181408112
27063,0.05152601844476142,0.06639058339721998,0.8820833981580186
27064,0.017894939765192835,0.016237745455499195,0.9658673147793079
27065,0.12756099140853863,0.7099090822230691,0.1625299263683922
27066,0.044522386599368656,0.05965543133169256,0.8958221820689389
27067,0.08669506703828658,0.19286386747302528,0.7204410654886881
27068,0.3902587438964502,0.14399667766669175,0.4657445784368582
27069,0.03421684643162002,0.05427706335880168,0.9115060902095782
27070,0.05279490183804511,0.043871183261393956,0.9033339149005608
27071,0.0749130641233264,0.11964108222528004,0.8054458536513935
27072,0.08743341352890101,0.3146544404644827,0.5979121460066162
27073,0.14200505444432784,0.1526179470740918,0.7053769984815805
