index,0,1,2
26457,0.04418748755424342,0.11511027548151208,0.8407022369642444
26458,0.2984473781933994,0.22188016034970148,0.47967246145689907
26459,0.05852813085452382,0.106534667718143,0.8349372014273332
26460,0.10246817107859008,0.0956856726354588,0.8018461562859511
26461,0.03166612124962486,0.3158990866980566,0.6524347920523185
26462,0.03239561780958826,0.1534812214224085,0.8141231607680032
26463,0.40705590351875354,0.580251642801076,0.012692453680170584
26464,0.08507602378425,0.14618488884217645,0.7687390873735735
26465,0.029885581844161953,0.10796712739827719,0.8621472907575609
26466,0.01136438346704104,0.3533108853765767,0.6353247311563823
26467,0.24246088646366754,0.14051828786202464,0.6170208256743079
26468,0.10971734105940238,0.13392372163044913,0.7563589373101485
26469,0.8569811204066999,0.06474939814536128,0.07826948144793903
26470,0.2072164378372211,0.14743335410433284,0.6453502080584461
26471,0.054527151593161946,0.0732781006800992,0.8721947477267387
26472,0.20003811924438733,0.1983512147857749,0.601610665969838
26473,0.11167137516078633,0.07338686422254943,0.8149417606166642
26474,0.19936900264700422,0.7897584113068294,0.010872586046166378
26475,0.2835860362576397,0.27511553658019555,0.44129842716216483
26476,0.001382449889158963,0.022567062121775897,0.9760504879890649
26477,0.17636939003093108,0.13330678585695477,0.6903238241121142
26478,0.0015162330848903685,0.00714244045441362,0.991341326460696
26479,0.05884320156052433,0.15658333773912755,0.7845734607003481
26480,0.11729243620822197,0.07406971340371707,0.808637850388061
26481,0.026869405876199563,0.20037922897240476,0.7727513651513955
26482,0.1463297252301194,0.1418155203363979,0.7118547544334827
26483,0.0289349766398056,0.15492031593227,0.8161447074279244
26484,0.13582397044205052,0.05666291176901552,0.8075131177889339
26485,0.07659459144137792,0.07864272267551616,0.844762685883106
26486,0.079382540428648,0.15671151542068656,0.7639059441506655
26487,0.043634529979118965,0.08738099540223632,0.8689844746186446
26488,0.15167244791416112,0.8098166436924338,0.03851090839340503
26489,0.039432603801832125,0.16519719756892087,0.795370198629247
26490,0.10046186595095354,0.19045413821826868,0.7090839958307775
26491,0.054221654992137665,0.11027051774197723,0.8355078272658851
26492,0.0772019609104568,0.1769418911919379,0.7458561478976051
26493,0.20740100795891805,0.7894493792518243,0.0031496127892575803
26494,0.20147350615923462,0.22470012825713462,0.5738263655836308
26495,0.037311497325520956,0.11463043276990935,0.8480580699045697
26496,0.06744121840051684,0.20051477465216888,0.7320440069473142
26497,0.05098873713768465,0.8483512603722346,0.1006600024900806
26498,0.18229260800070904,0.4396650616415208,0.37804233035777024
26499,0.07421838958866633,0.12884506306562446,0.7969365473457092
26500,0.08554713491851589,0.3752279359496489,0.5392249291318352
26501,0.07714490819208171,0.24027709088156743,0.6825780009263509
26502,0.011700289129574815,0.05085756522400027,0.9374421456464249
26503,0.17305958000967028,0.5826422156930687,0.24429820429726098
26504,0.015180884955654485,0.055465260922917356,0.9293538541214279
26505,0.059264266651305755,0.036374048334955604,0.9043616850137386
26506,0.09960089174388484,0.8763826924620711,0.024016415794043976
26507,0.12879817926958492,0.8621575773507731,0.009044243379641844
26508,0.13894289531919704,0.32029230607527176,0.5407647986055312
26509,0.10911569070598177,0.17149836223689832,0.71938594705712
26510,0.056377146702287384,0.18351164193478672,0.7601112113629259
26511,0.03872735388636395,0.07036927903876351,0.8909033670748726
26512,0.8391741162431687,0.06492079248165544,0.09590509127517587
26513,0.04866543624093306,0.19363120492459418,0.7577033588344729
26514,0.031709963827267894,0.057251087102922746,0.9110389490698093
26515,0.47849763923196365,0.03921585729047389,0.4822865034775625
26516,0.04205714321767893,0.27422667832584496,0.6837161784564761
26517,0.29412263114166753,0.6868960158485669,0.01898135300976575
26518,0.08547978848725393,0.09744378252869614,0.8170764289840501
26519,0.42034713841066074,0.10059947450308566,0.4790533870862535
26520,0.02153225408311842,0.792474764474453,0.18599298144242857
26521,0.09198231921130605,0.21658363966413277,0.6914340411245612
26522,0.08502422381700911,0.07925435740145263,0.8357214187815384
26523,0.14158903434660766,0.27642869190093444,0.581982273752458
26524,0.007091705478546633,0.12353658779788006,0.8693717067235733
26525,0.3240521020072525,0.21113970302315263,0.46480819496959486
26526,0.060522454460238004,0.10753076246230867,0.8319467830774535
26527,0.05598415010066996,0.08632068160559098,0.857695168293739
26528,0.20849015116329492,0.7634396292936819,0.028070219543023127
26529,0.379605170052783,0.06208054729408331,0.5583142826531337
26530,0.0390047145478283,0.057934391816791234,0.9030608936353804
26531,0.015224973583915967,0.10739778101719298,0.8773772453988911
26532,0.12316016564059554,0.12855161858847855,0.748288215770926
26533,0.014862295761642214,0.1302631815945725,0.8548745226437853
26534,0.05618174837120696,0.17796762744716763,0.7658506241816254
26535,0.022656961905726646,0.09874048220692586,0.8786025558873476
26536,0.2205759788295689,0.38537820355003083,0.39404581762040036
26537,0.02826545759778937,0.0368545260186529,0.9348800163835578
26538,0.02615693396968053,0.44579091003188526,0.5280521559984342
26539,0.027301170677869902,0.1645336878278837,0.8081651414942463
26540,0.08638135076988243,0.41853912125369735,0.49507952797642024
26541,0.09314785750239941,0.14988816906432662,0.7569639734332739
26542,0.07182561994072574,0.21292136426031857,0.7152530157989557
26543,0.009114518214630926,0.04536964395222201,0.9455158378331469
26544,0.025662897033261398,0.09923992112800169,0.8750971818387369
26545,0.07992337204552383,0.30742160685267517,0.612655021101801
26546,0.09849581528473911,0.1387888079150981,0.7627153768001628
26547,0.04027888667849849,0.07966396316320482,0.8800571501582967
26548,0.08653224711608984,0.042702585237492506,0.8707651676464178
26549,0.17140472237361393,0.8218858707045986,0.00670940692178744
26550,0.05966592576228619,0.2521212725954281,0.6882128016422857
26551,0.05415083964054035,0.18911270757447987,0.7567364527849798
26552,0.01871529120427608,0.20391143568572964,0.7773732731099943
26553,0.007540987693849895,0.06216389465113228,0.9302951176550179
26554,0.07177032912890628,0.362885906167421,0.5653437647036729
26555,0.03733390949134727,0.08238318848062191,0.8802829020280307
26556,0.05679101144079493,0.21073393664592616,0.7324750519132789
26557,0.00325184456712376,0.010391329498755692,0.9863568259341206
26558,0.4265908108836784,0.17951432353005026,0.39389486558627135
26559,0.4028349345567924,0.1247465368375971,0.47241852860561057
26560,0.07859569181639958,0.2553912283999478,0.6660130797836527
26561,0.07998158456111651,0.22174315922719384,0.6982752562116898
26562,0.06997729941402128,0.07961907521293915,0.8504036253730394
26563,0.021559048273603467,0.11349678953621327,0.8649441621901834
26564,0.05351353137521392,0.12790729442211257,0.8185791742026735
26565,0.09298834906362782,0.2651128251012619,0.6418988258351103
26566,0.17920468126823055,0.12429238859096949,0.6965029301408
26567,0.04622709581844482,0.2094015525272971,0.7443713516542579
26568,0.5246731705813468,0.44575858447623523,0.029568244942418026
26569,0.03070383915599454,0.12498326407320584,0.8443128967707996
26570,0.18252686549342048,0.25083223698985835,0.5666408975167212
26571,0.036896859109492704,0.06135551730253976,0.9017476235879677
26572,0.08204442196509232,0.30121104499894225,0.6167445330359654
26573,0.04425848644804472,0.23465120597806755,0.7210903075738876
26574,0.2524008015060166,0.12865899683285784,0.6189402016611255
26575,0.14060708005060693,0.13062806736369234,0.7287648525857007
26576,0.061803578112787194,0.05015792984286765,0.888038492044345
26577,0.051434150012277385,0.07002687014530555,0.8785389798424171
26578,0.19770407992421407,0.25590516183350015,0.5463907582422859
26579,0.07980446476620036,0.9142061163418383,0.005989418891961409
26580,0.00249040702307311,0.007454889234010743,0.9900547037429163
26581,0.07457407251118842,0.13173558076869615,0.7936903467201154
26582,0.013735951852700537,0.07461093299513184,0.9116531151521676
26583,0.1548751694247934,0.19172186958668483,0.653402960988522
26584,0.06731101036983698,0.16330057357897507,0.7693884160511878
26585,0.13791692927743435,0.32791714271181355,0.534165928010752
26586,0.3078360353157016,0.34666093739355025,0.34550302729074805
26587,0.26644965380820285,0.39464828737894697,0.3389020588128502
26588,0.07706279046316139,0.23232338577855316,0.6906138237582854
26589,0.15712340827678903,0.11151886629514234,0.7313577254280687
26590,0.08250566960974293,0.5592684234166644,0.3582259069735927
26591,0.2310516960251689,0.7576157482383534,0.011332555736477535
26592,0.3273530623792338,0.14947583068347478,0.5231711069372915
26593,0.057991620089635015,0.1409758005768232,0.8010325793335418
26594,0.19196276628511458,0.1099440422676077,0.6980931914472778
26595,0.02339881644935351,0.10877261195517941,0.867828571595467
26596,0.105707874703043,0.22988980883352175,0.6644023164634354
26597,0.21685174860939926,0.34191752501457484,0.44123072637602595
26598,0.15799795334431685,0.22846668983527532,0.6135353568204077
26599,0.03958393180218506,0.07208318596057642,0.8883328822372385
26600,0.056814904689385874,0.13968970728980507,0.8034953880208091
26601,0.10518570844880748,0.19721228989736353,0.6976020016538288
26602,0.12552418904694856,0.1556064840365165,0.7188693269165349
26603,0.12799066713744991,0.0804079567566755,0.7916013761058744
26604,0.055901392741300925,0.11137023101622202,0.8327283762424771
26605,0.0920677133759274,0.19663829167050675,0.7112939949535658
26606,0.2381944599151807,0.2397057238760908,0.5220998162087284
26607,0.09202548804496673,0.8743223350606325,0.03365217689440097
26608,0.022177939699418104,0.1056509613305015,0.8721710989700804
26609,0.056147185197562295,0.17674979558009485,0.7671030192223428
26610,0.49324757713298684,0.4422791098411565,0.0644733130258567
26611,0.10388483452517176,0.25261992320699056,0.6434952422678377
26612,0.0802788729036446,0.30980310652849924,0.6099180205678562
26613,0.10383583457031685,0.1623394953053144,0.7338246701243688
26614,0.0710903841398754,0.12305406787592175,0.8058555479842028
26615,0.0035071298026252127,0.025754575062472907,0.9707382951349021
26616,0.09415113459031454,0.13874790708151996,0.7671009583281654
26617,0.2644629995258871,0.18659560225157434,0.5489413982225385
26618,0.10981929522180563,0.21856078380060562,0.6716199209775888
26619,0.16643259470431007,0.26072749596760525,0.5728399093280847
26620,0.3808308250461164,0.5917578739837988,0.02741130097008494
26621,0.06100450782060766,0.10936406401556831,0.8296314281638241
26622,0.13601741647987042,0.3341484768372866,0.5298341066828429
26623,0.0329618539451363,0.572893587532051,0.3941445585228127
26624,0.08493610926779292,0.1913906478402733,0.7236732428919337
26625,0.23218442477181134,0.1966389339434479,0.5711766412847408
26626,0.16232000998516843,0.09044167998738867,0.7472383100274428
26627,0.0809174211297107,0.1674125547392426,0.7516700241310467
26628,0.11109257775960735,0.2171690060582254,0.6717384161821671
26629,0.03195626151036888,0.048035725784710374,0.9200080127049207
26630,0.0797867482757932,0.2165176783748064,0.7036955733494005
26631,0.04951749548027266,0.10184617792047637,0.848636326599251
26632,0.4570594270416849,0.09386312783328987,0.44907744512502523
26633,0.043690104517239946,0.21161987267671323,0.7446900228060468
26634,0.11393098481303376,0.09436182141039673,0.7917071937765695
26635,0.024122138401978042,0.15108471876854973,0.8247931428294722
26636,0.04837519603947195,0.16299877876926272,0.7886260251912652
26637,0.021553735539533513,0.07904022399715539,0.899406040463311
26638,0.06734730300808203,0.6863520954966313,0.24630060149528682
26639,0.20218623927848037,0.20873502018939485,0.5890787405321247
26640,0.09426342758900459,0.16468151008840834,0.741055062322587
26641,0.20497934430783266,0.5895999193537026,0.20542073633846472
26642,0.027110800753878922,0.06328090461504825,0.9096082946310728
26643,0.07633344164970232,0.11345127278152951,0.8102152855687681
26644,0.0016246088113442893,0.009637483398752766,0.988737907789903
26645,0.07508333464648419,0.09821323329428211,0.8267034320592336
26646,0.5449409346538258,0.2331065683049625,0.22195249704121167
26647,0.10271826989584934,0.13609625530911212,0.7611854747950385
26648,0.046867276600434035,0.42297580937581397,0.530156914023752
26649,0.03507347457303063,0.12025555691200931,0.8446709685149599
26650,0.42755417136510354,0.49205848812215686,0.08038734051273945
26651,0.22957743579425352,0.7268649955056531,0.043557568700093335
26652,0.26069050254169696,0.12903760841152376,0.6102718890467793
26653,0.25776450811739143,0.16266464238162529,0.5795708495009831
26654,0.10689338575428627,0.3870933081677289,0.5060133060779848
26655,0.07858273930020925,0.2638264172115587,0.6575908434882322
26656,0.11998316093452563,0.2470874824861664,0.6329293565793078
26657,0.04545292244327108,0.12074218377321526,0.8338048937835135
26658,0.07741346461562797,0.16624402694066467,0.7563425084437075
26659,0.14161788206353718,0.3373990763151969,0.5209830416212659
26660,0.005119814707196203,0.08880809694178092,0.9060720883510229
26661,0.1576279786072623,0.07461654750603999,0.7677554738866977
26662,0.027474021249148634,0.22983249626887928,0.7426934824819721
26663,0.09030942905121901,0.11371430351716767,0.7959762674316133
26664,0.10559528499710948,0.32645832678339626,0.5679463882194944
26665,0.12737239432232442,0.1538924912067114,0.7187351144709643
26666,0.08562718063709729,0.6852027366117859,0.22917008275111675
26667,0.03750914959113682,0.05210119353939575,0.9103896568694675
26668,0.09815240591379999,0.5742966295155644,0.3275509645706357
26669,0.07689298514947189,0.30466635970065103,0.618440655149877
26670,0.3568050707750582,0.2414948000401377,0.4017001291848042
26671,0.22318055579608168,0.07011612396063908,0.7067033202432792
26672,0.09959236235133206,0.09240824291778778,0.8079993947308802
26673,0.1416299157116709,0.18445452005915214,0.6739155642291771
26674,0.40543625264023947,0.07272138329679771,0.5218423640629628
26675,0.029942273904014726,0.08874729375951872,0.8813104323364666
26676,0.050117388792693174,0.1516078059646164,0.7982748052426905
26677,0.00355415229695999,0.017566611791654113,0.9788792359113858
26678,0.0842809680206077,0.21871823401216858,0.6970007979672237
26679,0.17397087152572563,0.1618376591169819,0.6641914693572923
26680,0.01253771276930673,0.04575221346232184,0.9417100737683713
26681,0.006922350375157933,0.06071555608511012,0.932362093539732
26682,0.14196577849044087,0.18943364909484553,0.6686005724147135
26683,0.08557181457618333,0.3697666976700076,0.5446614877538091
26684,0.036810971506924965,0.16102853687275243,0.8021604916203225
26685,0.24187003522568043,0.2311257675590607,0.5270041972152589
26686,0.058009809930672375,0.21974087150485677,0.7222493185644708
26687,0.12091953815580042,0.12701901653882192,0.7520614453053777
26688,0.34731403255300947,0.5554941411921545,0.09719182625483601
26689,0.11275035825338105,0.1720535313941637,0.7151961103524553
26690,0.055632515267851575,0.11742159409147952,0.8269458906406689
26691,0.0722144860794996,0.10003956185211184,0.8277459520683885
26692,0.030597584910615105,0.38263092985565483,0.5867714852337301
26693,0.5225271839200452,0.07777663915267391,0.399696176927281
26694,0.6206540489691844,0.36794239839026804,0.01140355264054756
26695,0.011021888838276928,0.022847597979306748,0.9661305131824164
26696,0.12641289383099663,0.10502774110887325,0.7685593650601302
26697,0.004902871360999082,0.015998624609725873,0.979098504029275
26698,0.07077352419874848,0.07589304260416276,0.8533334331970888
26699,0.09894658583443874,0.3479979864640555,0.5530554277015058
26700,0.010958845096690335,0.20619085055805866,0.782850304345251
26701,0.09840260078251509,0.4823682731836239,0.41922912603386103
26702,0.06046508992960533,0.48438154027070984,0.45515336979968485
26703,0.0765353365656913,0.14630191587509583,0.7771627475592129
26704,0.04895676693211716,0.07250358190275998,0.8785396511651228
26705,0.0544056304212517,0.0935371863572171,0.8520571832215313
26706,0.08790445727429623,0.15688299296589947,0.7552125497598043
26707,0.43240330853022124,0.1361640534773138,0.43143263799246484
26708,0.2128304794519939,0.21303972954041023,0.574129791007596
26709,0.033801773323518136,0.04554982769478596,0.9206483989816959
26710,0.09371861772754946,0.14891061202532868,0.7573707702471217
26711,0.36526552139455326,0.09643448008422388,0.5382999985212229
26712,0.10514313568815592,0.24068931595259438,0.6541675483592497
26713,0.1503086530725323,0.5710951927185727,0.2785961542088951
26714,0.06924706003840636,0.14942130394769476,0.7813316360138989
26715,0.01659675578363841,0.19576250216963295,0.7876407420467287
26716,0.07834619084146736,0.7347943784925721,0.1868594306659605
26717,0.014197558244063692,0.26374216943941997,0.7220602723165161
26718,0.07439110973281536,0.27262978036484226,0.6529791099023422
26719,0.13113036802493971,0.2615031079945276,0.6073665239805325
26720,0.07144044777004857,0.1861539675450822,0.7424055846848693
26721,0.08655423331079404,0.3327187767940222,0.5807269898951839
26722,0.13310256458144515,0.14662600095890288,0.720271434459652
26723,0.10936675602663669,0.13401425316861001,0.7566189908047533
26724,0.08250575556052825,0.4826401976879929,0.4348540467514789
26725,0.03346672298850277,0.2629742632303327,0.7035590137811646
26726,0.17934282435509508,0.3019977303795434,0.5186594452653615
26727,0.03130102797646899,0.0689788970598653,0.8997200749636659
26728,0.0756459174139198,0.12128597141428958,0.8030681111717906
26729,0.13318797828165937,0.27218311834568687,0.5946289033726536
26730,0.28372418126794674,0.5184107707620987,0.19786504796995455
26731,0.08589724405170691,0.19287054852378677,0.7212322074245062
26732,0.29332659518791165,0.6910687691880535,0.015604635624034866
26733,0.04505764326731372,0.10676524905374134,0.848177107678945
26734,0.035292579193448,0.21322434303079935,0.7514830777757527
26735,0.07319863429049099,0.11848672807778826,0.8083146376317207
26736,0.10791157417430232,0.1450361555200091,0.7470522703056887
26737,0.08665869584311922,0.25737249395195066,0.6559688102049301
26738,0.07707931324564497,0.14449173472384888,0.7784289520305062
26739,0.4656290647502818,0.061544745910376855,0.4728261893393414
26740,0.0016218256777285661,0.004195270001011254,0.9941829043212603
26741,0.2022247928176772,0.7617997950352401,0.035975412147082726
26742,0.04509384709950446,0.14471866470647812,0.8101874881940174
26743,0.1583085289477928,0.17407863156417228,0.6676128394880348
26744,0.11786452971744543,0.3205299418086222,0.5616055284739324
26745,0.057084047920348165,0.13757414830828577,0.8053418037713661
26746,0.14149031811571708,0.18063208731348082,0.6778775945708019
26747,0.06183846845143292,0.4509072059342278,0.4872543256143391
26748,0.20577708036371867,0.3945424065811853,0.399680513055096
26749,0.10183159444100355,0.26214516142233213,0.6360232441366641
26750,0.04875433775556427,0.07945747507336508,0.8717881871710705
26751,0.0016661224568789274,0.015371830181414465,0.9829620473617066
26752,0.050328032695119734,0.6245237421130239,0.32514822519185643
26753,0.07758570019305247,0.09063148203236762,0.83178281777458
26754,0.09007236437733063,0.05796203120408092,0.8519656044185885
26755,0.019508620492101437,0.06394044893257105,0.9165509305753275
26756,0.10799863809090066,0.08790062099469428,0.8041007409144052
26757,0.100034289478764,0.09895501988869534,0.8010106906325406
26758,0.06500217037744084,0.3279247241275016,0.6070731054950574
26759,0.053401507503196576,0.1719519616764638,0.7746465308203397
26760,0.10754836267032834,0.19262637240721836,0.6998252649224533
26761,0.0476546918803517,0.19349760734141408,0.758847700778234
26762,0.11743737391502522,0.1406776681140304,0.7418849579709444
26763,0.05082616180192186,0.13395630984200604,0.8152175283560721
26764,0.11959387258329726,0.17241596403198586,0.707990163384717
26765,0.0037878010107943692,0.007299153511891807,0.9889130454773137
26766,0.07684255958472691,0.3714801877457879,0.5516772526694853
26767,0.1104958779761676,0.23635959891696992,0.6531445231068627
26768,0.04043736732661886,0.9497130465746125,0.009849586098768888
26769,0.1768486789139196,0.31570241590025716,0.5074489051858232
26770,0.058652180530079805,0.24509809898091078,0.6962497204890093
26771,0.15418596115115074,0.8082451765343971,0.03756886231445217
26772,0.7397884240293827,0.04431402818204365,0.21589754778857362
26773,0.0036859211910776155,0.006820978654481677,0.9894931001544407
26774,0.575985722494144,0.047334338927450835,0.3766799385784052
26775,0.0501133601229279,0.2515420417513063,0.6983445981257658
26776,0.07471447369171062,0.1684752175074423,0.756810308800847
26777,0.028511914495190315,0.07714240163598834,0.8943456838688214
26778,0.072179845332908,0.09678421132461758,0.8310359433424743
26779,0.05878594695779104,0.11533042633977471,0.8258836267024342
26780,0.011239482235404169,0.10408062051779247,0.8846798972468034
26781,0.02878325526628701,0.11160423974503454,0.8596125049886785
26782,0.018798639821545306,0.04495980928725357,0.936241550891201
26783,0.14799158201389778,0.34781472966181226,0.5041936883242899
26784,0.11483355295504459,0.6035588282140102,0.28160761883094515
26785,0.05704412797684595,0.19887291503658525,0.7440829569865688
26786,0.5167168983136451,0.06150354282207521,0.4217795588642797
26787,0.007879492345217266,0.023959378969293847,0.9681611286854889
26788,0.13707368620885638,0.19730846749733102,0.6656178462938126
26789,0.20446580016916496,0.294739107842243,0.5007950919885923
26790,0.013235786793708924,0.06823258071030597,0.918531632495985
26791,0.02180312505865989,0.10841588969913572,0.8697809852422045
26792,0.208236973271408,0.1478862937016613,0.6438767330269307
26793,0.07026544958531512,0.1702365620674644,0.7594979883472204
26794,0.035916242441943885,0.14806293762088957,0.8160208199371665
26795,0.16961797755157726,0.21358654160116966,0.6167954808472531
26796,0.03567647642422165,0.9626809499916349,0.0016425735841435747
26797,0.00647483454327433,0.22894720840592378,0.7645779570508019
26798,0.3701478755101708,0.11260869895703118,0.517243425532798
26799,0.13107227736290622,0.15311950936380778,0.7158082132732861
26800,0.018990807916493838,0.9730114450000865,0.007997747083419495
26801,0.08982299863430418,0.569915009725381,0.34026199164031473
26802,0.08601540132796981,0.10554617742530387,0.8084384212467263
26803,0.08115453917748673,0.13507506158409321,0.7837703992384201
26804,0.04011062198844677,0.10160092115635443,0.858288456855199
26805,0.0004965062096339069,0.032160090539902736,0.9673434032504634
26806,0.07632366128125259,0.14253098958688776,0.7811453491318596
26807,0.09332998685505808,0.15394952804343304,0.7527204851015089
26808,0.08516692779994567,0.1856134477222325,0.7292196244778217
26809,0.0627900578030527,0.27140465653751994,0.6658052856594275
26810,0.027267898767180027,0.290121918996949,0.6826101822358709
26811,0.02662146337518036,0.04357289308763113,0.9298056435371884
26812,0.11923906646019086,0.13398757180533327,0.7467733617344758
26813,0.07142463170288214,0.3894174041177892,0.5391579641793286
26814,0.14711005051630902,0.1249518597192038,0.727938089764487
26815,0.08377788935661008,0.15336777286963654,0.7628543377737533
26816,0.03480551495800966,0.3853950708867679,0.5797994141552225
26817,0.08247668117293587,0.03723471388301036,0.8802886049440537
26818,0.1431208470593909,0.07375086427977896,0.7831282886608302
26819,0.09998317365915724,0.28819529642228126,0.6118215299185613
26820,0.10732291897614385,0.8848115143009803,0.007865566722875958
26821,0.1288679388534666,0.8641543320511265,0.006977729095406955
26822,0.161305187030186,0.20319848220451542,0.6354963307652987
26823,0.003134774345152759,0.010159303902292785,0.9867059217525543
26824,0.1276813263287847,0.06523291655752453,0.8070857571136908
26825,0.07689981152040226,0.05658115404794368,0.8665190344316542
26826,0.09055978446795006,0.11656722998220073,0.7928729855498492
26827,0.088861217701122,0.10436724043825345,0.8067715418606247
26828,0.005390064075761988,0.26876688426310685,0.7258430516611312
26829,0.03207289098173634,0.15305476404245216,0.8148723449758116
26830,0.00278144101493565,0.05738701033101429,0.9398315486540499
26831,0.03670063382990696,0.08565050350647181,0.8776488626636211
26832,0.02728327877778992,0.05061693527744162,0.9220997859447686
26833,0.03987057608875313,0.11448871411404624,0.8456407097972007
26834,0.0703761762130654,0.1373799170021519,0.7922439067847826
26835,0.6407248852019757,0.10606954469208701,0.25320557010593736
26836,0.2170806393074484,0.4355103168809613,0.3474090438115903
26837,0.045702750722749215,0.03205202313685528,0.9222452261403956
26838,0.08994663187053091,0.34480708469810856,0.5652462834313606
26839,0.8786133863896198,0.018848714558289983,0.10253789905209022
26840,0.00261852023593913,0.03482490294605163,0.9625565768180093
26841,0.0368830160156462,0.060829673082276825,0.9022873109020771
26842,0.07194423624584811,0.19879810878002996,0.729257654974122
26843,0.11634372513427234,0.07324175197599019,0.8104145228897374
26844,0.186243046840991,0.3779391875996058,0.4358177655594033
26845,0.4677382887788988,0.04827871636159114,0.48398299485951013
26846,0.05110267058621284,0.09838991622047963,0.8505074131933074
26847,0.9022666712899025,0.054608215255199107,0.04312511345489852
26848,0.08660524265671694,0.0694037188488769,0.843991038494406
26849,0.17096911391616212,0.11051858895387483,0.7185122971299631
26850,0.07596542233724492,0.3420306220364701,0.5820039556262849
26851,0.10417542239066621,0.17194365499848038,0.7238809226108535
26852,0.2070817001031088,0.7499659951596523,0.042952304737238926
26853,0.10740991963722718,0.06728663895704355,0.8253034414057293
26854,0.03321858126450115,0.9640809609320019,0.002700457803497027
26855,0.08056260122021441,0.3459848509732787,0.573452547806507
26856,0.06817729367266681,0.08868982150722375,0.8431328848201093
26857,0.11640969487344878,0.2572120782210393,0.6263782269055118
26858,0.13880739118364324,0.6336496880691262,0.2275429207472307
26859,0.07152863289002578,0.5897713070467457,0.3387000600632284
26860,0.02499107233986909,0.3944744135667945,0.5805345140933362
26861,0.12281537353915334,0.26822397271281584,0.6089606537480309
26862,0.07989914587270242,0.4056414492821303,0.5144594048451673
26863,0.0481722839091733,0.10637234367329446,0.8454553724175323
26864,0.04467834357786795,0.3008426755569602,0.654478980865172
26865,0.03592979825040516,0.12579439158620945,0.8382758101633854
26866,0.0306212457509839,0.1326311592498777,0.8367475949991385
26867,0.04278061613077229,0.07592625341420654,0.8812931304550212
26868,0.022927189475737523,0.12908239863257756,0.8479904118916847
26869,0.01723374050329425,0.03220469080779177,0.950561568688914
26870,0.03308196667886645,0.8264819364027263,0.14043609691840722
26871,0.10803370366252167,0.12121697247068366,0.7707493238667946
26872,0.08499661096026001,0.2738438087916264,0.6411595802481137
26873,0.01966509303711173,0.0642458173755954,0.9160890895872932
26874,0.13077205475513654,0.3281349610693681,0.5410929841754953
26875,0.04482028283511657,0.2838984970220621,0.6712812201428214
26876,0.049441639308053856,0.08472687808443487,0.8658314826075113
26877,0.026640812707272383,0.09315512856890071,0.880204058723827
26878,0.8727472282672476,0.07194240874301858,0.0553103629897339
26879,0.09788685491314643,0.20125844103444582,0.7008547040524077
26880,0.37371474932270493,0.05229758657251695,0.5739876641047781
26881,0.08605186942768495,0.16853126489071363,0.7454168656816015
26882,0.3737975849826218,0.10370061508648545,0.5225017999308929
26883,0.05515896719581783,0.0836429004188723,0.8611981323853101
26884,0.08004199492241798,0.43055303599533257,0.4894049690822495
26885,0.20725639595494944,0.21457726229555468,0.5781663417494958
26886,0.0598564738692719,0.13309717868138496,0.8070463474493432
26887,0.021982168619466887,0.06913550787238001,0.9088823235081533
26888,0.16811512629575207,0.21082240335533828,0.6210624703489096
26889,0.025746255132946635,0.14406967562259912,0.8301840692444542
26890,0.0027686515815596204,0.07959006637733833,0.917641282041102
26891,0.0742980616850698,0.32362735239080237,0.6020745859241279
26892,0.04556295710523837,0.18176175005661965,0.772675292838142
26893,0.06289330520735897,0.07503771689046443,0.8620689779021767
26894,0.09885808446203978,0.08724174299603911,0.8139001725419212
26895,0.12942385117823368,0.3288797671659843,0.5416963816557819
26896,0.06962979761587743,0.237076997345783,0.6932932050383395
26897,0.07405699121441836,0.1948987152754185,0.7310442935101631
26898,0.058239117240352384,0.1462088570609138,0.7955520256987338
26899,0.06067279774899041,0.13971823489740431,0.7996089673536053
26900,0.06793884017995337,0.20794106417534683,0.7241200956446998
26901,0.06682984906409521,0.25188944944350034,0.6812807014924044
26902,0.0017409128450182252,0.004637129173306199,0.9936219579816755
26903,0.13300482711502748,0.336666742780863,0.5303284301041095
26904,0.603720349526224,0.38099035931567277,0.015289291158103223
26905,0.004718744989119619,0.02547212766851193,0.9698091273423685
26906,0.02640637493063046,0.03769853332962966,0.9358950917397398
26907,0.21438006142546756,0.09853898810073052,0.687080950473802
26908,0.11284385868748088,0.20454117203757677,0.6826149692749423
26909,0.04753473491301129,0.5396057323561122,0.41285953273087644
26910,0.0375141696407136,0.1340763114054425,0.8284095189538441
26911,0.006604917770622406,0.024474549189316276,0.9689205330400616
26912,0.001715539384757253,0.014004875568290465,0.9842795850469523
26913,0.1899705821959894,0.17794113888327465,0.632088278920736
26914,0.07671024959298033,0.2149888282760044,0.7083009221310151
26915,0.14528807283828407,0.16750124161795268,0.6872106855437632
26916,0.10348896081600867,0.8911477316449525,0.005363307539038755
26917,0.04401422524452708,0.1276855541828178,0.8283002205726552
26918,0.0723317154133209,0.1233342246211907,0.8043340599654883
26919,0.43768600521407225,0.18590300025991502,0.3764109945260127
26920,0.15130748814753625,0.39646291740091355,0.45222959445155003
26921,0.011391015645783606,0.7127663407929922,0.27584264356122423
26922,0.04138307622910781,0.3539674466467908,0.6046494771241013
26923,0.043928114160018336,0.0735067675431053,0.8825651182968763
26924,0.11343300229757698,0.11379161394155354,0.7727753837608693
26925,0.09804551443779926,0.06848544156556649,0.8334690439966344
26926,0.4228978855966108,0.5182368689901002,0.058865245413289156
26927,0.05882070269328895,0.12793809016870733,0.8132412071380037
26928,0.05766093769843539,0.9326130745826899,0.009725987718874589
26929,0.03457207953613743,0.1452483655518345,0.8201795549120281
26930,0.04907771787766604,0.47504804389054966,0.4758742382317842
26931,0.21623489800017737,0.7717324166068021,0.012032685393020534
26932,0.06492692049931466,0.607802799568358,0.32727027993232727
26933,0.9205506661034553,0.03900996274028393,0.040439371156260936
26934,0.008236557224330183,0.01752686892731828,0.9742365738483516
26935,0.03298294614727776,0.16268259076955036,0.8043344630831719
26936,0.0765141888925272,0.07367991802186809,0.8498058930856046
26937,0.09361403222874098,0.34664592229549557,0.5597400454757635
26938,0.11439553598153146,0.8737665638732228,0.011837900145245836
26939,0.5476479153060849,0.43017777009670705,0.022174314597208093
26940,0.05418294250828865,0.08989160124955482,0.8559254562421565
26941,0.10796808594730772,0.21286502990965814,0.6791668841430342
26942,0.31941455339521124,0.22941096291364266,0.45117448369114604
26943,0.02878031292260593,0.3382674534673419,0.632952233610052
26944,0.002019330018106521,0.007302806180845487,0.9906778638010479
26945,0.17863185058393172,0.44593764106419426,0.37543050835187386
26946,0.20318678949071295,0.09941474078303181,0.6973984697262554
26947,0.07572740112038344,0.48970622644566725,0.43456637243394924
26948,0.09405585359573217,0.28801977025783615,0.6179243761464317
26949,0.40748740520165017,0.1481182301760871,0.44439436462226267
26950,0.18675722645650442,0.20410968583366632,0.6091330877098292
26951,0.44027739791340986,0.32785785456339733,0.2318647475231928
26952,0.09128662270796933,0.3459816947362849,0.5627316825557458
26953,0.08339155023071211,0.02459352088002073,0.8920149288892671
26954,0.0038936645448342214,0.06278302571458672,0.9333233097405792
26955,0.04463271739344344,0.5415597840665304,0.41380749854002613
26956,0.21665331389605874,0.23376024518081964,0.5495864409231215
26957,0.674387072254601,0.09433304918952427,0.23127987855587473
26958,0.19319745094640414,0.168006879054369,0.6387956699992268
26959,0.04145992209441494,0.22611282997861676,0.7324272479269682
26960,0.019509562990481486,0.06977188104439255,0.910718555965126
26961,0.03532773193468256,0.09892716923582545,0.8657450988294918
26962,0.04975374140131198,0.60912970098646,0.341116557612228
26963,0.5225271839200452,0.07777663915267391,0.399696176927281
26964,0.1883268314033538,0.09683324784391416,0.714839920752732
26965,0.11245999186748876,0.39770757305689913,0.489832435075612
26966,0.06962979761587743,0.237076997345783,0.6932932050383395
26967,0.051998581477240846,0.1322890659602463,0.8157123525625128
26968,0.12986307199569494,0.1105703184747508,0.7595666095295542
26969,0.004188525594014005,0.04326991937916953,0.9525415550268166
26970,0.05667681516138052,0.09409111530694143,0.8492320695316782
26971,0.11415757866662402,0.23493343169842493,0.6509089896349511
26972,0.10394137792605995,0.23531996595558835,0.6607386561183516
26973,0.023657533373063734,0.0986366962993082,0.877705770327628
26974,0.067687410845231,0.048800070647126916,0.8835125185076422
26975,0.07385647716848115,0.0599783521533205,0.8661651706781982
26976,0.14321007060120483,0.8168655455974463,0.039924383801348745
26977,0.031541467243997576,0.11940663475890871,0.8490518979970938
26978,0.042226644494225675,0.16570773113224355,0.7920656243735309
26979,0.0057005110115917355,0.046506338403841226,0.9477931505845671
26980,0.027790501769779298,0.07093154404788338,0.9012779541823374
26981,0.15052722405990418,0.19407264858254736,0.6554001273575484
26982,0.07545830266086849,0.199428029265747,0.7251136680733845
26983,0.11246002237991021,0.22988218945250127,0.6576577881675885
26984,0.023981821254752133,0.09869582393310931,0.8773223548121386
26985,0.19352126505883546,0.19161569155389194,0.6148630433872727
26986,0.0475938606220629,0.05368212294910482,0.8987240164288323
26987,0.12143941842042168,0.32271556362296844,0.5558450179566099
26988,0.13983132168415116,0.4351473921154043,0.42502128620044455
26989,0.10105753827816487,0.26875486150892003,0.6301876002129152
26990,0.04409796644615847,0.1384717318658094,0.817430301688032
26991,0.05942818318711104,0.07334466855286736,0.8672271482600217
26992,0.10601628315487564,0.431920325432883,0.4620633914122413
26993,0.08957375191059173,0.19269662186756195,0.7177296262218464
26994,0.004771818882203751,0.02666497083585805,0.9685632102819381
26995,0.010376316289059394,0.14619859499013843,0.8434250887208022
26996,0.0012229691464374624,0.02080698443575423,0.9779700464178084
26997,0.26698847860140307,0.4538807807834425,0.2791307406151545
26998,0.23593898515300618,0.12757002659099362,0.6364909882560003
26999,0.3569433622525447,0.11764198351203327,0.5254146542354221
27000,0.06480975180472241,0.527477918360723,0.4077123298345546
27001,0.0518955718591299,0.35075721602265236,0.5973472121182178
27002,0.050701275450191485,0.2807878811229088,0.6685108434268997
27003,0.09684859044138203,0.15746773078822573,0.7456836787703922
27004,0.11977567890382712,0.32373575396926985,0.5564885671269031
27005,0.03363805899377457,0.38187951066538595,0.5844824303408395
27006,0.01789452854563214,0.06771740489157603,0.9143880665627919
27007,0.07313941095236609,0.7715390803019989,0.15532150874563483
27008,0.10892033603953095,0.19266633457483012,0.6984133293856388
27009,0.013850190422305217,0.17440711395967393,0.811742695618021
27010,0.025640260796372244,0.07414096009932031,0.9002187791043074
27011,0.12292985515304533,0.509542467817961,0.3675276770289935
27012,0.06262726410018157,0.07042082540812374,0.8669519104916946
27013,0.298093250383495,0.11379400823161931,0.5881127413848859
27014,0.06972528724995931,0.4674955285073755,0.46277918424266506
27015,0.10892787243437767,0.2911441448200924,0.5999279827455299
27016,0.05327901286931711,0.09394373387062145,0.8527772532600615
27017,0.003028970202636527,0.011234681215211793,0.9857363485821516
27018,0.06164162139219386,0.18780026398096544,0.7505581146268407
27019,0.09280991921642869,0.12700819150505863,0.7801818892785126
27020,0.03031699432292982,0.33672620072258774,0.6329568049544825
27021,0.0643548504927771,0.37253302559065776,0.5631121239165652
27022,0.040632071224686726,0.23724443946979487,0.7221234893055183
27023,0.08507577338193914,0.450769438428699,0.46415478818936196
27024,0.06295670926469822,0.2728914456419404,0.6641518450933613
27025,0.27317499231410164,0.07025584219537884,0.6565691654905196
27026,0.002048386122326122,0.019122502845652284,0.9788291110320215
27027,0.11099570749435272,0.10450938608297557,0.7844949064226716
27028,0.3590272361654511,0.08525398140220268,0.5557187824323462
27029,0.021938542579489392,0.0854617608854444,0.8925996965350662
27030,0.14017505768109575,0.5191705594131638,0.3406543829057404
27031,0.53713294653019,0.2195851443605247,0.2432819091092854
27032,0.3351654634049755,0.10032009538758947,0.564514441207435
27033,0.022554057696152617,0.06104291058302429,0.9164030317208232
27034,0.001392934387917539,0.005636021687689334,0.9929710439243931
27035,0.6225433131610352,0.1112225973864881,0.26623408945247684
27036,0.032363310774475115,0.06043386315444094,0.9072028260710838
27037,0.18820378033956248,0.15727891591612578,0.6545173037443118
27038,0.08923100356303497,0.07824438775127991,0.8325246086856851
27039,0.1940012577522632,0.1480249733557088,0.657973768892028
27040,0.1318743351462535,0.09060546628153945,0.777520198572207
27041,0.019637329445399934,0.02474617315864337,0.9556164973959566
27042,0.3904515922463275,0.5844464012287041,0.025102006524968485
27043,0.09202136307656716,0.1418721844067842,0.7661064525166487
27044,0.04234107516769771,0.19696166317794972,0.7606972616543527
27045,0.07742293409890717,0.11836478478966839,0.8042122811114246
27046,0.02397434152421639,0.07368902498460521,0.9023366334911783
27047,0.04275423208506857,0.9003063597410845,0.05693940817384683
27048,0.19236397619247664,0.803281159853084,0.004354863954439361
27049,0.09041777915878235,0.30478366540233087,0.6047985554388869
27050,0.01477978360581713,0.1255679771874887,0.8596522392066944
27051,0.1356467073149767,0.20531974234627665,0.6590335503387464
27052,0.002306563913236594,0.01737836206187031,0.980315074024893
27053,0.020573941036868226,0.1993426980130762,0.7800833609500556
27054,0.12742325552796638,0.09585970217558977,0.7767170422964439
27055,0.15800146181219663,0.8268608919623696,0.015137646225433987
27056,0.3182284721437555,0.6713122548848204,0.010459272971424113
27057,0.0454961942061814,0.24074168318405675,0.7137621226097619
27058,0.11434014206220243,0.09430972791499086,0.7913501300228067
27059,0.015160889486200894,0.04133363738236899,0.9435054731314302
27060,0.003129989086763669,0.019037706714049953,0.9778323041991863
27061,0.43828133636494554,0.09511244885255565,0.4666062147824989
27062,0.1754874580603636,0.0994587688267023,0.725053773112934
27063,0.04574336119483425,0.05904900067742989,0.8952076381277357
27064,0.019088298185774347,0.016494513742563676,0.9644171880716619
27065,0.11741042711201774,0.7213229470778528,0.1612666258101294
27066,0.041518767325968174,0.0599645031450628,0.8985167295289689
27067,0.08620278510663999,0.20082414769662174,0.7129730671967383
27068,0.3996734462252361,0.14429614329112517,0.45603041048363874
27069,0.031431813324657366,0.05027144527298013,0.9182967414023624
27070,0.04576480837354611,0.04095874068224775,0.913276450944206
27071,0.07349353655972143,0.12158597488380267,0.8049204885564759
27072,0.08748807327579515,0.30236297286279673,0.6101489538614082
27073,0.1377038623072792,0.15048042244573173,0.7118157152469891
