index,0,1,2
26457,0.0485003956941877,0.12099561016364599,0.8305039941421664
26458,0.2956465403066967,0.2218626694754741,0.48249079021782926
26459,0.05801096864283768,0.1115716539443424,0.8304173774128198
26460,0.10677998948309017,0.0944767533637709,0.798743257153139
26461,0.0299254505337744,0.3030411153337467,0.667033434132479
26462,0.03477263218839548,0.14730685471538302,0.8179205130962213
26463,0.41657157519934146,0.5703927066737297,0.013035718126929014
26464,0.08580003686634588,0.14717365007084351,0.7670263130628105
26465,0.030091545085182803,0.10874502518639331,0.8611634297284239
26466,0.011825807881143537,0.34819938807290274,0.6399748040459537
26467,0.23404707835816213,0.13567200112168504,0.6302809205201527
26468,0.10992973720516135,0.12608213902716442,0.7639881237676743
26469,0.8604317315359342,0.06204986343396814,0.0775184050300975
26470,0.20716262831294197,0.1481545739297754,0.6446827977572827
26471,0.05760101146745692,0.07253224812307747,0.8698667404094657
26472,0.19304661457823993,0.2029624735024896,0.6039909119192703
26473,0.1098072236742118,0.07614883353866062,0.8140439427871276
26474,0.19237910091301588,0.7959370726502257,0.011683826436758334
26475,0.28422655886023873,0.2745538610248082,0.44121958011495305
26476,0.00132075624054637,0.022090415471286314,0.9765888282881674
26477,0.17748007729572102,0.13517724972449793,0.6873426729797811
26478,0.0014973851557430556,0.007855098271339678,0.9906475165729172
26479,0.05897083165589295,0.15980230275424429,0.7812268655898628
26480,0.1168780217151731,0.07063472039804389,0.812487257886783
26481,0.02806104667803082,0.20105478876862018,0.770884164553349
26482,0.1488836783427156,0.13798546138213227,0.7131308602751522
26483,0.029097209623669802,0.16182046309213,0.8090823272842002
26484,0.1370636191748503,0.05891273274769745,0.8040236480774523
26485,0.07729505869803176,0.07654355459033005,0.846161386711638
26486,0.0813932369727917,0.15594371723214911,0.7626630457950592
26487,0.04428925861415203,0.08525939669858554,0.8704513446872625
26488,0.15665985123527074,0.8039339614385936,0.0394061873261355
26489,0.03998589141235011,0.16471114544405213,0.7953029631435976
26490,0.09624521268582813,0.20290167054345076,0.700853116770721
26491,0.05700928306642623,0.11243463825072997,0.8305560786828436
26492,0.07630489406348005,0.17746536635415808,0.7462297395823619
26493,0.20313799525780007,0.7935555002779562,0.0033065044642437403
26494,0.20727380754507915,0.2306086837256034,0.5621175087293175
26495,0.038627661707591174,0.12028653938942029,0.8410857989029885
26496,0.06894759790630224,0.19476250771779227,0.7362898943759054
26497,0.05341037531286006,0.8420567348348191,0.10453288985232068
26498,0.18109102080195785,0.44060180027019824,0.37830717892784377
26499,0.07359577081086302,0.12800442748989346,0.7983998016992435
26500,0.08624995891759676,0.3703056979526617,0.5434443431297414
26501,0.07972388444283769,0.23543105264461422,0.684845062912548
26502,0.011350535678344044,0.049782740671262656,0.9388667236503933
26503,0.17230506985579364,0.5930493127293384,0.2346456174148679
26504,0.0162824199878559,0.05936328833965539,0.9243542916724887
26505,0.0643726026919065,0.03847629103786269,0.8971511062702309
26506,0.0995844911375415,0.875620998210245,0.02479451065221387
26507,0.13195176163628464,0.8581887159906948,0.009859522373020436
26508,0.13735842194990835,0.31514316280479643,0.5474984152452953
26509,0.11476766836374626,0.17422221816080838,0.7110101134754454
26510,0.059371664714743276,0.18165865689964827,0.7589696783856084
26511,0.039924850729597304,0.06983128441051686,0.890243864859886
26512,0.8308304388755806,0.07331112221138794,0.09585843891303157
26513,0.048906009710774516,0.19830597827090676,0.7527880120183188
26514,0.029976115207315517,0.05692336131326462,0.9131005234794201
26515,0.4839129566767605,0.03974359927750909,0.47634344404573037
26516,0.04395732965515438,0.27222239123782926,0.6838202791070164
26517,0.27061645168816206,0.7095834690960514,0.019800079215786425
26518,0.08366628084827311,0.09880606007455453,0.8175276590771723
26519,0.41238282426810013,0.09914222935519322,0.48847494637670674
26520,0.022994237162519925,0.7838586438980766,0.19314711893940345
26521,0.08917252311636252,0.2141074605059096,0.696720016377728
26522,0.0874204012865392,0.08137618191653317,0.8312034167969277
26523,0.13945733481827258,0.28132018311262524,0.579222482069102
26524,0.0074755663092450865,0.11827004357357877,0.8742543901171761
26525,0.33513143740126927,0.2102843668955401,0.45458419570319075
26526,0.059611645713395646,0.10726228327993499,0.8331260710066694
26527,0.05522730968363263,0.09014914588824108,0.8546235444281264
26528,0.20840150815125186,0.7635470306982379,0.02805146115051025
26529,0.3696212407752793,0.05941954602510541,0.5709592131996154
26530,0.038854359227576844,0.06444472356376371,0.8967009172086595
26531,0.016368607321549853,0.11386459915947018,0.86976679351898
26532,0.12162501696192896,0.1289666325418669,0.7494083504962041
26533,0.014401860414964213,0.1255237590951429,0.8600743804898929
26534,0.05446850373610056,0.18326588657738432,0.7622656096865151
26535,0.023171937752228998,0.09866538903257506,0.8781626732151959
26536,0.20600244571942067,0.38807964344716683,0.4059179108334126
26537,0.028434176317026584,0.03773096582414238,0.9338348578588311
26538,0.026293858632118323,0.4563844878116715,0.5173216535562102
26539,0.028370611276614388,0.1755384009086694,0.7960909878147161
26540,0.08404849914016285,0.40151252231729284,0.5144389785425444
26541,0.09289508344261313,0.14750302850951522,0.7596018880478718
26542,0.07123576558832387,0.20809465594778337,0.7206695784638928
26543,0.00796629794731646,0.04491451241430246,0.947119189638381
26544,0.026763564295775855,0.10147180149417398,0.8717646342100502
26545,0.07949117852746139,0.30321501141810187,0.6172938100544368
26546,0.09859229481780271,0.13863760397854213,0.7627701012036552
26547,0.040230626760612155,0.07860605159962927,0.8811633216397586
26548,0.08516350838196651,0.04436578713623794,0.8704707044817954
26549,0.17410098727441228,0.8187300279009069,0.007168984824680878
26550,0.06050748700146732,0.2512202750723107,0.6882722379262219
26551,0.05746028663230538,0.19560378862797478,0.7469359247397198
26552,0.018585687517065068,0.21909333496606362,0.7623209775168711
26553,0.007779408464738545,0.06371337807261097,0.9285072134626505
26554,0.07167207379908344,0.37594286861744364,0.5523850575834727
26555,0.037714510078892795,0.08208126494864527,0.8802042249724622
26556,0.05956465086194871,0.21987035398850763,0.7205649951495436
26557,0.0035823992529931147,0.010964866448024083,0.985452734298983
26558,0.4216776649771491,0.17731388095039707,0.4010084540724538
26559,0.3822235298362993,0.11525287525767844,0.5025235949060224
26560,0.07753339375965793,0.25320574121365175,0.6692608650266902
26561,0.0768220344677235,0.23152309412725264,0.6916548714050238
26562,0.07015723956624205,0.07792853855922088,0.851914221874537
26563,0.02231695076673962,0.1175824333226692,0.8601006159105914
26564,0.05618434424104518,0.13134634994736133,0.8124693058115936
26565,0.0946655641520516,0.26391790479429955,0.6414165310536488
26566,0.17602786629706318,0.12488499798492685,0.6990871357180098
26567,0.04605043393681123,0.21554034326324406,0.7384092227999448
26568,0.5146479398800531,0.4559236734166098,0.029428386703337066
26569,0.03250134401232902,0.12987613570425535,0.8376225202834157
26570,0.1896837325061455,0.24841726584267185,0.5618990016511827
26571,0.03624627331004648,0.06416725736574659,0.8995864693242067
26572,0.08113950010422885,0.2966164709579759,0.6222440289377953
26573,0.04449985373272407,0.22752762869857662,0.7279725175686995
26574,0.2604400725578016,0.12632602297512566,0.6132339044670728
26575,0.14506080018841266,0.13649531659606348,0.7184438832155238
26576,0.06209028140208983,0.049913076593221146,0.8879966420046891
26577,0.052444569990937065,0.06862417933721066,0.8789312506718524
26578,0.19710562455460512,0.2494160957456757,0.5534782796997192
26579,0.0793173513528327,0.9141773789457355,0.006505269701431705
26580,0.0025087766116668455,0.007393487804398083,0.990097735583935
26581,0.07492999382039453,0.13266838156708427,0.7924016246125214
26582,0.013653175160937609,0.07575483874941323,0.9105919860896492
26583,0.16631640919151938,0.18587838383307495,0.6478052069754057
26584,0.06812109632881214,0.16520664763555667,0.766672256035631
26585,0.14035735572895067,0.33521226951332234,0.524430374757727
26586,0.3112406402243247,0.3448673778612324,0.34389198191444287
26587,0.2607682326605377,0.39286096205753723,0.34637080528192504
26588,0.08083488633246677,0.23438990669348544,0.6847752069740478
26589,0.15534708480745396,0.1066040272638411,0.7380488879287048
26590,0.08634539704747414,0.5459001312862088,0.3677544716663169
26591,0.22144061679341517,0.7675923151618095,0.010967068044775399
26592,0.3199840681165148,0.15087391459322552,0.5291420172902597
26593,0.05899770762709002,0.1366181049061542,0.8043841874667559
26594,0.19584425861195387,0.11518364462303929,0.6889720967650069
26595,0.024339509625718722,0.10308183905980414,0.8725786513144771
26596,0.11547987753826557,0.22996364250883322,0.6545564799529011
26597,0.21102419545780404,0.33492980545125806,0.45404599909093807
26598,0.15852557362465514,0.22767514317019688,0.6137992832051482
26599,0.04174713906235698,0.07118803248365659,0.8870648284539863
26600,0.05730870248168193,0.13444012913117168,0.8082511683871466
26601,0.10849411566559583,0.19546364526118312,0.696042239073221
26602,0.11506595060254687,0.1579417240303535,0.7269923253670996
26603,0.12457430034369077,0.08383945997724727,0.791586239679062
26604,0.052828216244852,0.11019406583283826,0.8369777179223098
26605,0.09222061820034673,0.19474275504800515,0.7130366267516484
26606,0.23109333845598198,0.23276792231892052,0.5361387392250976
26607,0.09075861873530486,0.875231542789853,0.0340098384748422
26608,0.024174902611672773,0.10913181980668643,0.8666932775816407
26609,0.05149678356541695,0.17403420855575163,0.7744690078788314
26610,0.5071931591880348,0.42435041002304424,0.06845643078892107
26611,0.09836928945691778,0.24469046750921475,0.6569402430338673
26612,0.07698736887214888,0.29956609403967904,0.623446537088172
26613,0.10858580576488983,0.16399260832615387,0.7274215859089563
26614,0.07506842082352165,0.12614270428625732,0.798788874890221
26615,0.0037212074444531833,0.02558115943438912,0.9706976331211576
26616,0.09721131723552442,0.14318871057851665,0.7595999721859589
26617,0.2508126797083269,0.1785257384286007,0.5706615818630723
26618,0.1067991313143001,0.22001773933375418,0.6731831293519457
26619,0.18169603913124438,0.24290095402437267,0.5754030068443828
26620,0.3840941741942391,0.5874748752437735,0.028430950561987366
26621,0.06275513990575422,0.10410788455004749,0.8331369755441983
26622,0.13888982682947087,0.3315836606276017,0.5295265125429274
26623,0.035566767045054376,0.5574590084178909,0.4069742245370548
26624,0.08409396356576893,0.18117641355300265,0.7347296228812283
26625,0.2266375958374367,0.20586046343800168,0.5675019407245616
26626,0.16503608671424846,0.09171438835842277,0.7432495249273289
26627,0.07761476248311315,0.16867627581312195,0.7537089617037649
26628,0.11064442281098721,0.22549537136922995,0.6638602058197829
26629,0.036519896705432,0.04958231207265816,0.91389779122191
26630,0.08208882585338147,0.21274316604219026,0.7051680081044284
26631,0.04891369674548525,0.10985872217384933,0.8412275810806653
26632,0.43984828779279217,0.09926301628768373,0.46088869591952425
26633,0.04297643464454487,0.20752604689709092,0.7494975184583642
26634,0.12744936853241023,0.08412755619877246,0.7884230752688173
26635,0.026181508537356006,0.1527031463409953,0.8211153451216487
26636,0.04993619729115121,0.16234418400951392,0.7877196186993349
26637,0.02157745148306425,0.08083622916773221,0.8975863193492035
26638,0.06834506616648614,0.6709548085906114,0.26070012524290254
26639,0.2050277323381846,0.2098252064534428,0.5851470612083725
26640,0.09064182222774711,0.1742002500591329,0.7351579277131199
26641,0.2002493478926953,0.5962451118621055,0.20350554024519912
26642,0.027139438747248064,0.06356046758703465,0.9093000936657175
26643,0.07605181021640048,0.11489430977969946,0.8090538800039001
26644,0.0016307317689479948,0.009717935918747011,0.988651332312305
26645,0.07701559547751191,0.1010339438808167,0.8219504606416714
26646,0.5437690238081828,0.23087349894091394,0.22535747725090327
26647,0.09980208602443215,0.1373265130370793,0.7628714009384886
26648,0.043800517109243146,0.4160694208742453,0.5401300620165116
26649,0.0345608269612772,0.11864927499686158,0.846789898041861
26650,0.4222087751460368,0.4920113809030241,0.08577984395093903
26651,0.20211576911502216,0.7546690427563488,0.043215188128629026
26652,0.2545458781655146,0.13245837403082777,0.6129957478036576
26653,0.2571036863028997,0.16592761900369074,0.5769686946934096
26654,0.11636660585480238,0.3908702555544171,0.4927631385907807
26655,0.08053986644978414,0.26389005455703635,0.6555700789931794
26656,0.11226511269916166,0.23645226256751214,0.6512826247333261
26657,0.0457311121416553,0.11962823920401684,0.8346406486543276
26658,0.07793156666161345,0.16625171045769266,0.755816722880694
26659,0.14307718259441246,0.32251433007259256,0.534408487332995
26660,0.004856951224466268,0.09189514163920934,0.9032479071363243
26661,0.15467082651873582,0.07631256657417387,0.7690166069070903
26662,0.028231749488794526,0.2285647753976606,0.7432034751135449
26663,0.09180357071203195,0.11287859222438683,0.7953178370635812
26664,0.11307574065857504,0.31840401190633655,0.5685202474350882
26665,0.1287106726153467,0.15862929263404363,0.7126600347506097
26666,0.08472648738611092,0.6738752630498782,0.24139824956401085
26667,0.039134464496412905,0.05199048961788647,0.9088750458857004
26668,0.10334259615010677,0.5558755071076867,0.3407818967422066
26669,0.07936177536896205,0.3018904799774758,0.6187477446535623
26670,0.3469026127952914,0.24674019278185394,0.4063571944228547
26671,0.2213639379944273,0.07164372601811113,0.7069923359874614
26672,0.10748385683413234,0.09733033494021434,0.7951858082256533
26673,0.14360726293478332,0.1960142123815459,0.6603785246836706
26674,0.4002378143341791,0.06841099604466258,0.5313511896211583
26675,0.03224569683310081,0.09320169760830675,0.8745526055585925
26676,0.0497112633215933,0.15492396410569526,0.7953647725727115
26677,0.0036382395349334345,0.018309608566754086,0.9780521518983125
26678,0.0854043814289442,0.21910552632655717,0.6954900922444985
26679,0.17644537949362177,0.16449157087782473,0.6590630496285537
26680,0.013415421467427266,0.046053315406967214,0.9405312631256055
26681,0.006664884804495605,0.061105974360047464,0.9322291408354569
26682,0.14094351778482753,0.1978974307237753,0.6611590514913972
26683,0.08607251542108263,0.3681633196468277,0.5457641649320897
26684,0.039738443550376694,0.16796330198546322,0.79229825446416
26685,0.24149562191168322,0.22566986170014935,0.5328345163881675
26686,0.057008412028003844,0.21965582377057985,0.7233357642014162
26687,0.11900107952620162,0.1272300770210476,0.7537688434527507
26688,0.34562693086820334,0.5572226343763971,0.09715043475539954
26689,0.10856345138786846,0.17488360806078812,0.7165529405513434
26690,0.05606458832054839,0.11900004860808097,0.8249353630713706
26691,0.07563740654907955,0.09878556980481186,0.8255770236461087
26692,0.030135706388939205,0.3771615464570646,0.5927027471539963
26693,0.5280033093312733,0.0781577469821709,0.3938389436865558
26694,0.6165852536100694,0.3715385631172955,0.011876183272635022
26695,0.011979212008659248,0.02355299473700887,0.9644677932543321
26696,0.12523340003957317,0.10703985020857043,0.7677267497518564
26697,0.004929362222653647,0.01602490639326769,0.9790457313840786
26698,0.07031655328650949,0.07598766837203089,0.8536957783414596
26699,0.09788502148375841,0.35093433849975053,0.551180640016491
26700,0.011464987563034292,0.20072334835592312,0.7878116640810426
26701,0.0996297618099925,0.4579408166156903,0.4424294215743171
26702,0.05956608430492433,0.48569035516046827,0.4547435605346074
26703,0.07972866253997127,0.14828624211115657,0.7719850953488724
26704,0.0508064593486124,0.07458406752112165,0.8746094731302663
26705,0.05302520252649656,0.08569578872910563,0.8612790087443976
26706,0.0881263101475636,0.15606769175254204,0.7558059980998946
26707,0.4379377413111206,0.1309701844069342,0.43109207428194507
26708,0.20324963017268702,0.21115292800135954,0.5855974418259535
26709,0.0372857536079951,0.046210414183783126,0.9165038322082217
26710,0.09267241146644588,0.14928252650617602,0.7580450620273781
26711,0.3621863801620163,0.0975984739315076,0.540215145906476
26712,0.10511110579707046,0.24202774228789542,0.6528611519150342
26713,0.16416067497346412,0.5617732064005818,0.274066118625954
26714,0.06995757955639179,0.15366245394893036,0.7763799664946779
26715,0.01714123893028878,0.20151323937082463,0.7813455216988865
26716,0.07891738725625395,0.7259592539220916,0.19512335882165438
26717,0.014306815542696272,0.2634321185602708,0.7222610658970329
26718,0.0750918592662619,0.2617301026815028,0.6631780380522353
26719,0.13070948584346584,0.2648938339338575,0.6043966802226768
26720,0.07258507449951557,0.18018309671702906,0.7472318287834556
26721,0.09050483782239808,0.3330760283650994,0.5764191338125025
26722,0.13536790339070276,0.14450176873263254,0.7201303278766646
26723,0.11555628294689628,0.13158682559474683,0.7528568914583568
26724,0.08326252352434813,0.47650245172893835,0.4402350247467135
26725,0.032918840634296044,0.26397241924000037,0.7031087401257035
26726,0.1772674836304127,0.3008905244831516,0.5218419918864355
26727,0.032503652288549345,0.06871930267702306,0.8987770450344277
26728,0.07662223238575852,0.12013566676148864,0.8032421008527528
26729,0.1454095416876951,0.2671056571656589,0.587484801146646
26730,0.28839690654121003,0.5151055026500715,0.19649759080871831
26731,0.08084073597848901,0.1953254617454519,0.7238338022760591
26732,0.2798627826848437,0.7045569579818534,0.01558025933330287
26733,0.044732666009050556,0.10391432192533907,0.8513530120656103
26734,0.04006693144441086,0.22852671915852701,0.7314063493970622
26735,0.07265647242959808,0.12255108687535343,0.8047924406950484
26736,0.11169754186967355,0.15055530092116615,0.7377471572091603
26737,0.09338060914655773,0.25830168222299393,0.6483177086304484
26738,0.0769971015829399,0.14623123945803468,0.7767716589590254
26739,0.46904103443257644,0.0591085235284143,0.4718504420390093
26740,0.0015023819133642541,0.0043230280948900034,0.9941745899917457
26741,0.2024445182074241,0.7613813163780937,0.036174165414482186
26742,0.04611996253415317,0.14403900918388995,0.8098410282819568
26743,0.15983171998748605,0.17557841517689926,0.6645898648356144
26744,0.1172344800638411,0.31791904474205895,0.5648464751940998
26745,0.059223858235197956,0.1376690298586557,0.8031071119061461
26746,0.14016088244288816,0.18062091944938707,0.6792181981077248
26747,0.055570006262297564,0.45614377390007216,0.48828621983763043
26748,0.2014725217514231,0.40606373305774374,0.39246374519083327
26749,0.10209066175720756,0.27572742955768165,0.6221819086851108
26750,0.04986729198111714,0.07814334532902883,0.8719893626898539
26751,0.001734316182121439,0.016907259900200165,0.9813584239176786
26752,0.05182449186740788,0.6401558548415889,0.3080196532910032
26753,0.0753140574168468,0.09002827929709174,0.8346576632860616
26754,0.09042310935687767,0.05656937436313046,0.8530075162799917
26755,0.01874927715755983,0.06297321147903123,0.918277511363409
26756,0.10939973593991541,0.08490472267373853,0.8056955413863461
26757,0.09759713576192983,0.09994568231822572,0.8024571819198446
26758,0.06410993627132336,0.32455340518735415,0.6113366585413225
26759,0.0548251021686605,0.1764237820275943,0.7687511158037453
26760,0.11466446853175508,0.2031794050422223,0.6821561264260225
26761,0.04785886748987957,0.20086485220942812,0.7512762803006923
26762,0.11159021120598978,0.1453375156248931,0.7430722731691171
26763,0.05206888551061922,0.13764006416912794,0.8102910503202528
26764,0.1155261060335453,0.17327329827149704,0.7112005956949577
26765,0.003952523366932284,0.007473684118994878,0.988573792514073
26766,0.07848955784813133,0.36425606235437424,0.5572543797974945
26767,0.11684184057137188,0.24431553762761854,0.6388426218010096
26768,0.04532029273478995,0.9448321002831698,0.00984760698204028
26769,0.17162292279479202,0.29892521331829613,0.5294518638869119
26770,0.05931771051154934,0.2525004350500281,0.6881818544384226
26771,0.15786036779317986,0.8054233574411057,0.03671627476571455
26772,0.7272566076017176,0.049679941389629154,0.22306345100865332
26773,0.003519751534202472,0.00682423061244849,0.9896560178533491
26774,0.5722290212994167,0.049117577562850054,0.37865340113773327
26775,0.050109053749185416,0.2573338866871675,0.6925570595636471
26776,0.07982291151873444,0.16822373449517997,0.7519533539860856
26777,0.027114205887857002,0.0750664198949517,0.8978193742171913
26778,0.07744660644551646,0.09960761694668377,0.8229457766077998
26779,0.06102285672609514,0.1172377191600158,0.8217394241138891
26780,0.012402548906616977,0.1032340184647101,0.8843634326286729
26781,0.029207271523269917,0.1080918588732919,0.8627008696034382
26782,0.018460590504070205,0.04612094535474942,0.9354184641411802
26783,0.141847818965038,0.3495840525007649,0.5085681285341972
26784,0.11362499711825458,0.5972887697707866,0.2890862331109588
26785,0.05597779879573515,0.20810662681632958,0.7359155743879354
26786,0.5007987000621338,0.06261458080555257,0.43658671913231367
26787,0.007959966738809882,0.02488132849472231,0.9671587047664678
26788,0.14148107390145742,0.20352049722669618,0.6549984288718463
26789,0.21833282609841315,0.28879037563603605,0.49287679826555086
26790,0.01256519429779816,0.0695142089532852,0.9179205967489169
26791,0.022563028755508523,0.10776791113673387,0.8696690601077577
26792,0.20170446511487597,0.14797549030212048,0.6503200445830036
26793,0.07173920876894951,0.17171007582410985,0.7565507154069406
26794,0.03563992927243158,0.15122931473060125,0.8131307559969672
26795,0.1680432215368017,0.21025600663075053,0.6217007718324477
26796,0.03531038087508145,0.9630339299687035,0.00165568915621503
26797,0.007090940359775458,0.23587993750179156,0.7570291221384331
26798,0.3708567191453617,0.12044380774470279,0.5086994731099356
26799,0.1306515332328077,0.15311716059020272,0.7162313061769895
26800,0.01878707238259785,0.9730296915902714,0.00818323602713073
26801,0.09251469444445991,0.5632247963832608,0.34426050917227935
26802,0.08775076193389235,0.10666206795126906,0.8055871701148385
26803,0.08024752283847035,0.13569571362043228,0.7840567635410973
26804,0.04058873446210606,0.09597044544636779,0.8634408200915262
26805,0.0005295771317854555,0.03379850719723133,0.9656719156709833
26806,0.07622081082324987,0.14510074008936727,0.7786784490873828
26807,0.09654966066718193,0.164593318702153,0.7388570206306652
26808,0.08342857065820071,0.18216794759104213,0.7344034817507573
26809,0.059607383975376474,0.27117785806619515,0.6692147579584282
26810,0.02916174857472732,0.27708029842016485,0.6937579530051079
26811,0.028228830329928227,0.0449876995659138,0.926783470104158
26812,0.12103289369611821,0.13262553982266725,0.7463415664812145
26813,0.07296148992562819,0.39430794279421666,0.5327305672801551
26814,0.15051970395196645,0.12807678713925313,0.7214035089087804
26815,0.09046022184279975,0.16030163856910773,0.7492381395880925
26816,0.03370373856372171,0.38888016601286307,0.5774160954234151
26817,0.08459943512567461,0.04048476575678546,0.87491579911754
26818,0.14596453419417038,0.07379246082350091,0.7802430049823288
26819,0.09583132943625737,0.2891067141965051,0.6150619563672375
26820,0.11232641237294252,0.8792867644139777,0.008386823213079783
26821,0.132547596693792,0.8600397100313609,0.007412693274847171
26822,0.16170645583278612,0.2000752018272714,0.6382183423399426
26823,0.003240545317619826,0.010159341660274279,0.9866001130221062
26824,0.13269082387670122,0.0692228677648096,0.7980863083584891
26825,0.07492095505267314,0.05666444239571037,0.8684146025516165
26826,0.09158589732646333,0.11673808136650768,0.791676021307029
26827,0.08469394611266715,0.10709358331250278,0.8082124705748301
26828,0.00524585202812967,0.24865214286624276,0.7461020051056277
26829,0.029686651330692267,0.14964841305622,0.8206649356130876
26830,0.0028442920885751884,0.05411958373414798,0.9430361241772767
26831,0.04002330186002986,0.08637581835846823,0.8736008797815018
26832,0.02741131113824946,0.05210801501588084,0.9204806738458698
26833,0.040536841284584346,0.11985712101779555,0.8396060376976202
26834,0.07177602997639874,0.1350815422896302,0.793142427733971
26835,0.6393977870137613,0.10559718597547592,0.2550050270107628
26836,0.21931986432019634,0.44087546537703687,0.33980467030276673
26837,0.04514159030332454,0.032695240928956176,0.9221631687677192
26838,0.0941500675722251,0.34430434330019,0.5615455891275849
26839,0.8821679743723108,0.017502967792197736,0.10032905783549155
26840,0.002900943404335823,0.039470651212549224,0.9576284053831149
26841,0.038856254081684374,0.06305362477253813,0.8980901211457775
26842,0.06957356009828383,0.19624476144491962,0.7341816784567967
26843,0.11119578166692268,0.07186487901082017,0.816939339322257
26844,0.17937815047175293,0.3791639611962898,0.4414578883319574
26845,0.46766976651450315,0.04927281783206504,0.48305741565343174
26846,0.05225799594515905,0.10124978711833096,0.8464922169365101
26847,0.9036182819969015,0.051378230741307596,0.04500348726179092
26848,0.08517089526258985,0.07154973739858016,0.8432793673388301
26849,0.16288675263538815,0.10931421261602178,0.7277990347485901
26850,0.07351698179455027,0.3280880184632845,0.5983949997421651
26851,0.10841420496944346,0.18241054810729146,0.7091752469232651
26852,0.22179133074378563,0.735371380947992,0.04283728830822231
26853,0.1111419940078939,0.0688471746121833,0.8200108313799227
26854,0.03206730488800557,0.9653516415538634,0.0025810535581309896
26855,0.07913320847447045,0.33742487216843664,0.5834419193570929
26856,0.06984324010317566,0.08983857421436822,0.8403181856824562
26857,0.11488352994635538,0.25995537771677213,0.6251610923368722
26858,0.14276889536573462,0.6252625130818471,0.2319685915524184
26859,0.07095701821820231,0.5838507729223442,0.34519220885945334
26860,0.024315834092828743,0.3852716197561956,0.5904125461509757
26861,0.11939641642335135,0.2689637546732267,0.6116398289034221
26862,0.08154742952103597,0.4018207851110119,0.5166317853679522
26863,0.04953982540225709,0.10547515106651104,0.8449850235312318
26864,0.047375455123569644,0.3039579737219968,0.6486665711544335
26865,0.04043887126070207,0.12036482104353037,0.8391963076957676
26866,0.030944384557569336,0.1338486920781016,0.8352069233643291
26867,0.04437350727396737,0.07441222061521104,0.8812142721108215
26868,0.02332270700203237,0.130182041183528,0.8464952518144397
26869,0.01615898977035761,0.03033934118209669,0.9535016690475457
26870,0.032715593655317135,0.825968477013855,0.1413159293308278
26871,0.10636266967477008,0.12108328875308258,0.7725540415721474
26872,0.09072209026704395,0.2678639373139184,0.6414139724190379
26873,0.01997606002412208,0.05908164875502945,0.9209422912208485
26874,0.13165623048134617,0.3192179088386927,0.5491258606799609
26875,0.04732800933398543,0.27581462130591333,0.6768573693601014
26876,0.0491656840776882,0.08638327908538446,0.8644510368369274
26877,0.025464937806364284,0.09097962113654295,0.883555441057093
26878,0.8787002036780901,0.06798119283308263,0.05331860348882726
26879,0.09675026329998689,0.2032789047828789,0.6999708319171342
26880,0.3727129082605189,0.0527098284412034,0.5745772632982777
26881,0.08844971363958636,0.17876700931561132,0.7327832770448025
26882,0.36986707950940284,0.1057036989573332,0.524429221533264
26883,0.056087019397215485,0.0856836154058298,0.8582293651969548
26884,0.08655955833032399,0.4229604406228697,0.49048000104680645
26885,0.2000779351490231,0.20776061560263703,0.5921614492483398
26886,0.061075328638014736,0.1283310461739693,0.8105936251880159
26887,0.025436678020590048,0.07163060587163018,0.9029327161077798
26888,0.1680551294431933,0.20465362074318408,0.6272912498136225
26889,0.027321583853899083,0.14815378958929085,0.8245246265568099
26890,0.0027338251425930446,0.08120006398670024,0.9160661108707068
26891,0.07078614130481331,0.3201265101508929,0.6090873485442939
26892,0.04534889187392424,0.181224613075957,0.7734264950501186
26893,0.06545101003396495,0.08058847328305443,0.8539605166829807
26894,0.10937660305169125,0.08680476312437028,0.8038186338239385
26895,0.12633073832940994,0.330820038213936,0.5428492234566541
26896,0.06804636051892891,0.23620392441085344,0.6957497150702174
26897,0.07321861680606667,0.1962119809892428,0.7305694022046906
26898,0.05909279621268221,0.14119732682372757,0.7997098769635902
26899,0.058216420165518826,0.13737434033071452,0.8044092395037665
26900,0.06833987249948252,0.21216400820419615,0.7194961192963214
26901,0.06561297502350863,0.24286627673592442,0.691520748240567
26902,0.0019828598025722352,0.004657182408768618,0.9933599577886592
26903,0.13383040889244185,0.3436681198828072,0.522501471224751
26904,0.5926871978413214,0.3921780601274786,0.015134742031200058
26905,0.004995466102860914,0.024562868224245117,0.9704416656728941
26906,0.02554724804058773,0.037426439814261116,0.937026312145151
26907,0.20947162795682356,0.10109621172731734,0.6894321603158591
26908,0.11020231991313485,0.20090047452005458,0.6888972055668106
26909,0.04343725349236906,0.5365734756837363,0.4199892708238947
26910,0.0401151858659076,0.14336760307764246,0.81651721105645
26911,0.006725279407999425,0.02426857862015757,0.9690061419718428
26912,0.0019181882719411236,0.015138057576036635,0.9829437541520223
26913,0.1844804109922574,0.1749403947815189,0.6405791942262237
26914,0.07826419635922147,0.21774810921839372,0.7039876944223848
26915,0.13744983862454002,0.16952611790281807,0.693024043472642
26916,0.09795201317094854,0.896550396262025,0.0054975905670262845
26917,0.046531188523460984,0.13070390433079285,0.8227649071457461
26918,0.07336327787624738,0.12843184082473846,0.7982048812990141
26919,0.4465576155232934,0.18950268087057007,0.3639397036061366
26920,0.14478784357034571,0.4009224232395415,0.4542897331901128
26921,0.011772581963662817,0.7140803612084201,0.27414705682791685
26922,0.04092402501088915,0.3563705190840083,0.6027054559051026
26923,0.04637806312773014,0.07337805083487116,0.8802438860373986
26924,0.11438076467818972,0.11154118110753578,0.7740780542142746
26925,0.09898154780414463,0.06848916211388732,0.8325292900819681
26926,0.421270944976189,0.5181167527230868,0.06061230230072416
26927,0.06160252165028518,0.13613406544582674,0.8022634129038879
26928,0.058788974624205195,0.9313213973810462,0.009889627994748525
26929,0.035671703844271,0.14681361306845625,0.8175146830872727
26930,0.04835543460065585,0.470692567433574,0.48095199796577004
26931,0.2134704684662451,0.774467473763334,0.012062057770420881
26932,0.065327304265022,0.5971475228051862,0.3375251729297918
26933,0.922259991589318,0.03747950242177564,0.040260505988906424
26934,0.008610944036732345,0.019739731778720786,0.9716493241845467
26935,0.0352226553549717,0.15944300795177407,0.8053343366932543
26936,0.07760075965823156,0.07374555344309522,0.8486536868986734
26937,0.09378957234489314,0.3538693430468493,0.5523410846082576
26938,0.11999651250798463,0.8679522682091353,0.012051219282880197
26939,0.5453686356352445,0.4326840404199289,0.021947323944826725
26940,0.05509590357026247,0.09425076600104623,0.8506533304286915
26941,0.10785258268274556,0.21673576050578397,0.6754116568114703
26942,0.32912644573581223,0.2167701351114606,0.4541034191527271
26943,0.02944567816606647,0.3285433615797173,0.6420109602542163
26944,0.0022633336319109426,0.007809028715721517,0.9899276376523677
26945,0.17081587872176984,0.43957320601605254,0.3896109152621776
26946,0.2000765659389018,0.099584407752786,0.7003390263083122
26947,0.07617487502824023,0.485445288790104,0.43837983618165577
26948,0.09002001216260686,0.28904473734048597,0.6209352504969072
26949,0.4179289284193334,0.14819397048665506,0.4338771010940117
26950,0.18153966497815613,0.18852256889879696,0.629937766123047
26951,0.4233803452281569,0.34116770810764696,0.23545194666419622
26952,0.09602342381512823,0.3444438198874856,0.5595327562973862
26953,0.08504070987987458,0.02523940058154019,0.8897198895385854
26954,0.004150493282205974,0.0639903544879597,0.9318591522298343
26955,0.04352111339459039,0.5424571153279236,0.414021771277486
26956,0.21090360592404106,0.23075463623017187,0.558341757845787
26957,0.6746618975077443,0.09072124888135606,0.23461685361089962
26958,0.19618289880536297,0.16442339166252343,0.6393937095321135
26959,0.041741208927419275,0.2184665748259474,0.7397922162466333
26960,0.020429479353296493,0.06605668739157158,0.9135138332551318
26961,0.03710287720981888,0.0994761417684735,0.8634209810217077
26962,0.05050926114697969,0.6172640774499311,0.33222666140308926
26963,0.5280033093312733,0.0781577469821709,0.3938389436865558
26964,0.1911115537299683,0.0952709698208843,0.7136174764491474
26965,0.1083991229217121,0.3955590169378481,0.4960418601404398
26966,0.06804636051892891,0.23620392441085344,0.6957497150702174
26967,0.053740649570540554,0.129321269102773,0.8169380813266865
26968,0.12917899902396018,0.11471076762554049,0.7561102333504993
26969,0.004363947980858294,0.047410948821453386,0.9482251031976883
26970,0.054830246243955126,0.09446596762215445,0.8507037861338904
26971,0.11348765867432961,0.24191636060921748,0.644595980716453
26972,0.10160987702874406,0.22461270917877205,0.6737774137924839
26973,0.024398576900276105,0.09456363117125163,0.8810377919284722
26974,0.07307572050009974,0.05008305088378582,0.8768412286161145
26975,0.07252080242842149,0.05797804573160664,0.8695011518399719
26976,0.13540989361627923,0.8235710898209124,0.041019016562808416
26977,0.031028751395120617,0.1195927843443374,0.8493784642605421
26978,0.042492369634675654,0.16726728606448288,0.7902403443008414
26979,0.0064160819630921405,0.04661303263585538,0.9469708854010526
26980,0.027130419759364355,0.07038456579955173,0.9024850144410838
26981,0.14712281525875337,0.19565427484641734,0.6572229098948293
26982,0.07439560718732642,0.1996301030357203,0.7259742897769534
26983,0.10945017448772203,0.2303144392479318,0.6602353862643462
26984,0.0261471773697649,0.09495305256458354,0.8788997700656516
26985,0.19765794884356644,0.19403741548107065,0.6083046356753627
26986,0.04900383859094233,0.056372542586635585,0.8946236188224219
26987,0.12229075882612869,0.3201403344708479,0.5575689067030234
26988,0.13863780250128346,0.43042040795329406,0.43094178954542245
26989,0.10714148896395533,0.2566027093041406,0.636255801731904
26990,0.04683333341642702,0.1425163148432999,0.8106503517402732
26991,0.06176013995429467,0.07448475937125029,0.863755100674455
26992,0.1076321221939112,0.43008567656831376,0.46228220123777514
26993,0.09100968178666372,0.19259255954002735,0.716397758673309
26994,0.004750157394304511,0.02379853004655763,0.9714513125591377
26995,0.009618506780836988,0.14074016105537349,0.8496413321637896
26996,0.0013294247360496904,0.02227959491100138,0.976390980352949
26997,0.2612955531222276,0.4630565791080311,0.2756478677697411
26998,0.23944177040341538,0.1373488701090768,0.6232093594875078
26999,0.35423514808105966,0.12302888834250417,0.5227359635764361
27000,0.06284192907514077,0.5250311279239998,0.4121269430008595
27001,0.05349427799563271,0.34202571826192313,0.6044800037424444
27002,0.04996879333597128,0.2720721855606897,0.6779590211033392
27003,0.09176866874171317,0.15686143654088722,0.7513698947173996
27004,0.12092814338287947,0.3154932753156789,0.5635785813014417
27005,0.03258792253429026,0.3742712911505174,0.5931407863151923
27006,0.017588388590737903,0.06831413879325858,0.9140974726160035
27007,0.0734022100494584,0.7715935120517428,0.15500427789879898
27008,0.1084861227398759,0.1881654208731571,0.7033484563869672
27009,0.01399458132531175,0.1770607175556555,0.8089447011190328
27010,0.02799118976262018,0.07063825805468042,0.9013705521826992
27011,0.13074767905052792,0.504864987831959,0.36438733311751303
27012,0.06097994229445891,0.06982020655513425,0.8691998511504065
27013,0.30577754113697714,0.11192247562912779,0.5822999832338951
27014,0.07058073399520379,0.4766858207860306,0.4527334452187655
27015,0.10977316345466523,0.29123421501346314,0.5989926215318715
27016,0.05364020832771751,0.08821190997717555,0.8581478816951069
27017,0.0033701918564046354,0.011752934004313275,0.984876874139282
27018,0.05848357694340659,0.18233753289623048,0.759178890160363
27019,0.08293723485167358,0.12315115186599987,0.7939116132823265
27020,0.03086156652547247,0.32573616512801634,0.643402268346511
27021,0.0663465487734441,0.3650240097478221,0.5686294414787337
27022,0.04269812414295106,0.23701970744863013,0.7202821684084189
27023,0.0895098912662793,0.450508277331011,0.45998183140270976
27024,0.06737024194324888,0.2683945638390639,0.6642351942176872
27025,0.277081711464443,0.072760887425716,0.6501574011098408
27026,0.0021758778602368216,0.019049907787125016,0.9787742143526381
27027,0.11031502470041846,0.10595607183468633,0.7837289034648953
27028,0.36130050016992094,0.08631049932752378,0.5523890005025553
27029,0.022176019121603052,0.0929954373512168,0.8848285435271803
27030,0.14094826910650232,0.5137638017007352,0.3452879291927625
27031,0.518103682006825,0.22612084269772098,0.2557754752954539
27032,0.3309436151323187,0.10962329602662417,0.5594330888410571
27033,0.022045194873464916,0.060153033889111605,0.9178017712374233
27034,0.0015012509999345676,0.0060286738490564285,0.9924700751510092
27035,0.6245053975582615,0.11161678315878906,0.2638778192829494
27036,0.03356358338211553,0.05912136563346103,0.9073150509844237
27037,0.19167081995127605,0.1558863510741913,0.6524428289745327
27038,0.08645468765269938,0.0745676612230078,0.8389776511242928
27039,0.19986650703534867,0.146986565727988,0.6531469272366633
27040,0.1277355701330745,0.09183311613324459,0.7804313137336808
27041,0.019398192491518355,0.0248355909416983,0.9557662165667834
27042,0.38571373271529436,0.5901424652286253,0.024143802056080396
27043,0.0984537455246188,0.1382447193196864,0.763301535155695
27044,0.04234563454596115,0.1952533194374384,0.7624010460166005
27045,0.08109857337829385,0.11971547773746216,0.7991859488842441
27046,0.022739784803876166,0.06766741905681228,0.9095927961393114
27047,0.04288996984393743,0.8998068897838605,0.05730314037220239
27048,0.1971307667809726,0.7986299880914515,0.0042392451275758795
27049,0.09189759460880778,0.3149450061672908,0.5931573992239013
27050,0.013739762180244346,0.12760864084471943,0.8586515969750362
27051,0.12894772115197722,0.19973624304617232,0.6713160358018504
27052,0.0022464826940909077,0.0169435078463854,0.9808100094595238
27053,0.019905465472960952,0.19669064417759555,0.7834038903494435
27054,0.13508975511776528,0.09911570130028857,0.7657945435819462
27055,0.15984539991083538,0.8243880067169653,0.015766593372199288
27056,0.30733966951197245,0.6816445089941005,0.011015821493927122
27057,0.0467027126943043,0.22520860332938702,0.7280886839763088
27058,0.11587212269969718,0.09597119984344651,0.7881566774568564
27059,0.017572698812040183,0.045613346708852295,0.9368139544791075
27060,0.003108497733616261,0.017167756617507114,0.9797237456488765
27061,0.4458740503530626,0.09607978435195559,0.4580461652949818
27062,0.17997342453821888,0.10064772697961744,0.7193788484821637
27063,0.05011518321995466,0.0642584601164041,0.8856263566636411
27064,0.019054546150463814,0.017553198853497334,0.9633922549960389
27065,0.12223368768040363,0.7165714136526511,0.16119489866694522
27066,0.042527320382363426,0.05998681197062309,0.8974858676470137
27067,0.08333778456622296,0.19474544077084338,0.7219167746629338
27068,0.3866839544479188,0.14662406539486153,0.46669198015721963
27069,0.03380818029823436,0.05638749682896864,0.909804322872797
27070,0.049200894485455206,0.04318436323790292,0.907614742276642
27071,0.07353136060512477,0.11808409348166456,0.8083845459132106
27072,0.08465784567872112,0.31101274755317576,0.6043294067681032
27073,0.1368288994848226,0.14879729602142133,0.7143738044937562
