index,0,1,2
26457,0.048692289916496025,0.12375100517161927,0.8275567049118847
26458,0.30002190913989946,0.22137954258354436,0.47859854827655607
26459,0.0564517711232737,0.11282099191857183,0.8307272369581544
26460,0.10349638607719777,0.09470361687281231,0.8017999970499899
26461,0.029783999452120492,0.3093091975485854,0.660906802999294
26462,0.033509420420906606,0.14882106796430303,0.8176695116147903
26463,0.39990503082464374,0.5868461367899155,0.013248832385440753
26464,0.0837707502300125,0.14572119401482106,0.7705080557551666
26465,0.03287629903491966,0.10889525960558973,0.8582284413594905
26466,0.011739456616585797,0.348587904063356,0.6396726393200582
26467,0.2367998756158026,0.13824808155782464,0.6249520428263728
26468,0.10566134953371663,0.12918783412675025,0.7651508163395332
26469,0.8576390364703815,0.06360276520331311,0.07875819832630561
26470,0.20218969850970983,0.1456431882278034,0.6521671132624868
26471,0.05513519215979339,0.07678129613913368,0.8680835117010729
26472,0.19180529211387704,0.19887914578456894,0.609315562101554
26473,0.11081637880821792,0.074766732297705,0.814416888894077
26474,0.19798849970617588,0.7909137488766312,0.011097751417192854
26475,0.2927056748644384,0.26992350814691507,0.43737081698864666
26476,0.00137641155376017,0.021481019803451993,0.9771425686427877
26477,0.1773769324809322,0.1331327843691711,0.6894902831498966
26478,0.001603202230951398,0.008108264094537824,0.9902885336745106
26479,0.05921751656717486,0.16224035280088658,0.7785421306319386
26480,0.11268721058130356,0.07151670488830067,0.8157960845303959
26481,0.02580177479693636,0.19751527577229383,0.7766829494307698
26482,0.15186556939628132,0.13788483174109065,0.710249598862628
26483,0.028706409220034645,0.15865306809213592,0.8126405226878294
26484,0.14115931210117802,0.06027490102088086,0.798565786877941
26485,0.07732426863514771,0.0767917570950775,0.8458839742697745
26486,0.08114774934064888,0.156156614681356,0.7626956359779953
26487,0.046618464231163316,0.08416377146473725,0.8692177643040992
26488,0.15537369945356458,0.8064362326980118,0.038190067848423576
26489,0.0394877575595762,0.16467815601642802,0.7958340864239958
26490,0.09380363765871513,0.1911555018395264,0.7150408605017584
26491,0.054873871093654845,0.1120046990664327,0.8331214298399124
26492,0.08241574341134579,0.18450187402367818,0.7330823825649758
26493,0.20090685603371888,0.7957492995322439,0.0033438444340373294
26494,0.2021242719868701,0.2272340902219728,0.5706416377911572
26495,0.03639436654405724,0.11056499872843197,0.8530406347275106
26496,0.06598824321006422,0.20413079577736937,0.7298809610125666
26497,0.05268143239199433,0.846668352024813,0.10065021558319268
26498,0.1795808689027188,0.43770017760920904,0.3827189534880721
26499,0.07533426158094227,0.1291514693577766,0.795514269061281
26500,0.08342020219752025,0.37381102373961345,0.5427687740628663
26501,0.07404335646827785,0.23463832425222056,0.6913183192795015
26502,0.011890312790636315,0.04952289328994294,0.9385867939194206
26503,0.179159704558071,0.5925594709172393,0.22828082452468962
26504,0.01633227443278568,0.05683992412468348,0.9268278014425309
26505,0.061351351040909344,0.039687501298129535,0.8989611476609609
26506,0.10223612975473499,0.873378410397568,0.024385459847696907
26507,0.1258388860931786,0.864568049833099,0.00959306407372244
26508,0.13610299725986866,0.3157478113047687,0.5481491914353626
26509,0.11379550402909935,0.17611705525361182,0.7100874407172888
26510,0.058592236047924635,0.18435429337296927,0.7570534705791061
26511,0.03963915261812347,0.07014641989881232,0.8902144274830645
26512,0.8306922847826506,0.07090432244840994,0.09840339276893943
26513,0.04747648521085002,0.19444096066512384,0.7580825541240261
26514,0.03091333228551655,0.05708726484210893,0.9119994028723746
26515,0.47444446308380206,0.04224916410886752,0.48330637280733024
26516,0.04310362496043844,0.2683119314089904,0.6885844436305711
26517,0.28346341531300473,0.6975908568959868,0.018945727791008563
26518,0.08302739426419428,0.09696442317271221,0.8200081825630933
26519,0.40079392689536436,0.10434383063802205,0.4948622424666134
26520,0.02369495712685763,0.7874419625318265,0.1888630803413159
26521,0.09116065188728273,0.21443844354248026,0.694400904570237
26522,0.08851284981233153,0.08262972879601738,0.8288574213916509
26523,0.13505472170714936,0.2750756268433478,0.5898696514495027
26524,0.0076640513483930755,0.1159513892973737,0.8763845593542332
26525,0.3304203283529154,0.2087435000039019,0.46083617164318275
26526,0.06029841522076506,0.10857437126039156,0.8311272135188436
26527,0.05710613770350192,0.0901584815072116,0.8527353807892865
26528,0.2103233740566326,0.7605422962452558,0.02913432969811151
26529,0.36992099097230385,0.06045291197629397,0.5696260970514022
26530,0.04212845467511286,0.060934885067643864,0.8969366602572435
26531,0.016196279464328195,0.11096536725387032,0.8728383532818013
26532,0.12397996052915217,0.12785608462370776,0.7481639548471399
26533,0.014104549933864898,0.12585337907476418,0.8600420709913711
26534,0.05474543909230962,0.1766778419794783,0.7685767189282121
26535,0.02392743915076163,0.09560226995473807,0.8804702908945002
26536,0.23064438576861274,0.3792594657309147,0.3900961485004725
26537,0.02825858277354382,0.03767292319639639,0.9340684940300595
26538,0.027862054228689828,0.45096963702009984,0.5211683087512105
26539,0.02763981437047115,0.17108649358357686,0.8012736920459517
26540,0.09059880923287798,0.41754103278142835,0.49186015798569366
26541,0.09215210446236675,0.147305633688627,0.7605422618490063
26542,0.0710278991719949,0.20990999804213858,0.7190621027858666
26543,0.009130883079613326,0.04498579535556842,0.945883321564818
26544,0.026067453468945245,0.09966363628346445,0.8742689102475905
26545,0.07849866164625685,0.3095517569519342,0.6119495814018088
26546,0.10110660942121719,0.13893371895355353,0.7599596716252294
26547,0.04062494785717677,0.07864252676686577,0.8807325253759575
26548,0.0847018727875492,0.04452023351530409,0.870777893697147
26549,0.17524486249276527,0.8176825879724569,0.007072549534777823
26550,0.061719494841679906,0.2483816016515505,0.6898989035067696
26551,0.057278158128837145,0.1946442202613012,0.7480776216098618
26552,0.019371442545048606,0.2136873736294654,0.7669411838254858
26553,0.008185028493208757,0.06539805536649741,0.9264169161402939
26554,0.07390634654373159,0.3621566850066069,0.5639369684496615
26555,0.03732495690906175,0.07943849177176773,0.8832365513191703
26556,0.06260319203177313,0.2143765877299308,0.7230202202382962
26557,0.00365858575952305,0.011499852169756597,0.9848415620707204
26558,0.4236383566032906,0.18386971788099754,0.3924919255157118
26559,0.4019590248461892,0.11695912813369799,0.481081847020113
26560,0.08131397344217552,0.24941237056739132,0.6692736559904331
26561,0.08106102555186225,0.22715962549410731,0.6917793489540304
26562,0.06966391875084212,0.08101328417825183,0.8493227970709059
26563,0.020925905068855877,0.11745106245669111,0.8616230324744529
26564,0.05393980855526155,0.1308053106133321,0.8152548808314064
26565,0.09475821052299659,0.2667542729709023,0.6384875165061011
26566,0.17291965683162439,0.12681675186202837,0.7002635913063473
26567,0.04774140525458358,0.2107519792080413,0.7415066155373751
26568,0.5014456935049845,0.46827687079075675,0.03027743570425881
26569,0.03338931385967308,0.1323555455518082,0.8342551405885187
26570,0.18896430987333976,0.2536575926647026,0.5573780974619578
26571,0.03576353780770752,0.06188184511105276,0.9023546170812398
26572,0.08402077037728799,0.2966819290793454,0.6192973005433666
26573,0.04526249514169881,0.24475016021178425,0.709987344646517
26574,0.247656984691146,0.1278666619895521,0.6244763533193021
26575,0.1388704710048155,0.13515730387578245,0.7259722251194021
26576,0.06444643872861197,0.05060985356845548,0.8849437077029326
26577,0.052428606310806494,0.06798573947424903,0.8795856542149447
26578,0.1936589459477951,0.26237374059418883,0.5439673134580161
26579,0.0853066661500268,0.908765867046619,0.0059274668033544335
26580,0.0025838945346927235,0.007398063246177656,0.9900180422191297
26581,0.07222871158830006,0.12918567036168932,0.7985856180500106
26582,0.015047806132264892,0.07731517231335625,0.9076370215543789
26583,0.1562278313538691,0.1906412982322963,0.6531308704138344
26584,0.06613606567575099,0.15676362345164693,0.7771003108726021
26585,0.14066821926500803,0.3322663626052736,0.5270654181297184
26586,0.30826937668963333,0.3466811391802634,0.3450494841301032
26587,0.2577652257398868,0.41652120938429016,0.32571356487582304
26588,0.08266283980616192,0.23508851170574413,0.6822486484880939
26589,0.15530033763527581,0.10935018219613049,0.7353494801685939
26590,0.08355775093754389,0.5496278940144891,0.36681435504796706
26591,0.24128887684150796,0.7466819707899286,0.012029152368563376
26592,0.33763768047864245,0.14935844431896428,0.5130038752023932
26593,0.057039312210523094,0.1388353624261825,0.8041253253632946
26594,0.19838199805962178,0.11340228559847675,0.6882157163419016
26595,0.024806416940285302,0.10611460104501078,0.8690789820147039
26596,0.1055251043652813,0.23173626505441283,0.6627386305803058
26597,0.21333415131694047,0.340875697102241,0.44579015158081853
26598,0.15521022025387643,0.22959465092536221,0.6151951288207614
26599,0.040097954807505366,0.07043925369702927,0.8894627914954654
26600,0.056392254575709344,0.14439634672810264,0.799211398696188
26601,0.10960172305614582,0.19956228101768084,0.6908359959261734
26602,0.11856175496355482,0.15501907281776453,0.7264191722186805
26603,0.12518502292131906,0.08113371001347847,0.7936812670652027
26604,0.05462639825513069,0.1160578370858355,0.8293157646590338
26605,0.09271586871771753,0.1992675325344249,0.7080165987478576
26606,0.2410269394702266,0.2207697172113163,0.5382033433184571
26607,0.09456158684864568,0.8718284180628938,0.03360999508846062
26608,0.022843044441470905,0.1061435038992686,0.8710134516592605
26609,0.052678288879707394,0.17586496573221527,0.7714567453880774
26610,0.5019070556402158,0.43289447561108674,0.06519846874869746
26611,0.10120528951625021,0.24962691998682598,0.6491677904969237
26612,0.07776627804203025,0.31976181102965606,0.6024719109283138
26613,0.10384774667549286,0.16499640889898326,0.7311558444255241
26614,0.0749516794937711,0.12481833568563204,0.8002299848205968
26615,0.0034622225491453907,0.022570622078148715,0.9739671553727057
26616,0.09417827741189176,0.14207593681361305,0.7637457857744954
26617,0.2580560784977616,0.1777068392245992,0.5642370822776392
26618,0.10664980178882086,0.21376155675338285,0.6795886414577964
26619,0.17765330620590733,0.25429547841663497,0.5680512153774576
26620,0.3802051913925116,0.5922582487354772,0.02753655987201107
26621,0.0631186884995046,0.10948266163640878,0.8273986498640866
26622,0.13141164118877244,0.3220936680263006,0.546494690784927
26623,0.034108692747006605,0.5639033975728921,0.4019879096801012
26624,0.08537606448028046,0.18729321775460941,0.7273307177651102
26625,0.23026566904743523,0.19892679710357183,0.570807533848993
26626,0.17027793432122795,0.09372286949720877,0.7359991961815634
26627,0.07953857157451616,0.17222652559148252,0.7482349028340013
26628,0.11203372507225638,0.224618466057178,0.6633478088705657
26629,0.03497886056097312,0.052233907598966,0.9127872318400609
26630,0.08327321308056183,0.21032816954947423,0.7063986173699639
26631,0.050845743861885395,0.10562592894095184,0.8435283271971628
26632,0.44675347957468536,0.09866414372363119,0.45458237670168344
26633,0.04237173983267899,0.22129251222591734,0.7363357479414036
26634,0.12563420409520457,0.09305501744922591,0.7813107784555696
26635,0.02569813739425517,0.1540560365883684,0.8202458260173764
26636,0.04973419516177387,0.161813085510759,0.7884527193274672
26637,0.0218172769565136,0.08104595916608592,0.8971367638774004
26638,0.06858212993815072,0.6750301284320008,0.25638774162984845
26639,0.20587994534866225,0.210495802048068,0.5836242526032698
26640,0.09269496112596273,0.16585181154870027,0.741453227325337
26641,0.19872230572078778,0.6007577888422667,0.20051990543694553
26642,0.028223650043260516,0.06439844925230534,0.9073779007044342
26643,0.07578026605750084,0.11653309728550018,0.8076866366569988
26644,0.001562334553568087,0.009334559860517714,0.9891031055859141
26645,0.07639153162715284,0.09796181963769436,0.8256466487351529
26646,0.5458399761769992,0.22957756759629075,0.2245824562267102
26647,0.09942915558686138,0.13655164016356736,0.7640192042495713
26648,0.045651457545279106,0.41917787156370123,0.5351706708910197
26649,0.03367432456744452,0.11359327574057222,0.8527323996919832
26650,0.41467014760749665,0.5024085334256614,0.08292131896684199
26651,0.22955229556038456,0.7256515349059611,0.044796169533654596
26652,0.2563879745506482,0.1373159516374402,0.6062960738119115
26653,0.25349064045686065,0.16099179872397842,0.585517560819161
26654,0.1103713975701137,0.38206284553522635,0.5075657568946599
26655,0.07913229268396225,0.2644271769725853,0.6564405303434525
26656,0.12247555195619632,0.23778288971978234,0.6397415583240214
26657,0.04543407986370703,0.12347328941161594,0.8310926307246768
26658,0.0809604831924903,0.16823295355121767,0.7508065632562918
26659,0.14496191113350013,0.33292996009025333,0.5221081287762465
26660,0.005616713231849699,0.08930355066505538,0.9050797361030947
26661,0.15058952458657546,0.07456698395497285,0.7748434914584518
26662,0.026355981398808122,0.2230529425027148,0.7505910760984772
26663,0.09348806205290532,0.11419141125779037,0.7923205266893044
26664,0.11445897654444057,0.31230862914655166,0.573232394309008
26665,0.12855696238744826,0.1567485272991142,0.7146945103134376
26666,0.08427963882783453,0.6789598456706685,0.23676051550149702
26667,0.03796689801796782,0.053188432467926615,0.9088446695141055
26668,0.10101782007147374,0.5656141310059726,0.3333680489225537
26669,0.07738051432255676,0.30209261678879906,0.6205268688886442
26670,0.34776420757269155,0.23064237219034953,0.4215934202369591
26671,0.22362366366451242,0.07215463594964341,0.7042217003858443
26672,0.10033718655851721,0.09498668217955933,0.8046761312619235
26673,0.1478791086820433,0.1883283813333467,0.6637925099846101
26674,0.3908868956566944,0.07345256178342444,0.5356605425598812
26675,0.03230975062351432,0.09376556444801441,0.8739246849284712
26676,0.0509123286180935,0.1509352685529372,0.7981524028289695
26677,0.003753470328995044,0.018339241879218898,0.9779072877917862
26678,0.084432531216435,0.21459443809244422,0.7009730306911208
26679,0.17337098832204326,0.16646493285632705,0.6601640788216299
26680,0.011936642907177615,0.04985417983910267,0.9382091772537197
26681,0.007017308521021794,0.05638157982041424,0.9366011116585639
26682,0.1421575506472118,0.1937402597823897,0.6641021895703986
26683,0.0916534918021612,0.37060563814988257,0.5377408700479562
26684,0.040685019380935314,0.16743681776988253,0.7918781628491821
26685,0.2437149124769691,0.22779498282613264,0.5284901046968984
26686,0.05913955317579429,0.21693609501938702,0.7239243518048187
26687,0.12209502186324317,0.12789679714197047,0.7500081809947864
26688,0.33531493627229264,0.556682907633026,0.10800215609468154
26689,0.11178382170980164,0.1746157130667769,0.7136004652234214
26690,0.055556037344336964,0.11799469179952204,0.826449270856141
26691,0.07237605736124082,0.09957719626620676,0.8280467463725524
26692,0.030314860942364522,0.38468567562432915,0.5849994634333064
26693,0.5203339291217833,0.07943480487922384,0.4002312659989929
26694,0.6126631376085948,0.3746866671082037,0.012650195283201597
26695,0.011459641027504647,0.023914087131994152,0.9646262718405011
26696,0.12655026934509853,0.10755969030487887,0.7658900403500226
26697,0.005110883797491614,0.015496131046966108,0.9793929851555423
26698,0.06927028485941189,0.0750283603556156,0.8557013547849727
26699,0.1017686288668876,0.33976508219859197,0.5584662889345203
26700,0.011218781538398637,0.19999862241861815,0.7887825960429832
26701,0.10050782474088704,0.4835334882859823,0.4159586869731306
26702,0.058534472986046755,0.4753108993938111,0.4661546276201421
26703,0.07800235327047872,0.150677509271663,0.7713201374578583
26704,0.05265317233705958,0.07307543922837474,0.8742713884345655
26705,0.05676627149707161,0.09229746955897732,0.8509362589439512
26706,0.08842638632266385,0.15548435763533391,0.7560892560420022
26707,0.4273792561633667,0.1339107681094483,0.43870997572718495
26708,0.20825879493395763,0.21713755644817412,0.5746036486178684
26709,0.03644951454017338,0.04926829254062781,0.9142821929191989
26710,0.09296909588393933,0.14876564870662404,0.7582652554094367
26711,0.373526745872905,0.09514363358478901,0.5313296205423059
26712,0.10523065992767293,0.24304779563416576,0.6517215444381614
26713,0.15462925821413775,0.5622971456920595,0.2830735960938027
26714,0.06514153938481054,0.15305333233507182,0.7818051282801177
26715,0.016632060976544207,0.19913057326341999,0.7842373657600356
26716,0.07995190701416738,0.725345200251881,0.1947028927339516
26717,0.01399872662738336,0.26059363439095157,0.725407638981665
26718,0.07545158550363296,0.25669130666222895,0.6678571078341379
26719,0.12621834787778516,0.26018215373090237,0.6135994983913124
26720,0.07225372954993677,0.1790332384202436,0.7487130320298196
26721,0.08636361636796319,0.33151170756493537,0.5821246760671014
26722,0.13208828825646543,0.14527934360944475,0.7226323681340897
26723,0.11292136530372728,0.13263408683249162,0.7544445478637812
26724,0.08393638436106766,0.47501151053377555,0.44105210510515674
26725,0.03406420219190938,0.2641847832807844,0.7017510145273064
26726,0.1801137883531739,0.30567596160483934,0.5142102500419867
26727,0.03451679798392655,0.06729626558663075,0.8981869364294425
26728,0.07820170897897681,0.12097449818938984,0.8008237928316333
26729,0.141822993029979,0.2679076230179966,0.5902693839520244
26730,0.29284240364337977,0.5118215919652369,0.19533600439138332
26731,0.08401536601132324,0.19076374997347867,0.725220884015198
26732,0.2854400504525179,0.6990819937626626,0.015477955784819532
26733,0.043233610577208106,0.10493728068267262,0.8518291087401191
26734,0.03887094910810627,0.22509678498543265,0.736032265906461
26735,0.07267795721493191,0.12351741319302739,0.8038046295920409
26736,0.1151729389452785,0.14724188964788681,0.7375851714068347
26737,0.09120665445739393,0.2513023970497982,0.6574909484928078
26738,0.07875915163055079,0.1445152510230923,0.7767255973463569
26739,0.4707696730557143,0.061014166397216574,0.46821616054706894
26740,0.0014900373288251035,0.004416039423278655,0.9940939232478965
26741,0.19898628324633302,0.7657784995086141,0.035235217245052866
26742,0.047972083845172354,0.14594312358718106,0.8060847925676468
26743,0.16128623871706105,0.17509751160916479,0.6636162496737742
26744,0.11855539484867635,0.31603384468654616,0.5654107604647775
26745,0.05837329284372005,0.13792317926052453,0.8037035278957554
26746,0.14804605319542113,0.17389216175100594,0.6780617850535727
26747,0.06031944854074036,0.4521520087252983,0.48752854273396135
26748,0.2031053074222509,0.3978073162642753,0.39908737631347396
26749,0.10746698760840064,0.26342344811324436,0.629109564278355
26750,0.04737157455397038,0.07831941224022039,0.8743090132058093
26751,0.0018325717491866555,0.016398445896804895,0.9817689823540087
26752,0.050522528117604,0.634050082571192,0.31542738931120406
26753,0.08025461950765958,0.09235679266667655,0.8273885878256637
26754,0.08911539797682896,0.05785857284597812,0.8530260291771927
26755,0.019324570931998436,0.0624732434135037,0.918202185654498
26756,0.10689396849219031,0.08684429238093347,0.8062617391268762
26757,0.1014098854648543,0.10293355232965308,0.7956565622054927
26758,0.06466091284918027,0.32260171988909037,0.6127373672617294
26759,0.05349691337793648,0.1687373208860619,0.7777657657360014
26760,0.11031912252197737,0.2013530793306447,0.6883277981473779
26761,0.05278728199386874,0.19297663609055873,0.7542360819155725
26762,0.11405755201585334,0.1442752683719332,0.7416671796122137
26763,0.05361879965374383,0.1308435906741829,0.8155376096720732
26764,0.11834995165939649,0.17309697349349798,0.7085530748471054
26765,0.0038645923002789484,0.007732096313158715,0.9884033113865626
26766,0.08050190172198951,0.36401105908442905,0.5554870391935814
26767,0.11197129281826888,0.237021287339402,0.6510074198423291
26768,0.040211002164885504,0.9496481944241203,0.010140803410994272
26769,0.17130137698931833,0.3046985459559253,0.5240000770547564
26770,0.05920064820964015,0.2520118661291667,0.688787485661193
26771,0.15132000421548833,0.8093551579319872,0.03932483785252447
26772,0.7300733192577656,0.05073243863301866,0.2191942421092157
26773,0.0037595218742691046,0.007442392691683139,0.988798085434048
26774,0.5664725165194334,0.05093720908187731,0.38259027439868926
26775,0.050098173018988564,0.25647170451576123,0.6934301224652504
26776,0.07598902451330472,0.16599821742047965,0.7580127580662157
26777,0.0275849861071354,0.07355372843428298,0.8988612854585817
26778,0.07903361046330194,0.10062738057209368,0.8203390089646042
26779,0.05904612351290129,0.11539715780601521,0.8255567186810836
26780,0.012102020816314684,0.09942707694704704,0.8884709022366382
26781,0.029331715163585535,0.11146567952547354,0.8592026053109411
26782,0.019070630679249273,0.04683558119923418,0.9340937881215166
26783,0.15027599255586704,0.350248429930324,0.4994755775138091
26784,0.11624113675959977,0.58943083750325,0.2943280257371504
26785,0.06106467341659255,0.20771564714418964,0.7312196794392178
26786,0.4956824322103678,0.062140188647395934,0.44217737914223654
26787,0.008130916078318791,0.025492055976773967,0.9663770279449074
26788,0.14551504358435166,0.19057127034713567,0.6639136860685125
26789,0.20831618413856934,0.29407956803014623,0.49760424783128443
26790,0.012435231902776343,0.07057493268552836,0.9169898354116954
26791,0.02287101616962012,0.10716664209776633,0.8699623417326137
26792,0.1959355770957458,0.15062039481784842,0.6534440280864056
26793,0.07324310726948742,0.17028396320309583,0.7564729295274167
26794,0.03558449329756567,0.15510304349758136,0.8093124632048531
26795,0.16946782725517603,0.21484693312622513,0.6156852396185988
26796,0.038303813771582644,0.9599699815119381,0.0017262047164792373
26797,0.007107385558141055,0.2281687084432701,0.7647239059985887
26798,0.3823983070227478,0.11479943813806706,0.5028022548391852
26799,0.13148890441477204,0.14895769064855152,0.7195534049366765
26800,0.019858635926925442,0.9717218416816663,0.008419522391408365
26801,0.08949035921384585,0.5686068154986823,0.3419028252874719
26802,0.08905899067134045,0.10890027548746818,0.8020407338411913
26803,0.08375319658543447,0.13400737722167613,0.7822394261928894
26804,0.0405770535479542,0.10106976179747618,0.8583531846545697
26805,0.0005398497221050874,0.03463063138039752,0.9648295188974972
26806,0.0763845762306149,0.14650772227157552,0.7771077014978097
26807,0.09443701191151006,0.16208634244068648,0.7434766456478034
26808,0.07894078061988312,0.18105652740447808,0.7400026919756388
26809,0.06291333172280326,0.26093034393410103,0.6761563243430957
26810,0.027388893887690308,0.277999548006027,0.6946115581062826
26811,0.029948483246278437,0.04686583773522831,0.9231856790184934
26812,0.11961634023175731,0.13154366169135426,0.7488399980768883
26813,0.0709001987371015,0.3977183826182827,0.5313814186446159
26814,0.14572030711834985,0.13018999383864158,0.7240896990430086
26815,0.0849077775257816,0.15166481439967552,0.763427408074543
26816,0.034091554816923254,0.3846602547804674,0.5812481904026093
26817,0.08072631220069716,0.040636829629557863,0.8786368581697449
26818,0.14255872882127302,0.07078580262501863,0.7866554685537084
26819,0.09939579725998791,0.2864715797207469,0.6141326230192652
26820,0.1064957099706345,0.8851209000207526,0.008383390008612898
26821,0.13118203557574165,0.8613249039340672,0.007493060490191085
26822,0.15999111126156546,0.20567870000904612,0.6343301887293885
26823,0.0029704712816314956,0.010821155395720174,0.9862083733226484
26824,0.1300583064094246,0.07017536975405757,0.7997663238365177
26825,0.07828969783442334,0.05677420935736759,0.864936092808209
26826,0.09172335573670613,0.1219626731084958,0.7863139711547981
26827,0.08720079406903554,0.10784955690535028,0.8049496490256142
26828,0.005458166614752149,0.25918598900706036,0.7353558443781875
26829,0.03023570677814591,0.14937687319938914,0.8203874200224649
26830,0.0027087317472984733,0.05623005075243946,0.941061217500262
26831,0.03902274850591577,0.08365148413998098,0.8773257673541031
26832,0.026003322346776048,0.052047979431509156,0.9219486982217147
26833,0.041501519686165576,0.11731461886591134,0.8411838614479232
26834,0.06940077676998088,0.13685812412849305,0.7937410991015261
26835,0.6354844464358108,0.10744351148490215,0.25707204207928713
26836,0.2154876516496213,0.44417304264996327,0.34033930570041526
26837,0.04570047994601261,0.03287750419032152,0.9214220158636661
26838,0.09167342597059198,0.3487731827426209,0.559553391286787
26839,0.8755316484678588,0.018440872871782806,0.1060274786603583
26840,0.0029633467540909775,0.037855601199163216,0.9591810520467456
26841,0.040929620185918315,0.06058627752616205,0.8984841022879195
26842,0.07057201011177465,0.20236575194399894,0.7270622379442264
26843,0.11288643052862728,0.07047525086246006,0.8166383186089129
26844,0.17929142342419202,0.3768761735300886,0.44383240304571947
26845,0.46996763282869164,0.050422680291895394,0.4796096868794128
26846,0.053341791058824875,0.09842680594779474,0.8482314029933806
26847,0.9068960587115558,0.051110991925402686,0.0419929493630415
26848,0.08344842942624488,0.07194626457369192,0.844605306000063
26849,0.1655396269991957,0.10933043898622753,0.7251299340145768
26850,0.07655873495035755,0.3281767448895367,0.5952645201601058
26851,0.10145025674518847,0.19025755143262627,0.7082921918221854
26852,0.21017576904784632,0.7481009685000986,0.04172326245205512
26853,0.11002539792948234,0.07045288160704788,0.81952172046347
26854,0.033235418628654735,0.9639785872291793,0.0027859941421659006
26855,0.07752011827780206,0.34380643015866125,0.5786734515635366
26856,0.07364788973941926,0.08714845735533525,0.8392036529052457
26857,0.11563194442451911,0.26363725333802024,0.6207308022374606
26858,0.13615507671857158,0.6361763100035543,0.22766861327787413
26859,0.06943013634858214,0.5960131424232717,0.33455672122814606
26860,0.02631435068769065,0.3913303976325862,0.582355251679723
26861,0.12313567453111386,0.2613118303576135,0.6155524951112725
26862,0.08199238947863505,0.41739006986443966,0.5006175406569253
26863,0.050287908587523834,0.10515570432333962,0.8445563870891365
26864,0.048621223682181476,0.30070815197385975,0.6506706243439588
26865,0.03603155583179212,0.12288685595703894,0.8410815882111689
26866,0.031839315361580016,0.13239169024399333,0.8357689943944265
26867,0.04605339561884026,0.07786435440776857,0.8760822499733913
26868,0.02360164923779283,0.12988504472331303,0.8465133060388941
26869,0.016475349564113825,0.030314716707844618,0.9532099337280414
26870,0.032310529783571226,0.828991780200564,0.13869769001586466
26871,0.11000539508353122,0.12141003373980805,0.7685845711766608
26872,0.0881264013243746,0.262858828800589,0.6490147698750365
26873,0.01974376003455882,0.06223605765732743,0.9180201823081139
26874,0.12844030648048466,0.317646448592648,0.5539132449268674
26875,0.04721685410907808,0.2722208745107883,0.6805622713801336
26876,0.04737737205207262,0.0890536926652372,0.8635689352826902
26877,0.028078120110528165,0.09077775632882974,0.881144123560642
26878,0.8796559043548622,0.06764657312073066,0.052697522524407146
26879,0.09827069135484741,0.19380819263148788,0.7079211160136647
26880,0.3701802565070005,0.05166334452631522,0.5781563989666845
26881,0.0885286813812739,0.1807686029721971,0.7307027156465292
26882,0.3689268190344733,0.10780726230192926,0.5232659186635975
26883,0.05443967610201618,0.07979901723909276,0.8657613066588911
26884,0.08322473995782195,0.4228336140316454,0.4939416460105325
26885,0.1987023228318052,0.2119970461189674,0.5893006310492274
26886,0.06392898709162864,0.1307840998431715,0.8052869130652
26887,0.026034346162533587,0.0693458415694151,0.9046198122680513
26888,0.1563653382329952,0.20844995576479608,0.6351847060022087
26889,0.026832923485778853,0.1451336947833074,0.8280333817309137
26890,0.0027959109694792013,0.07739409676842628,0.9198099922620946
26891,0.07232757149820651,0.3190084665491913,0.6086639619526022
26892,0.04443585922974096,0.18682505011733497,0.768739090652924
26893,0.06413048345881765,0.08123509234166733,0.8546344241995152
26894,0.10780204720700237,0.08588604600476973,0.8063119067882277
26895,0.12461989409164555,0.3285426080435654,0.5468374978647892
26896,0.07128073796373771,0.23737613062769072,0.6913431314085713
26897,0.0748085173106503,0.19549672220259545,0.7296947604867543
26898,0.058340221208436335,0.14272467443750772,0.798935104354056
26899,0.05766482415773079,0.1300115383201595,0.8123236375221098
26900,0.06730227996271262,0.2127188000831817,0.7199789199541058
26901,0.06176611459667939,0.24657202651152096,0.6916618588917999
26902,0.001852233873506526,0.004662158493633,0.9934856076328605
26903,0.13776871911072816,0.33408039435531917,0.5281508865339525
26904,0.6044595492055251,0.3803651776072251,0.015175273187249861
26905,0.005052272569137641,0.02383414139863083,0.9711135860322314
26906,0.025363846350774686,0.03795924438946126,0.936676909259764
26907,0.2139520168797347,0.1011081628278796,0.6849398202923858
26908,0.11724994201503211,0.19517534288981864,0.6875747150951493
26909,0.04597879609949909,0.5434063629304238,0.41061484097007706
26910,0.04031273092979742,0.1446512771848163,0.8150359918853864
26911,0.006448897851105916,0.023951091760934743,0.9696000103879594
26912,0.0017487832930941167,0.014881672513341944,0.9833695441935641
26913,0.18153327265722605,0.1753628181466904,0.6431039091960836
26914,0.0774492052793633,0.2169594929925,0.7055913017281368
26915,0.13707518030756183,0.17184383761015723,0.691080982082281
26916,0.10623638744961107,0.888045640027019,0.005717972523369836
26917,0.046401791243238,0.1301394760691302,0.8234587326876317
26918,0.07167949027634775,0.12240132281273204,0.8059191869109202
26919,0.43653257108153515,0.18866884115719476,0.3747985877612702
26920,0.14710531849731573,0.40594196868989607,0.44695271281278814
26921,0.011058497340310539,0.7128304010104046,0.27611110164928493
26922,0.041530544354059874,0.34631227708871437,0.6121571785572256
26923,0.04404633320147467,0.07399679006343289,0.8819568767350924
26924,0.11441758356404526,0.11915423376709323,0.7664281826688615
26925,0.09747753046736503,0.070734322579136,0.8317881469534988
26926,0.43901038456776187,0.5036387590004066,0.05735085643183169
26927,0.05797366462520044,0.1274570408408395,0.8145692945339603
26928,0.058802105860865164,0.9312468523046324,0.009951041834502317
26929,0.0342138937063486,0.14782565067884282,0.8179604556148085
26930,0.050172256697510645,0.4685354218600971,0.4812923214423922
26931,0.20825759370647443,0.7791330842838525,0.012609322009673308
26932,0.0632841936942333,0.6137386120519617,0.32297719425380506
26933,0.9179427652564915,0.041020858610797316,0.04103637613271099
26934,0.008441781032489427,0.01812239324734496,0.9734358257201655
26935,0.033724526627155645,0.16174430247312221,0.8045311708997221
26936,0.08176415317439875,0.07241018908554459,0.8458256577400568
26937,0.09424978051916795,0.3408734181389036,0.5648768013419285
26938,0.10981896199266798,0.878080628093262,0.012100409914069837
26939,0.5562958948699575,0.42141086837536973,0.02229323675467275
26940,0.05327997100496922,0.09573172653336358,0.850988302461667
26941,0.10509694999766066,0.21177419898084454,0.6831288510214948
26942,0.31818192398030404,0.2235466993548994,0.4582713766647966
26943,0.0294080943527021,0.3326894563419465,0.6379024493053513
26944,0.002246178498473385,0.007955797430166832,0.9897980240713597
26945,0.1743615764243959,0.44209997921294075,0.3835384443626634
26946,0.2111323887151598,0.10215386898804708,0.6867137422967932
26947,0.07767530704353347,0.4850627829952003,0.4372619099612663
26948,0.09616849934953894,0.2877658746974184,0.6160656259530427
26949,0.4105656735853967,0.14342774013957915,0.44600658627502415
26950,0.18365768361370105,0.19090932562078944,0.6254329907655094
26951,0.41269394820237004,0.3506177482909923,0.23668830350663758
26952,0.09618943143668979,0.3358631701386847,0.5679473984246254
26953,0.08717101235144595,0.025595585770842175,0.887233401877712
26954,0.003864180650763868,0.06069778069231509,0.9354380386569209
26955,0.04703623398176523,0.5389105286518686,0.41405323736636607
26956,0.21342743988722743,0.23767566781748112,0.5488968922952915
26957,0.6752848479665536,0.09008914480163564,0.23462600723181062
26958,0.1916192483152237,0.1652182706542766,0.6431624810304996
26959,0.04195224805161447,0.22249758110242376,0.7355501708459617
26960,0.02074523796195457,0.0693117392190867,0.9099430228189588
26961,0.03861066553025013,0.09882987998120812,0.8625594544885418
26962,0.04946191031458313,0.6084487769611329,0.3420893127242841
26963,0.5203339291217833,0.07943480487922384,0.4002312659989929
26964,0.1873347873857454,0.0974866117720736,0.715178600842181
26965,0.10851870363607956,0.3946257909919881,0.4968555053719324
26966,0.07128073796373771,0.23737613062769072,0.6913431314085713
26967,0.05457075978371301,0.1328024715277323,0.8126267686885547
26968,0.1344205686565915,0.10824769075738855,0.75733174058602
26969,0.004519781082419438,0.04502499458669796,0.9504552243308825
26970,0.05464705008179938,0.09466069239975174,0.850692257518449
26971,0.11480845586683477,0.2310731985464665,0.6541183455866987
26972,0.09981881823133519,0.23059402823187292,0.6695871535367918
26973,0.02447501100500703,0.09463280571181108,0.880892183283182
26974,0.0755011071887508,0.05306579164734091,0.8714331011639083
26975,0.07136995762717095,0.05958398412676503,0.8690460582460638
26976,0.1308693202526603,0.8292300868589706,0.03990059288836899
26977,0.03123677555529086,0.11838731298065536,0.8503759114640538
26978,0.04094754034867335,0.16480572479912742,0.7942467348521992
26979,0.006306666654188581,0.04526562167981546,0.948427711665996
26980,0.0285080812626037,0.06985085146869208,0.9016410672687042
26981,0.1556685765793859,0.1918208793304159,0.6525105440901982
26982,0.07624910359129164,0.2053268758065657,0.7184240206021427
26983,0.1096166889955752,0.2313037423260641,0.6590795686783606
26984,0.024665117365543245,0.09893912098784687,0.8763957616466098
26985,0.19173113314794496,0.19406246044399997,0.6142064064080551
26986,0.04728474189196362,0.053716124553517,0.8989991335545193
26987,0.1198519342331546,0.3231434892297621,0.5570045765370836
26988,0.14351410759275202,0.42368415738178183,0.4328017350254662
26989,0.10606508280107127,0.2624575923079446,0.6314773248909841
26990,0.04686543262648348,0.14386114830381916,0.8092734190696973
26991,0.061889054908941026,0.07142247867410631,0.8666884664169526
26992,0.10866066134536868,0.42691151682363054,0.46442782183100084
26993,0.08911683965652396,0.19351980856050482,0.7173633517829711
26994,0.004696895720844673,0.02444342305862073,0.9708596812205347
26995,0.010647075665854978,0.14348987608813052,0.8458630482460147
26996,0.0013321502388898704,0.022619726630313395,0.9760481231307968
26997,0.2665951538591383,0.4634611226528917,0.2699437234879699
26998,0.23484289467136826,0.13754782277107455,0.6276092825575572
26999,0.362852788299642,0.12327319874099095,0.5138740129593671
27000,0.06514487667158707,0.5221403274215604,0.41271479590685267
27001,0.054916847950093585,0.34144854065291985,0.6036346113969866
27002,0.046719311235371895,0.27984602820491933,0.6734346605597087
27003,0.08943483574644448,0.15384240755976358,0.7567227566937919
27004,0.12230719621767344,0.3120365237360963,0.5656562800462303
27005,0.034671037245905624,0.37996150186706007,0.5853674608870343
27006,0.016721036132340876,0.06850790550088595,0.9147710583667733
27007,0.0733319566959449,0.7767275578114429,0.14994048549261202
27008,0.10914830081609735,0.18343443056861472,0.7074172686152879
27009,0.015008720474875002,0.16710072782669308,0.8178905516984318
27010,0.027496306371287277,0.07406738068131649,0.8984363129473962
27011,0.12207771827211598,0.5069423097814156,0.3709799719464684
27012,0.06288494708385073,0.07309897923676065,0.8640160736793886
27013,0.3081724520899947,0.1104021738945912,0.581425374015414
27014,0.07167624311408292,0.46528556087200906,0.46303819601390805
27015,0.10983006324681543,0.2882891464814068,0.6018807902717779
27016,0.054552421741592146,0.09052132974702795,0.85492624851138
27017,0.003356909528174941,0.011456044969247377,0.9851870455025779
27018,0.05920486770166791,0.18371152416981767,0.7570836081285147
27019,0.08652063325876433,0.12347242236918887,0.7900069443720467
27020,0.031596092144007236,0.32889002566364167,0.6395138821923511
27021,0.0654936972047466,0.3685921928573019,0.5659141099379513
27022,0.04206601966017171,0.2399127639010867,0.7180212164387416
27023,0.08513087808534572,0.44166187567779586,0.4732072462368585
27024,0.06655286809026016,0.2674084625218991,0.6660386693878407
27025,0.2707380594478388,0.07181028442564727,0.657451656126514
27026,0.002004239457370612,0.01825537284043266,0.9797403877021966
27027,0.11226505117690547,0.10879223733887924,0.7789427114842151
27028,0.36592986099678765,0.09033358813560488,0.5437365508676073
27029,0.02189721873402326,0.0876830724911885,0.890419708774788
27030,0.14029162435792933,0.515953289040402,0.3437550866016686
27031,0.5180004780775674,0.22987345654787858,0.25212606537455406
27032,0.3272768639624009,0.10275413589266921,0.5699690001449299
27033,0.021259184882263468,0.059998885835798564,0.918741929281938
27034,0.0015023940512272575,0.005676315619495148,0.9928212903292778
27035,0.6171809515944583,0.11265303190474495,0.2701660165007968
27036,0.033142640181565944,0.0609419702313589,0.9059153895870753
27037,0.1845392046080121,0.15701222896031689,0.6584485664316712
27038,0.08822320731891298,0.07881645073993977,0.8329603419411472
27039,0.19082352428822177,0.14851731807077082,0.6606591576410075
27040,0.12802974520885718,0.09196661580006513,0.7800036389910778
27041,0.01937823852923355,0.027001578513694793,0.9536201829570718
27042,0.38469383485734004,0.5903369619663004,0.02496920317635964
27043,0.0930856433466856,0.14396228345408876,0.7629520731992256
27044,0.0434153395790735,0.193115342511045,0.7634693179098816
27045,0.0792926714083574,0.11944873130363072,0.8012585972880116
27046,0.024858058523702774,0.06943386847028711,0.9057080730060101
27047,0.045940537069617905,0.8908830973265035,0.06317636560387876
27048,0.18678471104513625,0.8087222080154863,0.004493080939377456
27049,0.09033910549554842,0.30760985181259887,0.6020510426918527
27050,0.014679764744164232,0.13147527563549632,0.8538449596203396
27051,0.13154016413143904,0.2023889535630708,0.6660708823054902
27052,0.002246397118600834,0.01727916056011527,0.9804744423212841
27053,0.021029855022875518,0.202434598470985,0.7765355465061393
27054,0.12770173762698486,0.1016274601934504,0.7706708021795647
27055,0.16633443594517097,0.817058315427835,0.016607248626994146
27056,0.31202823450876893,0.6772910929505067,0.010680672540724214
27057,0.047496997507001384,0.22707242942885236,0.7254305730641463
27058,0.11768487160768881,0.09598173146919152,0.7863333969231197
27059,0.01727343024553789,0.04452250667371466,0.9382040630807474
27060,0.0027034845912068204,0.015833965336828393,0.981462550071965
27061,0.43751112575308976,0.0963704181217876,0.4661184561251228
27062,0.17480363529924495,0.10015748879545634,0.7250388759052986
27063,0.04814159523445637,0.06478609125687738,0.8870723135086662
27064,0.017415434543398473,0.016162959620866474,0.9664216058357349
27065,0.12390831956567683,0.7223450383695311,0.15374664206479205
27066,0.043716436469918386,0.05930722357341141,0.8969763399566703
27067,0.08560719895784492,0.19865060201410994,0.7157421990280453
27068,0.3955939656149777,0.14712500455876154,0.4572810298262607
27069,0.0349537899278874,0.05764603250554061,0.907400177566572
27070,0.050786327129772234,0.04536909345610906,0.9038445794141188
27071,0.07310670286121086,0.11319259048915721,0.8137007066496319
27072,0.0837495093800607,0.30501217138102416,0.611238319238915
27073,0.13715378139294912,0.14860501899677347,0.7142411996102773
