index,0,1,2
26457,0.044549212939143844,0.12316462335299075,0.8322861637078653
26458,0.3002978356565734,0.2236105232382716,0.476091641105155
26459,0.06133662438816468,0.11022846792418817,0.828434907687647
26460,0.10520290573984159,0.0923273727038448,0.8024697215563137
26461,0.02821993845206162,0.30243012642116385,0.6693499351267747
26462,0.033092261151898644,0.1497333504941956,0.8171743883539058
26463,0.40843257810036326,0.5781167926221744,0.01345062927746234
26464,0.08515180127030281,0.14711928299345714,0.7677289157362399
26465,0.03304676682821556,0.10957141295508926,0.8573818202166953
26466,0.012042975467024935,0.3503610371693429,0.6375959873636322
26467,0.23404261684702093,0.13914640304803366,0.6268109801049454
26468,0.10795215126137622,0.1301612499366018,0.7618865988020219
26469,0.8575365955066284,0.06214768397036243,0.08031572052300896
26470,0.20240050242115445,0.14724442151422978,0.650355076064616
26471,0.056675256173210176,0.07461116540744911,0.8687135784193408
26472,0.20044268034079277,0.20548246172900828,0.5940748579301989
26473,0.10968864567710046,0.07407150863983408,0.8162398456830654
26474,0.19296957132860146,0.7955950745448653,0.01143535412653316
26475,0.2882468284629711,0.2768123797006566,0.43494079183637235
26476,0.0013927882574010556,0.024033776316572934,0.974573435426026
26477,0.17319702352005747,0.13798075321125855,0.6888222232686839
26478,0.0016361349519426335,0.008082855281500346,0.9902810097665572
26479,0.059427200419168685,0.1609474484461979,0.7796253511346335
26480,0.11692177933183372,0.07768177635621787,0.8053964443119483
26481,0.02748150760175494,0.2013936091589671,0.7711248832392781
26482,0.14436690391713886,0.14234269627825552,0.7132903998046056
26483,0.02953055643091401,0.1594271892560721,0.8110422543130136
26484,0.13477780737556483,0.06053952349922743,0.8046826691252076
26485,0.07671433203680333,0.07838631123228959,0.8448993567309071
26486,0.0810074452837763,0.1574620701103692,0.7615304846058544
26487,0.04687555001003399,0.08467230485401427,0.8684521451359517
26488,0.1600153924775096,0.800681055767663,0.039303551754827304
26489,0.04107907373496407,0.1666867326259685,0.7922341936390673
26490,0.0970888076640676,0.1943626834661231,0.7085485088698092
26491,0.05875537482617872,0.11136942440379186,0.8298752007700297
26492,0.08085032979449912,0.18175818375490888,0.737391486450592
26493,0.2053697377780841,0.7911475122023371,0.0034827500195785833
26494,0.21019265358611702,0.2256884126514994,0.5641189337623838
26495,0.03634083592281589,0.11492628958667041,0.8487328744905139
26496,0.07132988712738159,0.20326519779624935,0.7254049150763692
26497,0.05495713226801065,0.8417112773355515,0.10333159039643781
26498,0.179299968406132,0.44142473808058436,0.37927529351328365
26499,0.074269754187337,0.12756087936401964,0.7981693664486434
26500,0.08136581109063495,0.374108707315377,0.544525481593988
26501,0.07780013433070677,0.23117387688053503,0.6910259887887582
26502,0.011572621182993839,0.05176792848701706,0.9366594503299889
26503,0.1776154247240559,0.5815715663313044,0.24081300894463978
26504,0.016550720192458245,0.05741101654412782,0.9260382632634138
26505,0.05889932930463083,0.03703411051854409,0.904066560176825
26506,0.09983137072092697,0.8754090964645195,0.024759532814553627
26507,0.12946247280556591,0.8606095658348132,0.00992796135962086
26508,0.13423738978035574,0.3149468020951416,0.5508158081245027
26509,0.11071535409960816,0.1741898396053983,0.7150948062949933
26510,0.059894098506466785,0.1845130355267884,0.755592865966745
26511,0.039545415255587454,0.06851527391715619,0.8919393108272564
26512,0.8366705121737202,0.06906883959637793,0.09426064822990182
26513,0.04823568669709771,0.1933161631793082,0.7584481501235939
26514,0.03253653066409131,0.05704014018606731,0.9104233291498415
26515,0.4756332628712718,0.04059679773128276,0.48376993939744545
26516,0.0441766228229095,0.27384474762680394,0.6819786295502867
26517,0.2870988472003101,0.6927444128807564,0.02015673991893354
26518,0.08336767136142387,0.09872881189065895,0.8179035167479171
26519,0.3967150076577927,0.10279336792280247,0.5004916244194048
26520,0.023525349759142066,0.7860031500500172,0.19047150019084064
26521,0.09142341558846591,0.21220346618525288,0.6963731182262811
26522,0.08475750517885677,0.08425494617206064,0.8309875486490825
26523,0.14242496675734853,0.28053329498359697,0.5770417382590545
26524,0.007567920510769372,0.11594909795215123,0.8764829815370796
26525,0.3202807188246945,0.20876677348598655,0.47095250768931907
26526,0.060131853038894824,0.10943128527841976,0.8304368616826855
26527,0.057378423569293284,0.08853835509455678,0.8540832213361499
26528,0.21138952888092233,0.7594020501037765,0.029208421015301255
26529,0.3708462976294416,0.06282205623677363,0.5663316461337847
26530,0.04047533304547513,0.06672252336519428,0.8928021435893305
26531,0.016526258915890202,0.11185710918217852,0.8716166319019311
26532,0.12369808330263878,0.12759766959424848,0.7487042471031128
26533,0.014698999074686714,0.12707604317202248,0.8582249577532906
26534,0.05750196626326225,0.1795447017900538,0.7629533319466839
26535,0.023305205185506626,0.09829815206219723,0.8783966427522962
26536,0.2188793016063974,0.3764792573715237,0.4046414410220789
26537,0.03006493564005738,0.03971148338513391,0.9302235809748087
26538,0.02617503375062601,0.43376271523641047,0.5400622510129637
26539,0.028000344528673806,0.16558855496210703,0.806411100509219
26540,0.08593171514680771,0.41366676114566947,0.5004015237075228
26541,0.09280200157711108,0.14919364252629833,0.7580043558965908
26542,0.0755363211098222,0.2115219740606017,0.7129417048295761
26543,0.008503915032399568,0.04261731032167588,0.9488787746459245
26544,0.0252107723249198,0.09514515048772268,0.8796440771873577
26545,0.07954569247730653,0.3015505608962997,0.6189037466263937
26546,0.10133512713153836,0.1400541383700715,0.7586107344983902
26547,0.04259246664470516,0.08031227021218243,0.8770952631431124
26548,0.08866894837963157,0.04612513887032644,0.8652059127500419
26549,0.17249093344702193,0.8207121819345308,0.006796884618447345
26550,0.06253527775594037,0.25310340920390706,0.6843613130401526
26551,0.05903244710218519,0.197024788919224,0.7439427639785908
26552,0.01942639185491637,0.21326805130951434,0.7673055568355693
26553,0.008309554610554975,0.06695095966779928,0.9247394857216459
26554,0.07377855468051578,0.36269110227121293,0.5635303430482714
26555,0.03638721282606808,0.08374363207025856,0.8798691551036734
26556,0.0607516149770832,0.21029542966978082,0.7289529553531361
26557,0.0035409512763956786,0.010941763210980011,0.9855172855126243
26558,0.425340842724501,0.18349051009567297,0.3911686471798261
26559,0.38341930822756404,0.12030373146259192,0.49627696030984386
26560,0.07781531742394936,0.2434094508551825,0.678775231720868
26561,0.08083660456884029,0.2287786540198255,0.6903847414113342
26562,0.07096999610018598,0.08359199503774072,0.8454380088620731
26563,0.02227419865775007,0.11924841939441871,0.8584773819478315
26564,0.05481555864908539,0.12693377764731337,0.8182506637036012
26565,0.09402897093340407,0.26390409649715124,0.6420669325694448
26566,0.17468738428059957,0.1265695434409818,0.6987430722784186
26567,0.04852487721249576,0.21231689138897086,0.7391582313985333
26568,0.5004442658600958,0.4688727813020009,0.030682952837903427
26569,0.032961776987960406,0.1323810726046079,0.8346571504074318
26570,0.18697488260478776,0.2530223900095464,0.5600027273856657
26571,0.035870657088775924,0.06200665051152161,0.9021226923997024
26572,0.08531253893171402,0.3032196620856365,0.6114677989826494
26573,0.044521032935218745,0.2309016962441525,0.7245772708206287
26574,0.2546907049486861,0.1304007269001469,0.6149085681511669
26575,0.13985068140262205,0.1320105141958489,0.728138804401529
26576,0.05928443581052332,0.04986648798336489,0.8908490762061119
26577,0.04828914532331643,0.06682308842037753,0.8848877662563059
26578,0.19848198656271662,0.25047680753965623,0.5510412058976271
26579,0.0821400671000654,0.9114197789120669,0.0064401539878677725
26580,0.0027554200940835007,0.007562173758717544,0.9896824061471989
26581,0.07220829275108999,0.13203974130961718,0.7957519659392929
26582,0.013550279922223137,0.07400813041650482,0.9124415896612722
26583,0.15851593561494895,0.19052993198379797,0.650954132401253
26584,0.06445419321244344,0.15703739556502028,0.7785084112225364
26585,0.1372348600834642,0.33608608714033794,0.526679052776198
26586,0.3070021383607206,0.3481180183002113,0.34487984333906824
26587,0.2594407084596136,0.39906871323566134,0.34149057830472485
26588,0.07865541797547582,0.23570533741719177,0.6856392446073323
26589,0.1548322174206417,0.10804167432570576,0.7371261082536527
26590,0.08458098260251797,0.5529382063063144,0.3624808110911677
26591,0.23164423327496003,0.756756454114688,0.011599312610351986
26592,0.3235137709453841,0.1558422996234617,0.5206439294311543
26593,0.05959903714740291,0.1399329381856168,0.8004680246669803
26594,0.19802406472908213,0.11206821487237359,0.6899077203985442
26595,0.02441436756986037,0.10824534469515984,0.8673402877349798
26596,0.10589488134616992,0.23346456495327503,0.6606405537005551
26597,0.22101955141688723,0.3374262987351827,0.4415541498479302
26598,0.15811369993622582,0.22730069183391838,0.6145856082298559
26599,0.041617519082455826,0.07344936804054389,0.8849331128770003
26600,0.06079673589766127,0.1380580072998844,0.8011452568024542
26601,0.10838792516014849,0.192735281721318,0.6988767931185335
26602,0.1234242920425647,0.15877714356277595,0.7177985643946593
26603,0.1244526453624496,0.08061606809181944,0.7949312865457311
26604,0.05500375348177414,0.11455007112492221,0.8304461753933033
26605,0.09141407906698476,0.19473980362649584,0.7138461173065194
26606,0.22927737473682158,0.24546510176612799,0.5252575234970505
26607,0.09284235514187124,0.8735660393205729,0.03359160553755605
26608,0.02406761050850543,0.11667576616507999,0.8592566233264145
26609,0.05279567623824111,0.1732537035797924,0.7739506201819666
26610,0.5053457550678911,0.42782808601943295,0.06682615891267608
26611,0.10458351069843243,0.24471683351060844,0.6506996557909592
26612,0.08171813611833362,0.3009768892064918,0.6173049746751746
26613,0.1036832352065741,0.15986429244232614,0.7364524723510999
26614,0.07349193971515113,0.1248990627502684,0.8016089975345804
26615,0.0035478781792333937,0.022500875817229645,0.973951246003537
26616,0.09698822384140598,0.14091903303713094,0.7620927431214632
26617,0.2580666395171414,0.18726383888837986,0.5546695215944785
26618,0.10790447142752393,0.21417488915976624,0.6779206394127099
26619,0.17598047363776273,0.2489178487903157,0.5751016775719215
26620,0.37954204552731574,0.5920234636579547,0.028434490814729516
26621,0.06363659564445573,0.1083280420756704,0.8280353622798738
26622,0.1369174382433591,0.33051388577150725,0.5325686759851336
26623,0.034982743731784234,0.5609082464975782,0.40410900977063763
26624,0.08364659412978655,0.18572048307632605,0.7306329227938874
26625,0.23269726986761213,0.2001292068155754,0.5671735233168124
26626,0.1650521876564439,0.09320758160450522,0.7417402307390509
26627,0.08158137337423019,0.1663649583849924,0.7520536682407772
26628,0.11178131042310864,0.22583374890874428,0.6623849406681471
26629,0.03444480504144521,0.05183644440289683,0.9137187505556581
26630,0.08024019129773988,0.21230648283616801,0.7074533258660922
26631,0.052586975850686536,0.10619810198828064,0.8412149221610329
26632,0.4521762275908823,0.10312736687882326,0.44469640553029444
26633,0.04335955479535466,0.2161361229802996,0.7405043222243457
26634,0.12462762862592194,0.09148762354893412,0.7838847478251438
26635,0.02591286617080451,0.15738319882628615,0.8167039350029093
26636,0.04956253116745905,0.1645099856250619,0.7859274832074787
26637,0.021454749174184613,0.07885749641726453,0.899687754408551
26638,0.0648669503616119,0.6790837810341869,0.2560492686042013
26639,0.19943310952248935,0.21061324722814334,0.589953643249367
26640,0.09308560651654119,0.16650914240287615,0.7404052510805827
26641,0.1983824841747367,0.5940551853299583,0.20756233049530481
26642,0.027933707352316876,0.0631086201088374,0.9089576725388457
26643,0.07726656318168826,0.11566689193468685,0.8070665448836248
26644,0.0015481599203791203,0.00975398104914639,0.9886978590304746
26645,0.0736200846490027,0.09761096792214903,0.8287689474288483
26646,0.5496997737855149,0.23237628297783475,0.2179239432366503
26647,0.1005176135337757,0.1378772473739888,0.7616051390922355
26648,0.04930374384395991,0.41317286983289686,0.5375233863231434
26649,0.033615468208536975,0.11842771503541712,0.8479568167560458
26650,0.4159859296212792,0.5037355274569019,0.0802785429218187
26651,0.2190842253885525,0.7372155172470937,0.04370025736435394
26652,0.24886251793975936,0.1398948223007782,0.6112426597594623
26653,0.25562891792002246,0.16810252124853395,0.5762685608314437
26654,0.1142444431177638,0.39587468149397004,0.48988087538826625
26655,0.07994210095124127,0.261685027838199,0.6583728712105598
26656,0.1117770143010576,0.2314051292867984,0.6568178564121441
26657,0.044591189069600946,0.12278491788514097,0.8326238930452579
26658,0.08119293982105706,0.16565696275513786,0.7531500974238052
26659,0.15462610246111688,0.32679899595622197,0.5185749015826613
26660,0.005595319162706329,0.08861701428018279,0.9057876665571106
26661,0.15706908459491464,0.07924891481566013,0.7636820005894251
26662,0.028341886684775438,0.21665436641218352,0.755003746903041
26663,0.09171311575624105,0.11493322397061094,0.7933536602731478
26664,0.10860323137641827,0.32120615697942,0.5701906116441617
26665,0.13097870158766742,0.15909135383348322,0.7099299445788495
26666,0.08741500299725512,0.674313389753545,0.23827160724919996
26667,0.03935159520846285,0.053163412100461035,0.9074849926910763
26668,0.10150875132328878,0.5518855673856937,0.3466056812910177
26669,0.0815401215283009,0.3000503834329867,0.6184094950387123
26670,0.352433079947305,0.23817059392111076,0.4093963261315841
26671,0.21798705835443896,0.0737076220664284,0.7083053195791326
26672,0.1053859155451732,0.09878134429482956,0.7958327401599972
26673,0.13938994476314326,0.19575155043620146,0.6648585048006552
26674,0.3976700539635544,0.07404393567824505,0.5282860103582004
26675,0.03177316764174633,0.09625853364282533,0.8719682987154281
26676,0.053598581098222235,0.1565744848654829,0.7898269340362948
26677,0.0040246442912355105,0.018019714643481698,0.9779556410652827
26678,0.08739762165875532,0.2171074996681903,0.6954948786730543
26679,0.17551069782045925,0.16297877399041913,0.6615105281891216
26680,0.013165353131804154,0.04840370302047685,0.9384309438477189
26681,0.007207608410773764,0.05754890502153606,0.9352434865676901
26682,0.1399851475878083,0.1944271044076358,0.665587748004556
26683,0.09008468175002739,0.3695537966619951,0.5403615215879775
26684,0.040366928200627844,0.16743806039048148,0.7921950114088907
26685,0.24374415270197491,0.23154606624981133,0.5247097810482138
26686,0.05817323448664854,0.21579829090901317,0.7260284746043385
26687,0.12121803219101325,0.12709223160295177,0.7516897362060351
26688,0.34845289521089284,0.5490451282999228,0.10250197648918434
26689,0.11005850944640941,0.1745160546658537,0.715425435887737
26690,0.05586316119321674,0.11856215518053549,0.8255746836262478
26691,0.07343346451025703,0.10356280168221436,0.8230037338075286
26692,0.03147019945975971,0.37883450373584765,0.5896952968043927
26693,0.5295263433018694,0.07950930738902381,0.3909643493091066
26694,0.6122821357209327,0.37549787097736953,0.012219993301697731
26695,0.011875060013960657,0.02325981583244049,0.9648651241535989
26696,0.1283529564248327,0.10457534543641094,0.7670716981387565
26697,0.00531908843571293,0.015590988237685243,0.9790899233266017
26698,0.06746892059121427,0.07682103884771556,0.85571004056107
26699,0.09777699204954965,0.34454762910208475,0.5576753788483656
26700,0.010695881239158565,0.19284089313876898,0.7964632256220725
26701,0.0993283369303541,0.467768846843918,0.43290281622572785
26702,0.059068717191924816,0.48781159727212703,0.453119685535948
26703,0.07670066268692041,0.1477090260975495,0.77559031121553
26704,0.050885752756294166,0.07296957425568985,0.8761446729880161
26705,0.05712353879751376,0.09189360438461498,0.8509828568178712
26706,0.08785725631309191,0.15545808624805268,0.7566846574388555
26707,0.41486789044263417,0.14408518531270872,0.44104692424465697
26708,0.20215797364144666,0.20830358446686745,0.5895384418916858
26709,0.035376662978850455,0.0484390022121357,0.9161843348090138
26710,0.0941134106229598,0.14901520483257832,0.7568713845444617
26711,0.35823803637733775,0.09811554272012575,0.5436464209025366
26712,0.10370713452488506,0.24153287601228812,0.6547599894628269
26713,0.15494851686729336,0.5665778018998456,0.278473681232861
26714,0.06717531139974862,0.15236752996017341,0.7804571586400779
26715,0.01769777401148514,0.1978098215365001,0.784492404452015
26716,0.0806465603516255,0.7233756824566986,0.19597775719167576
26717,0.01423895293465633,0.26492178721590176,0.720839259849442
26718,0.07842558962547481,0.2596420183963373,0.6619323919781877
26719,0.12731585432844297,0.27009445445524416,0.6025896912163128
26720,0.0713992430093796,0.1822419528378947,0.7463588041527257
26721,0.08629880522544407,0.33061386074317367,0.5830873340313821
26722,0.13516131857077127,0.14431969725529634,0.7205189841739323
26723,0.11100281199037369,0.1353912587475086,0.7536059292621177
26724,0.0852020530539256,0.4689827235568184,0.445815223389256
26725,0.032649477450224146,0.26165888809136256,0.7056916344584132
26726,0.1766782211227435,0.3022871945124697,0.5210345843647868
26727,0.03377893888486912,0.0697641011602247,0.8964569599549059
26728,0.07838009608594394,0.12420605688958238,0.7974138470244735
26729,0.15196257707136188,0.2599852607902076,0.5880521621384305
26730,0.2874911125359285,0.5166580279110234,0.19585085955304798
26731,0.08108786001904937,0.19249575783275663,0.726416382148194
26732,0.2804339513770547,0.7043952401021097,0.015170808520835483
26733,0.0431527391935549,0.10836614397510813,0.8484811168313368
26734,0.03610200207737417,0.21724986102760974,0.7466481368950162
26735,0.07238656041494536,0.12270582281359639,0.8049076167714584
26736,0.10958374727676047,0.14514991474490194,0.7452663379783379
26737,0.08914792376624811,0.2538624971865867,0.656989579047165
26738,0.07770328840702057,0.14749442742545882,0.7748022841675208
26739,0.46598521963757106,0.06191472571829511,0.4721000546441338
26740,0.0015245178991986894,0.004227832869274462,0.9942476492315268
26741,0.20541708962200947,0.7582410356308419,0.036341874747148506
26742,0.04700244857248512,0.14643144814923958,0.8065661032782753
26743,0.16240231942153494,0.1759363615567387,0.6616613190217265
26744,0.12407466676324339,0.3098066753243719,0.5661186579123848
26745,0.059025101666244105,0.13702488168339666,0.8039500166503595
26746,0.14713123562649652,0.17656697436744928,0.6763017900060544
26747,0.05917123362172519,0.4549445569668134,0.4858842094114615
26748,0.1996567169181908,0.39525226681848324,0.4050910162633259
26749,0.10223805973274035,0.2685486088291997,0.6292133314380599
26750,0.0498803586321403,0.07885312477039143,0.8712665165974682
26751,0.0018684446222574872,0.015266877813873656,0.9828646775638687
26752,0.05197369336789931,0.6309927661849065,0.3170335404471942
26753,0.07936015155157265,0.09261994581208763,0.8280199026363394
26754,0.09068867275133152,0.06040211969899489,0.8489092075496736
26755,0.020864135800267677,0.06381617375089209,0.91531969044884
26756,0.1015648437765982,0.09104865317634783,0.8073865030470541
26757,0.09868662008659873,0.10202160497186201,0.7992917749415391
26758,0.06305538234210495,0.3238943202897152,0.61305029736818
26759,0.0528197000428988,0.17204317843099337,0.7751371215261078
26760,0.1050122464774551,0.2013582843995191,0.6936294691230258
26761,0.05068221897346633,0.18702757406721968,0.7622902069593139
26762,0.1159890794999615,0.14324919589489796,0.7407617246051404
26763,0.05153187276570161,0.13501418837769313,0.8134539388566053
26764,0.1195459473332186,0.17322561101498818,0.7072284416517932
26765,0.0038452735049332226,0.007481987319728259,0.9886727391753386
26766,0.07931160768503581,0.36560298361930554,0.5550854086956586
26767,0.11257053274151231,0.23921193705278893,0.6482175302056988
26768,0.04211847663803098,0.9475259304935956,0.010355592868373353
26769,0.16790825491661532,0.31128234992565024,0.5208093951577344
26770,0.057170168489774104,0.24660606949997876,0.6962237620102472
26771,0.16230608806277552,0.7998575648432393,0.0378363470939853
26772,0.7251113156472894,0.05022572009222246,0.2246629642604882
26773,0.0035853278592389297,0.007263733075856454,0.9891509390649046
26774,0.5527804285089869,0.05052037560797844,0.3966991958830347
26775,0.05052026682492856,0.2510109256601824,0.6984688075148892
26776,0.07859007393840006,0.16448608791218494,0.7569238381494151
26777,0.02896247167540533,0.07304777728449346,0.8979897510401009
26778,0.07651385761065523,0.09783600762847927,0.8256501347608654
26779,0.06259748741412062,0.11605272972493756,0.8213497828609418
26780,0.012009898518109612,0.10229819478728018,0.8856919066946102
26781,0.03133458156953425,0.11529947763578853,0.8533659407946773
26782,0.018856776142317525,0.04934253246348797,0.9318006913941944
26783,0.15173945978194536,0.3411559513068839,0.5071045889111706
26784,0.11928153734754403,0.5903878898855096,0.2903305727669464
26785,0.05635370758906291,0.20959054372017438,0.7340557486907627
26786,0.5039726489088223,0.06364974209098188,0.4323776090001958
26787,0.008566641723784492,0.026537125185489164,0.9648962330907264
26788,0.1411833057826042,0.20051741469707798,0.6582992795203179
26789,0.21493583637325225,0.29175158416274377,0.493312579464004
26790,0.013273145080478563,0.06597625625158415,0.9207505986679371
26791,0.022408125330849703,0.1038965103017102,0.8736953643674401
26792,0.19360243690947576,0.1509078005536155,0.6554897625369087
26793,0.07554169753215759,0.17644305020359408,0.7480152522642486
26794,0.0364048413956858,0.15395314681241212,0.8096420117919021
26795,0.16573571314650792,0.21108201748309519,0.6231822693703969
26796,0.03636948110695138,0.961956853964844,0.0016736649282045562
26797,0.007270131862799945,0.22642267589200976,0.7663071922451904
26798,0.3798330295114839,0.11978561952507016,0.500381350963446
26799,0.13173204222164955,0.15503389267244505,0.7132340651059056
26800,0.017608578864987085,0.9744357330843344,0.00795568805067856
26801,0.09219218896102632,0.5681767531653503,0.3396310578736233
26802,0.0908041523287197,0.10921470647564763,0.7999811411956327
26803,0.08154989575287158,0.1375382857105443,0.7809118185365843
26804,0.040813181909962706,0.10114600717548373,0.8580408109145534
26805,0.0005931240215619262,0.03638511302879608,0.9630217629496421
26806,0.0771774083393577,0.1429185797153836,0.7799040119452587
26807,0.09500829948522257,0.16079793643103454,0.7441937640837427
26808,0.08185557311344277,0.17835372360285176,0.7397907032837057
26809,0.059135245339139615,0.2730295513871607,0.6678352032736996
26810,0.028464693167774256,0.2885885853581341,0.6829467214740919
26811,0.02951018311695467,0.046861912960228784,0.9236279039228166
26812,0.11918943777100577,0.1326568933779538,0.7481536688510404
26813,0.07284526151923805,0.3999007503441245,0.5272539881366375
26814,0.14835908607272727,0.13019237801493844,0.7214485359123342
26815,0.08690744287014524,0.15701587673966444,0.7560766803901903
26816,0.035012501198419026,0.381740517478787,0.5832469813227941
26817,0.08335679839297795,0.03909607951635998,0.877547122090662
26818,0.13769980573729904,0.07232321144553272,0.7899769828171681
26819,0.09913350838077617,0.2858167156101258,0.615049776009098
26820,0.11196366832996285,0.8796128388334982,0.008423492836539079
26821,0.13215409429596292,0.8604009070944748,0.007444998609562308
26822,0.15614817947580195,0.2031117228641766,0.6407400976600212
26823,0.00316575214056384,0.010066495769957525,0.9867677520894786
26824,0.13204386071084012,0.07040228159784653,0.7975538576913134
26825,0.08037108750268042,0.05979357703607632,0.8598353354612432
26826,0.09180402359872518,0.11679006304764203,0.7914059133536326
26827,0.08569146129182202,0.10405690526622051,0.8102516334419575
26828,0.005550771701387138,0.2515926656287604,0.7428565626698524
26829,0.031007722319263343,0.15228757977503865,0.816704697905698
26830,0.0028991592411067445,0.05825261091967996,0.9388482298392132
26831,0.0391903947659871,0.09258993433366833,0.8682196709003448
26832,0.027359121236990424,0.054361267523476024,0.9182796112395336
26833,0.041116247838343514,0.11778574338796136,0.8410980087736951
26834,0.0734887688650081,0.14103479536691757,0.7854764357680744
26835,0.6367226011202125,0.10922418961742231,0.2540532092623653
26836,0.20840671582841025,0.44358030940622356,0.3480129747653663
26837,0.047027322322163244,0.0347800921142887,0.918192585563548
26838,0.09703883209633807,0.3410256672223931,0.5619355006812687
26839,0.8772592600738622,0.01735096106532771,0.10538977886081019
26840,0.0030349749569186985,0.03706165230331273,0.9599033727397684
26841,0.03913258131983899,0.06332112439043427,0.8975462942897267
26842,0.0727090299612516,0.19476987553406921,0.7325210945046793
26843,0.10981164455736808,0.07265380740155605,0.8175345480410756
26844,0.18044760242329744,0.3747842392729707,0.44476815830373184
26845,0.4598566055841905,0.05052581301567299,0.48961758140013656
26846,0.05189657040215457,0.09636951142552022,0.8517339181723251
26847,0.9047304861488398,0.051578609215129065,0.04369090463603123
26848,0.08610886493628228,0.07010785745598458,0.8437832776077332
26849,0.1708395363485195,0.11377707963114289,0.7153833840203377
26850,0.07697704524134269,0.33008794367998673,0.5929350110786705
26851,0.1017797821057038,0.1819497757047176,0.7162704421895788
26852,0.22159922423365097,0.7314013296294527,0.04699944613689636
26853,0.10612956279235072,0.0669721817315192,0.8268982554761302
26854,0.03501888311125321,0.9621094275645174,0.0028716893242295032
26855,0.08108150777818958,0.34369104426475616,0.5752274479570542
26856,0.07418037766291738,0.08459498680168723,0.8412246355353953
26857,0.11569381612655856,0.2644342005067215,0.6198719833667201
26858,0.13942198558531546,0.6281954300563352,0.23238258435834935
26859,0.06897976621972826,0.5906179404301194,0.34040229335015226
26860,0.026098496837113464,0.39112556475503757,0.5827759384078488
26861,0.12174415112976517,0.26794305084026987,0.610312798029965
26862,0.0841815961148994,0.41047115808500095,0.5053472458000998
26863,0.048808204406651304,0.10236791407755069,0.848823881515798
26864,0.047476200609136675,0.29386349372965115,0.6586603056612123
26865,0.040006258033854956,0.12393382917768025,0.8360599127884649
26866,0.030618147573474728,0.1359246944460376,0.8334571579804877
26867,0.046144205059147875,0.07503805664082067,0.8788177383000313
26868,0.023859724410823024,0.1309300659203647,0.8452102096688122
26869,0.01678960859051272,0.03038441351283841,0.9528259778966488
26870,0.03420027223004131,0.823208137349591,0.14259159042036754
26871,0.10767054651703985,0.12180559410819149,0.7705238593747687
26872,0.08970651599399104,0.2729345007751645,0.6373589832308444
26873,0.02003159311341055,0.06379934373246228,0.9161690631541275
26874,0.12920665926274583,0.3194098245584252,0.5513835161788291
26875,0.04563148923687683,0.28004586533277753,0.6743226454303458
26876,0.04770032671824867,0.086677387064865,0.8656222862168863
26877,0.02830185966872546,0.0900985038227769,0.8815996365084977
26878,0.8813029293241448,0.06606032846304097,0.05263674221281438
26879,0.09666547061459925,0.19713861951388373,0.7061959098715171
26880,0.3717208376146444,0.05415610173556707,0.5741230606497886
26881,0.08939801536120345,0.18149872284715582,0.7291032617916408
26882,0.36537207083114204,0.10860189314527473,0.5260260360235831
26883,0.0535213671261816,0.0807048084763462,0.8657738243974723
26884,0.08289323692634888,0.4204886063948114,0.4966181566788396
26885,0.20259752168396164,0.21367000977401435,0.583732468542024
26886,0.06465623308924363,0.13302129834655266,0.8023224685642038
26887,0.02462821359144872,0.06963370002611664,0.9057380863824348
26888,0.15341687834760245,0.21425622419757995,0.6323268974548175
26889,0.027623156332224875,0.1479877184323791,0.824389125235396
26890,0.002904016519398525,0.07903438986528108,0.9180615936153206
26891,0.07171590245258308,0.32000051171733046,0.6082835858300863
26892,0.045174671419384804,0.18355545903490428,0.7712698695457111
26893,0.06348312219873567,0.07975980238979524,0.8567570754114691
26894,0.10215122991594729,0.09030149550048451,0.8075472745835682
26895,0.12751132231984816,0.32494519206366007,0.5475434856164917
26896,0.06830337398424968,0.2332718663326891,0.6984247596830612
26897,0.07505508780748273,0.19802942597405596,0.7269154862184612
26898,0.05738539956722015,0.14286906346773462,0.7997455369650451
26899,0.05678321530933043,0.13869466860260357,0.8045221160880661
26900,0.06876181827322489,0.2098030507932866,0.7214351309334885
26901,0.0638361600721753,0.2465155270652106,0.6896483128626143
26902,0.001942385026271694,0.004936351066356128,0.9931212639073722
26903,0.1327039414715106,0.3391959696414864,0.5281000888870031
26904,0.5847364188782076,0.39954738428344166,0.015716196838350828
26905,0.004930572196322022,0.02442364776868128,0.9706457800349968
26906,0.02582121920338226,0.038832763198429564,0.9353460175981883
26907,0.2158893216146961,0.10236280168352392,0.68174787670178
26908,0.11609393347750582,0.2041837975793172,0.679722268943177
26909,0.04401023619323203,0.5291786341803204,0.42681112962644746
26910,0.03946230057981061,0.14172578171546676,0.8188119177047226
26911,0.006528439608772727,0.024038645683064148,0.9694329147081635
26912,0.0019063789340719242,0.015352275050898024,0.9827413460150303
26913,0.18391048759605336,0.1739519781330586,0.642137534270888
26914,0.07791257222266494,0.21614669887206278,0.7059407289052723
26915,0.13726250950437385,0.17429935685543338,0.6884381336401928
26916,0.09932402157624542,0.8951307836690963,0.0055451947546580815
26917,0.04664339733468762,0.1318744415886911,0.8214821610766214
26918,0.07201654923963463,0.12458828267508934,0.803395168085276
26919,0.44030830518049685,0.18445610163379253,0.37523559318571076
26920,0.15039593733282566,0.3999475607071,0.4496565019600743
26921,0.011117489723742428,0.7105181776070876,0.27836433266916993
26922,0.042235940313061826,0.3529416026528718,0.6048224570340665
26923,0.044910035012671996,0.0738250703823134,0.8812648946050149
26924,0.11363310663762496,0.11614827796125651,0.7702186154011185
26925,0.09590286778757512,0.0707882650133721,0.833308867199053
26926,0.4147707498925782,0.5250774601798658,0.06015178992755593
26927,0.058746712588167396,0.13131571182158475,0.809937575590248
26928,0.06283033978139846,0.9264669178199669,0.0107027423986343
26929,0.03536015389008877,0.14617492482741512,0.8184649212824963
26930,0.04946165462232084,0.468961680463878,0.4815766649138012
26931,0.21834280883255996,0.7694727926702964,0.012184398497143513
26932,0.06862316175941356,0.6014966876523338,0.3298801505882526
26933,0.9226722725298753,0.037242245460392995,0.0400854820097319
26934,0.009522880479003086,0.018964426848405498,0.9715126926725914
26935,0.03506256015747228,0.16369985937635742,0.8012375804661702
26936,0.07999213258473566,0.07775913469719219,0.8422487327180722
26937,0.09494047691265477,0.34985350709504737,0.5552060159922979
26938,0.1159256946884857,0.8726408321997003,0.011433473111814078
26939,0.5367925771431685,0.4407809706846609,0.022426452172170656
26940,0.05175458676892943,0.09075552553964378,0.8574898876914265
26941,0.10766706810970873,0.21111531526898503,0.6812176166213062
26942,0.3297531453831988,0.2270982526448297,0.44314860197197153
26943,0.029721895289619257,0.3339440289263531,0.6363340757840276
26944,0.002228400091605887,0.0075725320765917025,0.9901990678318026
26945,0.17631973999235562,0.44831581848213203,0.3753644415255124
26946,0.21755131632575736,0.10526995830608393,0.6771787253681587
26947,0.07589455280642818,0.48523439530082885,0.43887105189274295
26948,0.09457062657355936,0.28732186870830734,0.6181075047181334
26949,0.4071590756409128,0.15259129337104566,0.4402496309880415
26950,0.19029977091042088,0.19188543593051993,0.6178147931590593
26951,0.419649022444865,0.34829512008380575,0.2320558574713293
26952,0.09774495692542175,0.33649537597905554,0.5657596670955227
26953,0.08561493250358757,0.02680887957356596,0.8875761879228466
26954,0.003996758671780353,0.05991397186489359,0.9360892694633262
26955,0.04730493267939252,0.5355721782248879,0.41712288909571954
26956,0.20820393963055486,0.23508114977687053,0.5567149105925746
26957,0.6740009626613913,0.09183685701538524,0.2341621803232233
26958,0.18960789571501693,0.16906970584361994,0.6413223984413632
26959,0.04272818864425526,0.22190551164197234,0.7353662997137725
26960,0.02087942398513874,0.07201017882767316,0.9071103971871881
26961,0.03730036516723795,0.10213217063961988,0.8605674641931419
26962,0.050504514707754834,0.6169421436437501,0.33255334164849487
26963,0.5295263433018694,0.07950930738902381,0.3909643493091066
26964,0.18583379155279026,0.09786078589137465,0.7163054225558347
26965,0.10756201360046083,0.39911619792232506,0.49332178847721403
26966,0.06830337398424968,0.2332718663326891,0.6984247596830612
26967,0.055311936536958504,0.12895714426167507,0.8157309192013666
26968,0.13455540110285333,0.11578325273344368,0.749661346163703
26969,0.004478602532966695,0.042392022130392996,0.9531293753366404
26970,0.05610895988789112,0.09489785818213894,0.8489931819299702
26971,0.11253295743861429,0.24229952619261816,0.6451675163687675
26972,0.1034659578035277,0.2316186945998556,0.6649153475966167
26973,0.02469665625361277,0.09622535072807091,0.8790779930183164
26974,0.0738242592547716,0.05190948035055174,0.8742662603946766
26975,0.07397237012980909,0.05796421165403905,0.868063418216152
26976,0.141703028112322,0.8186870473757152,0.03960992451196268
26977,0.03329190709187316,0.12119560583360858,0.8455124870745182
26978,0.04383451468018988,0.16438336948225082,0.7917821158375592
26979,0.006145642023372639,0.047200879130323566,0.946653478846304
26980,0.02912008163718952,0.0713199504542737,0.8995599679085367
26981,0.15550416912669943,0.19797893804521735,0.6465168928280832
26982,0.07629293407294621,0.2091958470331791,0.7145112188938745
26983,0.10990282159662135,0.23501198798394185,0.6550851904194368
26984,0.02705742230288577,0.10184380696146639,0.871098770735648
26985,0.19769610039589966,0.19604853978292053,0.6062553598211798
26986,0.04782289987443068,0.055845259499007434,0.8963318406265617
26987,0.12327763021886894,0.3200692323886749,0.5566531373924561
26988,0.13813399925713543,0.4290800435687021,0.43278595717416257
26989,0.1040633498670363,0.26170225012185094,0.6342344000111129
26990,0.0458807730758386,0.140526965738366,0.8135922611857953
26991,0.06312309598798231,0.0734874615055051,0.8633894425065124
26992,0.10816660282224505,0.42200366140330364,0.4698297357744512
26993,0.09374355753504265,0.19060928668171329,0.7156471557832441
26994,0.004546177526243594,0.02579603280001126,0.969657789673745
26995,0.010409614572465037,0.14094713171843762,0.8486432537090972
26996,0.0013796701593743663,0.02170191851507127,0.9769184113255543
26997,0.25949282269622254,0.46765282106725664,0.27285435623652077
26998,0.23404671822838016,0.13288268624107685,0.6330705955305431
26999,0.36683558727365073,0.12425054126208276,0.5089138714642665
27000,0.06652292119434822,0.527560735395695,0.4059163434099569
27001,0.05518005101722883,0.3427643065760702,0.6020556424067012
27002,0.046664581006727344,0.27778297152154435,0.6755524474717284
27003,0.09310638272492612,0.15304583666497926,0.7538477806100946
27004,0.11883667929905134,0.31135795070433525,0.5698053699966132
27005,0.03490046803894872,0.3803874927050036,0.5847120392560479
27006,0.016664848859479567,0.06777709954411894,0.9155580515964015
27007,0.07566877636313148,0.7737521139897301,0.1505791096471384
27008,0.10478262390194605,0.1873411947234541,0.7078761813745998
27009,0.014851631097256346,0.17185629362162477,0.8132920752811189
27010,0.0272389751944553,0.07645501113378435,0.8963060136717605
27011,0.13397857707372643,0.501480836050168,0.36454058687610547
27012,0.062419021116295534,0.0715348742406664,0.8660461046430382
27013,0.3036170652424373,0.11199890827386234,0.5843840264837002
27014,0.07249873054266591,0.46098441120423134,0.4665168582531025
27015,0.10986984709546725,0.2979113885927782,0.5922187643117545
27016,0.056252760999348575,0.09828055813309634,0.845466680867555
27017,0.0033073867488696727,0.01128923267131244,0.9854033805798178
27018,0.06178959279036061,0.18240491340390935,0.75580549380573
27019,0.08438562131694986,0.12388709340646312,0.7917272852765872
27020,0.031068472233928897,0.33096328713974904,0.6379682406263221
27021,0.06559168590897328,0.37005913360288945,0.5643491804881373
27022,0.04376206221070964,0.2311797056661805,0.7250582321231098
27023,0.08954789310052044,0.44582189758549584,0.46463020931398374
27024,0.06154542280446431,0.2799530247310888,0.658501552464447
27025,0.26427654422767505,0.07388058116691475,0.6618428746054102
27026,0.00218872766477264,0.01926023889049355,0.9785510334447338
27027,0.10522349057871098,0.10793725206659305,0.7868392573546958
27028,0.37153965733845257,0.09189835557937956,0.5365619870821678
27029,0.021630301559738614,0.08792837104353816,0.8904413273967229
27030,0.14131740712185875,0.5159538825618397,0.3427287103163015
27031,0.5226796412238908,0.22943975958659565,0.2478805991895138
27032,0.32266491595887736,0.10289660982527069,0.5744384742158519
27033,0.02154080763600803,0.06020261828643691,0.9182565740775551
27034,0.0015396025544067557,0.005905004919414933,0.9925553925261784
27035,0.6245465222618026,0.11376613938040908,0.26168733835778824
27036,0.035325688727667164,0.06259016643851113,0.9020841448338216
27037,0.1833242330945497,0.15829572335376793,0.6583800435516823
27038,0.0882116773444162,0.07495455589722028,0.8368337667583635
27039,0.19551123002405355,0.14909776100657815,0.6553910089693683
27040,0.13182899281570315,0.09762434817291873,0.7705466590113781
27041,0.01968343644345528,0.025712824921297218,0.9546037386352476
27042,0.38635112841736524,0.5890791079583616,0.02456976362427323
27043,0.09545550891655775,0.1424352462131278,0.7621092448703142
27044,0.044433072409377224,0.19751915847686266,0.7580477691137602
27045,0.07928485757886354,0.12337378412160036,0.797341358299536
27046,0.023704576952330428,0.07343128338254704,0.9028641396651227
27047,0.045229172739385974,0.8969135236927996,0.057857303567814544
27048,0.18936102155396253,0.8062274330381872,0.004411545407850388
27049,0.09241775466904216,0.31732915649299204,0.5902530888379658
27050,0.013862650122452828,0.12632332293350884,0.8598140269440384
27051,0.1311226303007468,0.2027380781540201,0.6661392915452332
27052,0.0024605928307891546,0.017169980829103614,0.9803694263401073
27053,0.02157379692312319,0.20213279115724478,0.7762934119196321
27054,0.1335777151737953,0.10031767669385937,0.7661046081323453
27055,0.16348890775331687,0.8202866974978789,0.01622439474880417
27056,0.3180981165063538,0.671285833770458,0.010616049723188288
27057,0.046305861489919546,0.2293522740970179,0.7243418644130625
27058,0.11379559269272356,0.09711220852982036,0.7890921987774563
27059,0.016195025909559145,0.044777285516703874,0.939027688573737
27060,0.0029639254270273554,0.017697189625146395,0.9793388849478264
27061,0.4370861898977186,0.09718770987780961,0.46572610022447186
27062,0.17353196713377284,0.10227776660199656,0.7241902662642304
27063,0.04818046118384433,0.0635601178001274,0.8882594210160285
27064,0.019451347946011523,0.016781957387046426,0.9637666946669421
27065,0.11227079794329545,0.7309234662234019,0.15680573583330248
27066,0.043665196516156836,0.06174215917347956,0.8945926443103638
27067,0.08855739555870486,0.200702759074473,0.7107398453668222
27068,0.3839748968767851,0.1450524868822444,0.4709726162409704
27069,0.035029841196601526,0.05503267617238993,0.9099374826310087
27070,0.05161729776207839,0.04324451809116109,0.9051381841467608
27071,0.07407167756088302,0.11653452338616138,0.8093937990529557
27072,0.08529735297043695,0.3015242984174838,0.6131783486120792
27073,0.13578824069605747,0.14787434220245158,0.7163374171014909
