index,0,1,2
26457,0.1092104734308252,0.1736554463466594,0.7171340802225153
26458,0.3702886965799815,0.20867617124580826,0.42103513217421035
26459,0.045155264785673506,0.07623016466898798,0.8786145705453385
26460,0.05702014255243757,0.08451125748336122,0.8584685999642012
26461,0.07675879676067487,0.22796669583944362,0.6952745073998815
26462,0.052929009367225915,0.12897469448032964,0.8180962961524442
26463,0.6069686417545337,0.37332779180052766,0.019703566444938748
26464,0.04783725289275172,0.08377176322859639,0.8683909838786518
26465,0.05513105792022136,0.08730146517450811,0.8575674769052705
26466,0.06393020722002743,0.2890017117024961,0.6470680810774765
26467,0.12279752065585396,0.11159132423225526,0.7656111551118908
26468,0.04468479718135795,0.08685681607664582,0.8684583867419963
26469,0.6003903023008174,0.09121174758215392,0.3083979501170289
26470,0.07568586420209214,0.4151324511121792,0.5091816846857286
26471,0.10318380753376448,0.13287844547670932,0.7639377469895262
26472,0.06782530654587791,0.306227956392893,0.625946737061229
26473,0.04326749863859358,0.07560530319036207,0.8811271981710446
26474,0.3034592505720593,0.6753904133725845,0.021150336055356145
26475,0.36947143727688425,0.1411552716064954,0.48937329111662037
26476,0.04196669010518847,0.09123097515802994,0.8668023347367817
26477,0.1935188791759442,0.20759122080417988,0.5988899000198759
26478,0.04957970102799072,0.07808770688241887,0.8723325920895905
26479,0.04130363279236782,0.07914358626698319,0.879552780940649
26480,0.0532549197381168,0.07513705626970833,0.8716080239921747
26481,0.06321903665235573,0.27981878271856125,0.6569621806290831
26482,0.11080491772905357,0.10587022729375967,0.7833248549771867
26483,0.04983167258718582,0.1314648244857052,0.818703502927109
26484,0.0662110174310658,0.12254456148085081,0.8112444210880835
26485,0.03784451974139618,0.07033041333865243,0.8918250669199512
26486,0.07480693225853267,0.14375006674560933,0.7814430009958582
26487,0.07001688969815456,0.10204667461095702,0.8279364356908885
26488,0.31588279881599063,0.6472108271851934,0.03690637399881586
26489,0.06209721756688788,0.2310707137451437,0.7068320686879687
26490,0.07300208749148475,0.11702471533968838,0.8099731971688269
26491,0.05132029887395674,0.13168558466334693,0.8169941164626964
26492,0.05887155637729,0.3482194707994341,0.5929089728232758
26493,0.2037042552236231,0.7889481050525653,0.007347639723811546
26494,0.07750922635541244,0.3993385379778165,0.5231522356667712
26495,0.052639474572286044,0.0839387680939844,0.8634217573337295
26496,0.08114384835177223,0.16125300005769727,0.7576031515905305
26497,0.031539526921756426,0.8351228105086117,0.13333766256963192
26498,0.15520475202708267,0.513519108465837,0.3312761395070804
26499,0.10202721592407259,0.14008219603331942,0.757890588042608
26500,0.071370116124735,0.4089505387489474,0.5196793451263176
26501,0.07336941443047575,0.3911051794831752,0.5355254060863491
26502,0.07206910897116084,0.1060614236754224,0.8218694673534169
26503,0.10515649311912154,0.4252734698263175,0.4695700370545611
26504,0.10650495066852815,0.1728934716600862,0.7206015776713854
26505,0.052667289927207726,0.07603534620338488,0.8712973638694073
26506,0.10990881362667558,0.8679024565990876,0.02218872977423692
26507,0.09358243470807784,0.8860890742006986,0.020328491091223744
26508,0.10831460142906794,0.15545620450940476,0.7362291940615273
26509,0.11460604200192416,0.1610433599097041,0.7243505980883715
26510,0.056431252054216,0.21844977757395287,0.7251189703718312
26511,0.046624915981029885,0.07401372273975056,0.8793613612792197
26512,0.10141808700286949,0.17812096746533565,0.7204609455317948
26513,0.13300746356549234,0.2123009022287091,0.6546916342057987
26514,0.044111189729749714,0.08388730122339548,0.8720015090468548
26515,0.36103171301831843,0.11020638500008272,0.5287619019815991
26516,0.06285798138721953,0.24482382817450657,0.6923181904382738
26517,0.21810038812703708,0.7613626819599292,0.02053692991303369
26518,0.03867761397327861,0.06935890940762754,0.8919634766190938
26519,0.3846416071457537,0.10196033156946274,0.5133980612847835
26520,0.03052490454510554,0.8371990475632596,0.13227604789163477
26521,0.06421653730827774,0.24249652317654047,0.6932869395151816
26522,0.19528770908072038,0.14472668155172233,0.6599856093675573
26523,0.1023916918299852,0.1615155189443255,0.7360927892256892
26524,0.08788517832248537,0.21234048428246044,0.6997743373950541
26525,0.12496289059149479,0.23574256771329496,0.6392945416952104
26526,0.04658724746478835,0.07945446594693144,0.8739582865882802
26527,0.15109720772955734,0.2927009748182669,0.556201817452176
26528,0.08411519322928322,0.8979282620504336,0.017956544720283123
26529,0.41704011576896105,0.10371325760373658,0.4792466266273023
26530,0.11287953252630697,0.1508029914485533,0.7363174760251396
26531,0.045970110407992995,0.17700315681981726,0.7770267327721896
26532,0.12590310585137324,0.1532618297563938,0.720835064392233
26533,0.1021257093676021,0.14892280193609012,0.7489514886963078
26534,0.04545342187804809,0.0849819859782413,0.8695645921437107
26535,0.04239686485501802,0.07646550446150417,0.8811376306834777
26536,0.10032903734835362,0.1704950784672148,0.7291758841844316
26537,0.07350722795896808,0.09958118370988144,0.8269115883311505
26538,0.05464168686609295,0.27804964967723006,0.6673086634566769
26539,0.04684444664825094,0.1360156683973006,0.8171398849544484
26540,0.2569088760627156,0.15402633722635575,0.5890647867109287
26541,0.04783359396997421,0.10257499599644304,0.8495914100335827
26542,0.0618914130711097,0.10198046726733602,0.8361281196615543
26543,0.05546993412548511,0.09277879329302322,0.8517512725814915
26544,0.12185780254220988,0.19141557226692785,0.6867266251908624
26545,0.11887288085201066,0.3498772112734451,0.5312499078745441
26546,0.05340808282898809,0.09622225332022975,0.8503696638507819
26547,0.04488401860387603,0.07275908146802365,0.8823568999281003
26548,0.05570351241177713,0.1048592154231774,0.8394372721650456
26549,0.22098901655901387,0.7644922325795818,0.014518750861404396
26550,0.050787896327695425,0.1422858430696453,0.806926260602659
26551,0.060995606862905706,0.14357111461716307,0.7954332785199312
26552,0.056582067414300406,0.19937655688131983,0.7440413757043799
26553,0.052063926339733106,0.08742955838022633,0.8605065152800406
26554,0.09488570506498815,0.3468584799356042,0.5582558149994077
26555,0.1144433876060451,0.13055712361868302,0.7549994887752718
26556,0.06287522511602252,0.26801810230206635,0.6691066725819111
26557,0.057131479950155876,0.09932029001204969,0.8435482300377944
26558,0.5468703884433038,0.10243521689932818,0.35069439465736796
26559,0.3082880453802583,0.12085973255667085,0.5708522220630707
26560,0.07297275752103949,0.10918124489438406,0.8178459975845764
26561,0.052192510342718476,0.26376645803337745,0.6840410316239042
26562,0.04092794723662273,0.07157281197806872,0.8874992407853086
26563,0.04114825163467663,0.07332007314418384,0.8855316752211396
26564,0.0931067520359279,0.15281329617022119,0.754079951793851
26565,0.11385058849013838,0.35843761296186455,0.5277117985479971
26566,0.06581867596364212,0.21592661391484408,0.7182547101215138
26567,0.0993988669813,0.15384498393522408,0.746756149083476
26568,0.40221061937695374,0.5684460297679422,0.029343350855104026
26569,0.04524558140355252,0.10629143830773603,0.8484629802887114
26570,0.06399869714791245,0.6150300903837231,0.3209712124683644
26571,0.06582781573384072,0.09556065135834466,0.8386115329078146
26572,0.06321673976260701,0.16183303817069253,0.7749502220667005
26573,0.09803729299971664,0.13793460274917022,0.764028104251113
26574,0.2002190210699589,0.10723037684140288,0.6925506020886382
26575,0.07259136498997135,0.10974172288334225,0.8176669121266864
26576,0.080420100076807,0.09831213106896078,0.8212677688542322
26577,0.10823153266169279,0.11934150432544978,0.7724269630128574
26578,0.26795725563186906,0.38164485617285426,0.3503978881952766
26579,0.27555472760532457,0.707617917350557,0.01682735504411856
26580,0.07729866926300737,0.1242833528958142,0.7984179778411783
26581,0.10007710080513675,0.1622139100256281,0.7377089891692352
26582,0.04301245638758962,0.08990721510344134,0.867080328508969
26583,0.04481696611066354,0.07272923638737377,0.8824537975019627
26584,0.0955622060120463,0.16271833969285468,0.7417194542950989
26585,0.13617150695387667,0.49069429242468665,0.3731342006214367
26586,0.3229464519538296,0.23726793674182442,0.43978561130434596
26587,0.32919630563062313,0.378799418773252,0.29200427559612496
26588,0.045720267120766864,0.12228454289791328,0.8319951899813199
26589,0.12024665432187943,0.1055009115746831,0.7742524341034376
26590,0.09716284061091617,0.3887660304505232,0.5140711289385606
26591,0.14095928191562448,0.8368302113457956,0.02221050673857987
26592,0.41769063932628936,0.09974049806911871,0.48256886260459203
26593,0.057939994385342565,0.6099631049882371,0.33209690062642033
26594,0.05836660740423039,0.09135075444402631,0.8502826381517433
26595,0.04103977834141349,0.07324932259932768,0.8857108990592589
26596,0.07077586014215105,0.09689888030820547,0.8323252595496435
26597,0.6193882862889014,0.23432327839283354,0.146288435318265
26598,0.05877884214444948,0.14060859771443604,0.8006125601411145
26599,0.05230035213641076,0.08178761424734361,0.8659120336162456
26600,0.035338787450034936,0.06548973656694312,0.8991714759830217
26601,0.056070586206346834,0.14673388774701893,0.7971955260466341
26602,0.058450206346374024,0.1779045290742397,0.7636452645793861
26603,0.0624363237166911,0.11405607271909111,0.8235076035642178
26604,0.04893204673943656,0.08485667004359311,0.8662112832169704
26605,0.03697192298007177,0.06249512482813298,0.9005329521917952
26606,0.07577447868900188,0.4120922336708878,0.5121332876401105
26607,0.09022770946208142,0.8794977363312539,0.030274554206664618
26608,0.04924388800007163,0.08373688176470409,0.8670192302352243
26609,0.06540632626375617,0.09862370066978418,0.8359699730664596
26610,0.24959514677662611,0.6943110118180253,0.056093841405348566
26611,0.10260746863861513,0.21487407740021836,0.6825184539611665
26612,0.1040453165800768,0.4049497683673576,0.4910049150525656
26613,0.06319278289318848,0.17097641156066504,0.7658308055461464
26614,0.10926307517379526,0.14097770821039102,0.7497592166158138
26615,0.12052339220761141,0.19239989331109014,0.6870767144812984
26616,0.04251272807198261,0.07111756716590958,0.8863697047621077
26617,0.08109739490763203,0.11389319363129834,0.8050094114610694
26618,0.049713160995947435,0.0833222461280426,0.8669645928760098
26619,0.08247654419930446,0.14958110704021527,0.7679423487604802
26620,0.1446753263601351,0.8002582028290626,0.05506647081080241
26621,0.04343397574126211,0.07905293458921503,0.8775130896695228
26622,0.07371150862624547,0.5761030257485077,0.3501854656252469
26623,0.05632543787478037,0.49639386011417913,0.4472807020110404
26624,0.09348398633956632,0.120196225264143,0.7863197883962909
26625,0.6693377766170239,0.11518510990376159,0.21547711347921444
26626,0.26253772682937,0.12522300216437637,0.6122392710062535
26627,0.045243318008161816,0.07260748872955937,0.882149193262279
26628,0.04238043145040966,0.09042978083156292,0.8671897877180272
26629,0.04333497507440491,0.08131991396106295,0.8753451109645323
26630,0.04562473409763682,0.09576670913311004,0.8586085567692531
26631,0.0524372805288569,0.0768127374457055,0.8707499820254375
26632,0.564897527349962,0.08131775916088282,0.35378471348915513
26633,0.06013232199344158,0.10267372583359743,0.8371939521729609
26634,0.054027212863281694,0.080075574995621,0.8658972121410973
26635,0.06948748070650135,0.22706102578177764,0.7034514935117212
26636,0.05690730317451504,0.3055691491154827,0.6375235477100022
26637,0.04137400232530457,0.10205305466992337,0.8565729430047722
26638,0.04145779914791315,0.7659882933891604,0.19255390746292653
26639,0.12366821961695489,0.6785084125626124,0.19782336782043272
26640,0.3573371763934071,0.1562909215236031,0.4863719020829897
26641,0.15562582076591266,0.5640487683367645,0.28032541089732277
26642,0.05755101305247433,0.12146474630478359,0.8209842406427421
26643,0.06073555378606581,0.21767519524852594,0.7215892509654083
26644,0.05623201386581953,0.09461227111704688,0.8491557150171334
26645,0.05052154321305691,0.10710003385059298,0.8423784229363503
26646,0.6345222826612364,0.11935818108394454,0.24611953625481914
26647,0.0457125722934749,0.07614471816677464,0.8781427095397505
26648,0.05743997449999306,0.5860148602154194,0.35654516528458763
26649,0.0665330676720222,0.09889689049533826,0.8345700418326395
26650,0.4146248188411203,0.5524953337997754,0.03287984735910432
26651,0.29164796216053024,0.6764701375096563,0.0318819003298135
26652,0.24521326373000998,0.14475004450873835,0.6100366917612516
26653,0.25672398695380905,0.1623564056537588,0.580919607392432
26654,0.05107749355027237,0.7290231068573635,0.21989939959236413
26655,0.05647179195241474,0.532797519397496,0.41073068865008916
26656,0.0583355594179755,0.10472891721769845,0.8369355233643262
26657,0.06984978051825518,0.37879915932166575,0.5513510601600792
26658,0.05671893174624773,0.252010506415589,0.6912705618381633
26659,0.1304083643344659,0.22202716041858067,0.6475644752469534
26660,0.06397327453757243,0.23077504336881202,0.7052516820936156
26661,0.20578815554070218,0.17540670852613519,0.6188051359331627
26662,0.05205272781990666,0.2701328061867399,0.6778144659933535
26663,0.05612915385023697,0.17456949748824285,0.76930134866152
26664,0.13088165379323768,0.15801750961596284,0.7111008365907996
26665,0.18047484502800837,0.18761258478683632,0.6319125701851552
26666,0.0639411657379895,0.41792555240184937,0.5181332818601612
26667,0.033562598652766194,0.06500555274082066,0.901431848606413
26668,0.0592854064288291,0.5103558469669162,0.4303587466042547
26669,0.21101146867467654,0.24751936975517747,0.541469161570146
26670,0.3325960914091271,0.24339019341969054,0.42401371517118236
26671,0.05929960188412892,0.5712331318552779,0.3694672662605931
26672,0.04906643012576761,0.09462714261159966,0.8563064272626326
26673,0.10298094602613157,0.15006484551053784,0.7469542084633306
26674,0.6212413873197602,0.06973541188706076,0.3090232007931791
26675,0.03973161722461082,0.10017106277219927,0.86009732000319
26676,0.05866278293489653,0.1187897512376237,0.8225474658274797
26677,0.049746120320320664,0.08153199476095639,0.8687218849187229
26678,0.06193904625724807,0.21735549058260162,0.7207054631601504
26679,0.12923848620102563,0.16092556915994052,0.7098359446390338
26680,0.06338071903483239,0.2376162131745839,0.6990030677905837
26681,0.04321100414568833,0.0690526153683799,0.8877363804859317
26682,0.04883469487209209,0.0935066690999112,0.8576586360279966
26683,0.06661618039839326,0.2678908418769176,0.6654929777246892
26684,0.09413853436124768,0.16507071042484006,0.7407907552139122
26685,0.2552390274408273,0.12547699573297352,0.6192839768261992
26686,0.04938842114082795,0.09133110828768681,0.8592804705714852
26687,0.1131347368148114,0.18503070062463536,0.7018345625605532
26688,0.2555182012299096,0.463260722692423,0.28122107607766744
26689,0.09349749725976768,0.1481962126371095,0.7583062901031229
26690,0.03901441058129958,0.08373966515450465,0.8772459242641959
26691,0.13796816341148274,0.3308431447855072,0.53118869180301
26692,0.058029635552511775,0.2979389780245814,0.6440313864229068
26693,0.38654733785852163,0.1140188438051282,0.4994338183363503
26694,0.5399675816917865,0.4433494313338997,0.016682986974313908
26695,0.05236436539264732,0.0829021839672022,0.8647334506401505
26696,0.04374414454552223,0.07437135108613319,0.8818845043683446
26697,0.035545304254972834,0.06290494025387905,0.9015497554911482
26698,0.038893421630708934,0.06571565193179936,0.8953909264374916
26699,0.07645113257463684,0.4133087509744367,0.5102401164509265
26700,0.06257071882296698,0.39905168142844466,0.5383775997485885
26701,0.15594071480534574,0.39263186833803404,0.4514274168566202
26702,0.0999462286440889,0.3335075040846546,0.5665462672712565
26703,0.054073146802025705,0.09871907446565295,0.8472077787323212
26704,0.043384399731843444,0.08309401582674876,0.8735215844414078
26705,0.0469861231367407,0.06332952193955639,0.8896843549237029
26706,0.05273017903684121,0.08839595077937858,0.8588738701837803
26707,0.3002104473076038,0.12085069232907258,0.5789388603633235
26708,0.04432534969437051,0.08003922146184635,0.8756354288437832
26709,0.0409197842891046,0.07788822209776719,0.8811919936131283
26710,0.0604545218156981,0.11280529937872145,0.8267401788055805
26711,0.2701695365898072,0.0964655585134546,0.633364904896738
26712,0.06530753066102049,0.2056180637895066,0.729074405549473
26713,0.08604905255133745,0.46031310818441873,0.4536378392642439
26714,0.06012896470328955,0.12475977738409189,0.8151112579126185
26715,0.06404920509604053,0.21097400802200353,0.724976786881956
26716,0.10266856942800891,0.6399779945159366,0.2573534360560545
26717,0.055460674074156294,0.19735812294115437,0.7471812029846895
26718,0.10814278725074565,0.1579943037752246,0.7338629089740297
26719,0.07294514115181973,0.3717367113186488,0.5553181475295313
26720,0.09179402240875655,0.10583342177239813,0.8023725558188454
26721,0.06498478451422181,0.22585141306801354,0.7091638024177648
26722,0.19527887889908607,0.11109415174437534,0.6936269693565384
26723,0.08162634923662246,0.10123486256378121,0.8171387881995963
26724,0.0602115239184432,0.5677076583579375,0.3720808177236193
26725,0.05074527888279111,0.28691392123515824,0.6623407998820506
26726,0.11329098286051656,0.3653599002349503,0.5213491169045331
26727,0.045707766709133374,0.08822240484608371,0.8660698284447829
26728,0.1027050519566233,0.17458837608243646,0.7227065719609401
26729,0.08830935412199938,0.22585989227183506,0.6858307536061656
26730,0.1311169160292628,0.5633459406923266,0.3055371432784105
26731,0.06269711206752049,0.08871814969652636,0.8485847382359533
26732,0.18209434268316957,0.7951395157860671,0.02276614153076316
26733,0.0467309162426618,0.06480676129831646,0.8884623224590219
26734,0.11330218279159335,0.1704160096203462,0.7162818075880605
26735,0.054229558141424494,0.1076781117851678,0.8380923300734078
26736,0.10177555011194696,0.2092658177781004,0.6889586321099527
26737,0.08374562326997378,0.3214514856963351,0.5948028910336911
26738,0.03987557633500394,0.07281290710495848,0.8873115165600376
26739,0.45843984263934817,0.10085204292846274,0.4407081144321891
26740,0.04991625476637336,0.09101746733690698,0.8590662778967197
26741,0.11747652859362324,0.8410645920738499,0.0414588793325268
26742,0.05716044765783708,0.217240234525541,0.7255993178166219
26743,0.11375115706368441,0.15309139465576882,0.7331574482805467
26744,0.11647084925529634,0.2325187625088668,0.6510103882358369
26745,0.03653974355971572,0.07208195313750111,0.8913783033027832
26746,0.40389344480330797,0.11342528280287784,0.48268127239381425
26747,0.04590242742681188,0.5097747192740748,0.44432285329911336
26748,0.253092133936376,0.2610542913297585,0.4858535747338656
26749,0.05334537005224793,0.13102295308714448,0.8156316768606077
26750,0.06133234466755177,0.1425658358826993,0.7961018194497489
26751,0.055644815040326916,0.1096512148297293,0.8347039701299437
26752,0.09401397587046631,0.4804509666481529,0.4255350574813808
26753,0.10658054034764022,0.14644120744707917,0.7469782522052807
26754,0.0721569001734735,0.09638380770268529,0.8314592921238412
26755,0.06242304624936472,0.14831994739702523,0.7892570063536101
26756,0.11924927336207965,0.0928679606294624,0.7878827660084581
26757,0.1939173568809969,0.22066256735425516,0.585420075764748
26758,0.10836410074567375,0.2606924845186706,0.6309434147356557
26759,0.09512005321298148,0.15382851062657185,0.7510514361604467
26760,0.4356799856807464,0.1302118289127948,0.43410818540645885
26761,0.059488776120452204,0.12977873500772796,0.8107324888718197
26762,0.04085423694241425,0.0709055424198599,0.888240220637726
26763,0.052928848559048156,0.09052898584114323,0.8565421655998086
26764,0.07703042227110592,0.10597917495588338,0.8169904027730106
26765,0.06632129441812143,0.09682557578605137,0.8368531297958273
26766,0.06400339661315516,0.46436779770212044,0.47162880568472426
26767,0.06916919598255834,0.11602003851826508,0.8148107654991766
26768,0.08787240027995114,0.8952347106727182,0.0168928890473305
26769,0.39900957947479143,0.13049441844774473,0.4704960020774639
26770,0.057025935687033846,0.08480519865573229,0.8581688656572338
26771,0.15304490967216924,0.8247554305110075,0.022199659816823192
26772,0.44579138378567745,0.08964000213514171,0.464568614079181
26773,0.11418578554107793,0.1393450698177894,0.7464691446411326
26774,0.09656324156187866,0.1439270084272191,0.7595097500109023
26775,0.05767991451969227,0.24217859133170014,0.7001414941486076
26776,0.05255259444317547,0.08800785598252699,0.8594395495742974
26777,0.03932036716273086,0.0641398481421076,0.8965397846951615
26778,0.05137026668685556,0.08528366124453908,0.8633460720686055
26779,0.052540496180493605,0.1326497680848543,0.814809735734652
26780,0.04680526157703644,0.0833957118848117,0.869799026538152
26781,0.05561501195409517,0.12568231026400925,0.8187026777818956
26782,0.04545180378115674,0.08011002189028021,0.874438174328563
26783,0.15692839852107468,0.1965035846405788,0.6465680168383465
26784,0.05838023932318637,0.5682375583880451,0.37338220228876856
26785,0.05810771838304114,0.13349119374648485,0.8084010878704739
26786,0.35042616151636413,0.1190315036984532,0.5305423347851828
26787,0.05244136706008324,0.0947885768684555,0.8527700560714613
26788,0.1980005352334839,0.24946704272211112,0.5525324220444051
26789,0.05809534087905477,0.4821096831121964,0.4597949760087489
26790,0.05148337515780995,0.11541870902117424,0.8330979158210158
26791,0.04306152626880771,0.0745846054648842,0.8823538682663082
26792,0.07398145143476194,0.12928054374671968,0.7967380048185184
26793,0.06867952342950781,0.14331636817079882,0.7880041083996935
26794,0.058743547003104545,0.11071584254652143,0.8305406104503741
26795,0.06873001407770653,0.21608994426932196,0.7151800416529716
26796,0.11068949909695616,0.8795921319732478,0.009718368929796082
26797,0.06506565671300504,0.29600203014679494,0.6389323131401999
26798,0.6267584941153835,0.07204336493825014,0.3011981409463662
26799,0.2519722963197285,0.10527641746502384,0.6427512862152476
26800,0.08180820252041475,0.895408315918532,0.022783481561053344
26801,0.06008299032359788,0.5161157347624346,0.42380127491396774
26802,0.10056047461581155,0.13687278398158473,0.7625667414026037
26803,0.06539061965116298,0.17806178555851934,0.7565475947903177
26804,0.054435289712971166,0.24350555625318532,0.7020591540338437
26805,0.03930701052650995,0.09896658518739725,0.8617264042860929
26806,0.11059650158017244,0.23170859310468234,0.6576949053151453
26807,0.04394407895270278,0.0799584777047536,0.8760974433425436
26808,0.05980410670907328,0.17239675967300921,0.7677991336179175
26809,0.05502973569671538,0.21440884170840102,0.7305614225948837
26810,0.05002302488228384,0.27083020506039646,0.6791467700573197
26811,0.04442168757850955,0.10053526318344376,0.8550430492380465
26812,0.041808519357557826,0.08169372436970664,0.8764977562727356
26813,0.08716914485830717,0.45077671045161183,0.4620541446900809
26814,0.11062612952389168,0.17440489358570554,0.7149689768904026
26815,0.10434272701213229,0.13519934343545334,0.7604579295524143
26816,0.0744065729606398,0.22848281436889423,0.6971106126704659
26817,0.044860533032296875,0.06080824907020248,0.8943312178975007
26818,0.2538215538942993,0.15950461303408867,0.5866738330716121
26819,0.11895454841537378,0.237037152932778,0.6440082986518482
26820,0.1290588539902253,0.8466471609042352,0.024293985105539255
26821,0.06855561209246183,0.916723875347013,0.014720512560525138
26822,0.07821390650158433,0.4069084541172223,0.5148776393811932
26823,0.0567540389723997,0.08716751803890373,0.8560784429886966
26824,0.11675125212213885,0.1106843069213505,0.7725644409565107
26825,0.03658254117399505,0.07550025304567488,0.8879172057803301
26826,0.04685975497537576,0.09532877097458826,0.857811474050036
26827,0.10548263859293497,0.15383513880078484,0.74068222260628
26828,0.08559605095855034,0.16866195704902937,0.7457419919924205
26829,0.062197348912544116,0.09245077567047907,0.8453518754169768
26830,0.04078898636145615,0.08054181620925749,0.8786691974292865
26831,0.05742123800990521,0.1431433270601662,0.7994354349299286
26832,0.032740542262461196,0.07492291029407877,0.8923365474434599
26833,0.0633073536305199,0.13368385087315265,0.8030087954963273
26834,0.0493995309297878,0.13723526974408404,0.8133651993261279
26835,0.6466233644364708,0.08552307348023556,0.26785356208329353
26836,0.12012783411068217,0.3629277165601119,0.5169444493292058
26837,0.10418721199630883,0.08414218896006377,0.8116705990436273
26838,0.17635867142140882,0.2523293234486731,0.5713120051299181
26839,0.5888988455051485,0.08075774570991918,0.33034340878493224
26840,0.0855925324011573,0.17725600513996156,0.7371514624588812
26841,0.04542904800063764,0.06845278040356896,0.8861181715957934
26842,0.05918829153480673,0.23963365066798584,0.7011780577972074
26843,0.126961533196311,0.13920789036934042,0.7338305764343483
26844,0.06013881384847401,0.5501059877449315,0.38975519840659445
26845,0.4503763913336869,0.08297064067111153,0.4666529679952015
26846,0.04889364370968912,0.10560274550787908,0.8455036107824317
26847,0.09807080529350233,0.20975995711070375,0.692169237595794
26848,0.17369307443244994,0.10457216708424837,0.7217347584833018
26849,0.2997307381366791,0.1574498505202428,0.5428194113430781
26850,0.11514809964768351,0.19554383967768568,0.6893080606746309
26851,0.10333751949859263,0.1257651136412232,0.7708973668601842
26852,0.0526526063156163,0.6238257802313993,0.32352161345298414
26853,0.051121683936801006,0.08571015983096504,0.8631681562322339
26854,0.07934192922911679,0.905786606602857,0.014871464168026283
26855,0.060865046533320095,0.17841630746922574,0.7607186459974539
26856,0.1337575026629431,0.103603320914914,0.7626391764221429
26857,0.0750128374039543,0.4141419559575281,0.5108452066385176
26858,0.03571662901133091,0.8418159136908034,0.12246745729786554
26859,0.05404107356293685,0.6328916915408095,0.31306723489625365
26860,0.04780964034025667,0.7061323487771922,0.24605801088255116
26861,0.06614120825195852,0.2109263716654235,0.7229324200826179
26862,0.06944811174909724,0.10209330280750581,0.828458585443397
26863,0.05326543521718605,0.12114505045153204,0.825589514331282
26864,0.07635438615260194,0.2803840149085823,0.6432615989388158
26865,0.061802671768306304,0.22650221732384826,0.7116951109078454
26866,0.05346950976871067,0.15577907001917202,0.7907514202121173
26867,0.057496488304194085,0.08429690176846504,0.8582066099273409
26868,0.05688938494604787,0.1067929062043632,0.8363177088495887
26869,0.0352654494645492,0.052452172534285815,0.9122823780011651
26870,0.036158715068192064,0.7562723755436449,0.207568909388163
26871,0.39432706068320017,0.12246108923769033,0.4832118500791094
26872,0.05034186264112444,0.09137582437311283,0.8582823129857629
26873,0.06357015705599169,0.16087786534195203,0.7755519776020562
26874,0.057410470592943234,0.398496408684193,0.5440931207228638
26875,0.10118786675351005,0.21627308699848033,0.6825390462480098
26876,0.04558084991491207,0.06591849805467205,0.888500652030416
26877,0.05454565848063563,0.09408236476249843,0.8513719767568659
26878,0.10398113738414279,0.14312734235417282,0.7528915202616846
26879,0.07279786330234023,0.21210338598379427,0.7150987507138656
26880,0.12081178190350285,0.09266972319804932,0.7865184948984479
26881,0.03607337791475134,0.08067900344854975,0.8832476186366989
26882,0.5179592440654589,0.09560435797925906,0.386436397955282
26883,0.06508268703848255,0.08918595651186248,0.8457313564496551
26884,0.06388511483201718,0.3969441724762483,0.5391707126917347
26885,0.11636710893518849,0.11925327605800023,0.7643796150068114
26886,0.04309576804451061,0.08512533307032341,0.871778898885166
26887,0.04949881307611302,0.11057070765863374,0.8399304792652533
26888,0.16446710169154963,0.15524793363697245,0.6802849646714778
26889,0.041359121343737176,0.08563125626435815,0.8730096223919048
26890,0.06377769021686906,0.24416048313870856,0.6920618266444224
26891,0.051139711244343765,0.5780539869924828,0.3708063017631735
26892,0.06852504816709902,0.10356954570977531,0.8279054061231256
26893,0.04478025762556105,0.07329007298280575,0.8819296693916332
26894,0.05632731183313834,0.1185543699012861,0.8251183182655756
26895,0.07436412443922884,0.4325516997462913,0.49308417581447994
26896,0.06458312977641308,0.09409326814079862,0.8413236020827884
26897,0.060193457520138556,0.17372290168196788,0.7660836407978936
26898,0.039582833866786335,0.07636928810258867,0.884047878030625
26899,0.11252455221076599,0.1394470837088357,0.7480283640803983
26900,0.06512266730636013,0.2077444931872162,0.7271328395064237
26901,0.07186997941263745,0.25092991392496977,0.6772001066623929
26902,0.04349376585829486,0.05561308251842025,0.9008931516232848
26903,0.06736449349466382,0.231256937115045,0.7013785693902913
26904,0.5970500375160502,0.3720933534123041,0.03085660907164555
26905,0.06431787285200866,0.10961355214805928,0.8260685749999321
26906,0.040956709566667374,0.10197126169132109,0.8570720287420115
26907,0.03591061990984046,0.057492798948195256,0.9065965811419642
26908,0.05068795931400289,0.11716087496025666,0.8321511657257403
26909,0.04676017749015979,0.588613781776526,0.3646260407333143
26910,0.10198768059047378,0.19630374199483738,0.701708577414689
26911,0.05132605832492189,0.08667882090632806,0.8619951207687502
26912,0.045760503949596014,0.10406342785861558,0.8501760681917883
26913,0.281526916006878,0.16152610046350668,0.5569469835296152
26914,0.052915261340392754,0.1381617517398689,0.8089229869197383
26915,0.11008098694730371,0.14065736977360077,0.7492616432790956
26916,0.1838077665812823,0.8031136712698782,0.013078562148839559
26917,0.05652278470564755,0.14538161799961055,0.7980955972947418
26918,0.07302857545132807,0.11037399691040146,0.8165974276382705
26919,0.48322531261080465,0.13571470115252313,0.38105998623667225
26920,0.06149983872681442,0.21505297920103938,0.7234471820721462
26921,0.05713753382001497,0.5669212856555799,0.3759411805244052
26922,0.06941178256767364,0.4490377793700792,0.4815504380622471
26923,0.041424007818432106,0.07511194874762207,0.8834640434339458
26924,0.05301441496092285,0.12260796140719231,0.8243776236318846
26925,0.04594373480512819,0.0682323078655461,0.8858239573293256
26926,0.10967069949904905,0.24849268991547144,0.6418366105854795
26927,0.06334761099846956,0.1018004939038695,0.8348518950976609
26928,0.060383802258586756,0.9268133853961309,0.012802812345282447
26929,0.046502965189750896,0.10109815868160897,0.8523988761286402
26930,0.04198438879853896,0.7032291635670931,0.25478644763436775
26931,0.17152617154725974,0.8058290119183831,0.02264481653435724
26932,0.045610483327295136,0.6682499521326357,0.2861395645400692
26933,0.4015208980010648,0.1174990368906812,0.48098006510825403
26934,0.07139653621488297,0.09304545617173572,0.8355580076133813
26935,0.05391802280806359,0.13110490509162123,0.8149770721003153
26936,0.05156520676347031,0.11584433984728117,0.8325904533892486
26937,0.12889220823041936,0.18784160606433362,0.6832661857052471
26938,0.19175964618587965,0.7828406343051957,0.025399719508924536
26939,0.6408330912224988,0.33310182065361477,0.026065088123886512
26940,0.11022969664228295,0.12845987682219,0.7613104265355269
26941,0.09379901553411417,0.20896964849218871,0.6972313359736971
26942,0.07443349936562128,0.10888278372207724,0.8166837169123015
26943,0.054182144600312905,0.399790893181971,0.5460269622177161
26944,0.07392084353788754,0.09948909777490005,0.8265900586872124
26945,0.06787138090863377,0.431340804935436,0.5007878141559303
26946,0.048931823073012956,0.07993615930875154,0.8711320176182354
26947,0.06417554229468107,0.14592358176098713,0.7899008759443318
26948,0.07690305025405555,0.33815980176220317,0.5849371479837413
26949,0.31964835082660936,0.1438625681977152,0.5364890809756754
26950,0.1735965487349678,0.1499763399395731,0.6764271113254592
26951,0.33455932069026173,0.3008584263270965,0.36458225298264163
26952,0.11032847111862859,0.19764301303515372,0.6920285158462178
26953,0.1112497795587071,0.08813667321972317,0.8006135472215697
26954,0.05216764721116055,0.1281535218969049,0.8196788308919346
26955,0.039973422236337326,0.6346191621054298,0.325407415658233
26956,0.14789173036422296,0.25061290284136334,0.6014953667944137
26957,0.6650413280442081,0.08419476817919093,0.250763903776601
26958,0.24899664184981912,0.1222902216085198,0.628713136541661
26959,0.06387691496648307,0.13677770006600926,0.7993453849675076
26960,0.06750366651054893,0.15932662207181988,0.7731697114176311
26961,0.05694485633356819,0.1272058049829876,0.8158493386834442
26962,0.05436731076203891,0.5906956169933605,0.35493707224460064
26963,0.38654733785852163,0.1140188438051282,0.4994338183363503
26964,0.10610235567890178,0.13164461867368293,0.7622530256474153
26965,0.04331227722040924,0.7133568914774211,0.2433308313021697
26966,0.06458312977641308,0.09409326814079862,0.8413236020827884
26967,0.047978749935249435,0.08924228350545853,0.8627789665592921
26968,0.1156568323552605,0.17138760147764043,0.7129555661670992
26969,0.0469383689563169,0.07823346027220276,0.8748281707714802
26970,0.0655207022875611,0.10630655340133119,0.8281727443111077
26971,0.06256090746214009,0.2738820541435896,0.6635570383942703
26972,0.14419191963553663,0.28440655913570256,0.5714015212287609
26973,0.09989750562832943,0.1622406643060563,0.737861830065614
26974,0.04164875986650469,0.06524539586996557,0.8931058442635297
26975,0.04374716215807903,0.07357543074126216,0.8826774071006587
26976,0.14883372921152768,0.8174718693231455,0.033694401465326866
26977,0.10916557369830358,0.17504734530836477,0.7157870809933317
26978,0.044353023757867364,0.12457366992189829,0.8310733063202344
26979,0.11645901770870308,0.24678545437282415,0.6367555279184728
26980,0.05447188523329779,0.1833933447813005,0.7621347699854017
26981,0.07246454071631124,0.40489868925502887,0.5226367700286599
26982,0.04969085781113794,0.11125743336884833,0.8390517088200136
26983,0.09889269654518797,0.17741696870226484,0.7236903347525471
26984,0.06886912332638148,0.2316455295402861,0.6994853471333324
26985,0.06916958532243979,0.46984356748926265,0.46098684718829763
26986,0.08333416718284248,0.11775891950174772,0.7989069133154096
26987,0.04610579859297072,0.7383669354345408,0.21552726597248845
26988,0.1353729782439537,0.2630755487562684,0.6015514729997781
26989,0.05727659142418599,0.5928951455709723,0.3498282630048417
26990,0.04410526857231615,0.07180210105623529,0.8840926303714485
26991,0.045838270900662025,0.08983799845694808,0.86432373064239
26992,0.09788092496625596,0.6358666357276358,0.26625243930610837
26993,0.03979004497593931,0.08059497594618524,0.8796149790778756
26994,0.11128701024798954,0.15916846908435803,0.7295445206676524
26995,0.058355661633224365,0.21784491440883114,0.7237994239579445
26996,0.03934817058058559,0.07628654973658976,0.8843652796828247
26997,0.23092307050583022,0.4772203732762958,0.291856556217874
26998,0.48738837544913804,0.088365220630433,0.424246403920429
26999,0.6123137813037378,0.07216279117865348,0.31552342751760876
27000,0.0589574920559422,0.44223559796800926,0.4988069099760485
27001,0.061687744664545435,0.30117505557156315,0.6371371997638915
27002,0.06245403690743068,0.2520434494061517,0.6855025136864177
27003,0.0851353107315994,0.15260952135450218,0.7622551679138984
27004,0.2387271824924093,0.13376135803127476,0.6275114594763159
27005,0.06407943038830903,0.25138177824731717,0.6845387913643738
27006,0.04917414566702205,0.08633972595465025,0.8644861283783277
27007,0.08477879383027581,0.7180157732412249,0.19720543292849943
27008,0.06058281622150649,0.19611239733320465,0.7433047864452889
27009,0.052210735142654736,0.15259204432508777,0.7951972205322576
27010,0.03568423437795734,0.07587082734819009,0.8884449382738526
27011,0.14821435933428412,0.5453776096672833,0.30640803099843267
27012,0.05095371305356787,0.07782827043933328,0.8712180165070988
27013,0.2073342604665019,0.13697379584860336,0.6556919436848947
27014,0.10272310755599481,0.4290889484353709,0.46818794400863434
27015,0.0903884527476974,0.5028688064288073,0.4067427408234953
27016,0.04545528980421363,0.08366765406344487,0.8708770561323417
27017,0.05809504809301391,0.11174780960166923,0.830157142305317
27018,0.11999229394228995,0.11444290805337345,0.7655647980043366
27019,0.0976701674904661,0.157401835314207,0.7449279971953267
27020,0.06609368898466475,0.24655436721807553,0.6873519437972598
27021,0.06546243034143953,0.36916293660700744,0.565374633051553
27022,0.04313783907159095,0.06993014274596471,0.8869320181824443
27023,0.14676529890702072,0.30701702503747635,0.546217676055503
27024,0.12890146421939364,0.20680425415027684,0.6642942816303296
27025,0.2644710602053488,0.10785368955131554,0.6276752502433357
27026,0.04628264765219022,0.07795021956136822,0.8757671327864416
27027,0.1150277694504537,0.10225542262061778,0.7827168079289284
27028,0.5612779674313454,0.0892353391610217,0.349486693407633
27029,0.05247206495431762,0.09723705283859511,0.8502908822070874
27030,0.16702953505199494,0.5381500916987015,0.29482037324930344
27031,0.5094005083517833,0.22368348306918218,0.26691600857903447
27032,0.37162624069739714,0.13579347162652508,0.49258028767607787
27033,0.07545935044451248,0.0950026522523648,0.8295379973031226
27034,0.10513837478283113,0.16686384827988904,0.7279977769372797
27035,0.645965806701326,0.08720787461847795,0.2668263186801961
27036,0.10864930814516288,0.15180746490311123,0.739543226951726
27037,0.2209644092388887,0.47162768644680847,0.307407904314303
27038,0.05021940642874944,0.0761769189644895,0.8736036746067608
27039,0.19292272644710545,0.14863811477907404,0.6584391587738204
27040,0.06832980734514324,0.10616510804724907,0.8255050846076075
27041,0.042760812824010674,0.07369457937099592,0.8835446078049934
27042,0.1868216229614573,0.7869983953305855,0.026179981707957146
27043,0.051300937466243514,0.08056400966236435,0.868135052871392
27044,0.045859153574900814,0.08856750506666394,0.8655733413584353
27045,0.0909577798271486,0.13434073169043598,0.7747014884824154
27046,0.07095034113646055,0.10647306848401511,0.8225765903795244
27047,0.09004631294018596,0.529393611867271,0.380560075192543
27048,0.30576208781892494,0.6826245905996966,0.011613321581378505
27049,0.15506061077966093,0.4060392916415127,0.4389000975788263
27050,0.045535843371223975,0.10657320023312694,0.847890956395649
27051,0.09374200141297638,0.34054692185389446,0.5657110767331293
27052,0.04987662708315245,0.08133384596870186,0.8687895269481456
27053,0.05781694857662582,0.2377370292757352,0.7044460221476391
27054,0.06552785693407316,0.11914788261133918,0.8153242604545876
27055,0.20372556056898805,0.7779379246207276,0.018336514810284376
27056,0.2207829383030796,0.7623115095482127,0.016905552148707544
27057,0.06838320450378281,0.4026359183939888,0.5289808771022284
27058,0.5107086343406265,0.11925135414528314,0.37004001151409033
27059,0.07600625870112404,0.16036386514169854,0.7636298761571774
27060,0.0621246425005774,0.1351254425966388,0.8027499149027838
27061,0.40163821775574393,0.13331260437263154,0.4650491778716246
27062,0.18354399694881143,0.11571436292540206,0.7007416401257865
27063,0.04150108905714194,0.08572475282863498,0.8727741581142231
27064,0.03777055122217314,0.06845819304650175,0.8937712557313252
27065,0.05559461831588495,0.4467236392659866,0.49768174241812857
27066,0.03296356366790827,0.07803180900501776,0.8890046273270739
27067,0.05087212106649528,0.11125709338555041,0.8378707855479542
27068,0.5025429881508956,0.09620793680896113,0.4012490750401433
27069,0.042290529709707834,0.0821561218788764,0.8755533484114157
27070,0.05204783276442736,0.07909534347801198,0.8688568237575608
27071,0.05760034148731532,0.07769236141625861,0.8647072970964261
27072,0.0648666844765066,0.2638845920820371,0.6712487234414564
27073,0.11917723872230085,0.21156312273252295,0.6692596385451761
27074,0.11310343776011549,0.35101829187708944,0.535878270362795
27075,0.31094825218434374,0.24226847482877747,0.4467832729868787
