index,0,1,2
26457,0.05677969726590228,0.11903687255990418,0.8241834301741935
26458,0.18117279734259067,0.20545841764727513,0.613368785010134
26459,0.05603256004944156,0.07343117101743976,0.8705362689331189
26460,0.10994264263479162,0.12201407699452252,0.7680432803706859
26461,0.07747949527349833,0.2605365892626366,0.661983915463865
26462,0.06465963010341028,0.13519111340990714,0.8001492564866826
26463,0.26532874887572333,0.7261831402057558,0.008488110918520888
26464,0.08846278659558611,0.12348598680719255,0.7880512265972214
26465,0.056640644512974084,0.10772261703708681,0.8356367384499391
26466,0.07917564292167927,0.2732395514050077,0.647584805673313
26467,0.10130476182877893,0.14321864747464716,0.7554765906965739
26468,0.05837461718509642,0.08871872873928488,0.8529066540756187
26469,0.4168811978331731,0.18103628825443274,0.40208251391239413
26470,0.09047788666934367,0.13577489350996047,0.7737472198206958
26471,0.07725552537520146,0.06536228537743213,0.8573821892473665
26472,0.10002739937819789,0.1883375765790935,0.7116350240427086
26473,0.07664033021595865,0.05728789432181205,0.8660717754622291
26474,0.12819979150069652,0.8679461291951673,0.00385407930413626
26475,0.28222986252308413,0.2633639539642448,0.4544061835126712
26476,0.022286982622409697,0.07302293596610507,0.9046900814114853
26477,0.09973600435868195,0.13110559746028394,0.7691583981810342
26478,0.03589347330722184,0.06286365328318629,0.901242873409592
26479,0.07327316939023833,0.19974117277678713,0.7269856578329745
26480,0.07830380282470581,0.10249521638481696,0.8192009807904773
26481,0.09083189748247128,0.33011410181505296,0.5790540007024757
26482,0.15319621871615954,0.10840295460098077,0.7384008266828597
26483,0.05261454528170593,0.13716730260693927,0.8102181521113548
26484,0.13226585383116088,0.14617201414063485,0.7215621320282042
26485,0.05096169118765489,0.06728916144472735,0.8817491473676178
26486,0.09357313616763574,0.21807801951530834,0.6883488443170559
26487,0.08627083429140645,0.14437723202900415,0.7693519336795893
26488,0.18307936683191944,0.7977763258551407,0.019144307312939902
26489,0.05657112248780209,0.20832375160426458,0.7351051259079333
26490,0.10297099230949955,0.2624520755303689,0.6345769321601316
26491,0.06555131338518377,0.10501144800724649,0.8294372386075697
26492,0.08262073433196136,0.14307375689942844,0.77430550876861
26493,0.5846075574460021,0.4109735075852906,0.004418934968707322
26494,0.09864339849014626,0.15866225801457728,0.7426943434952763
26495,0.0693055736277291,0.09357074366367425,0.8371236827085967
26496,0.08391728419083921,0.2092467875181426,0.706835928291018
26497,0.08290039092053356,0.6526697314790777,0.2644298776003888
26498,0.1618829260822072,0.4301107813609087,0.4080062925568841
26499,0.07082337116847144,0.14276243366264288,0.7864141951688856
26500,0.10189234204525185,0.2895684376249379,0.6085392203298103
26501,0.10166918327211327,0.200681929305171,0.6976488874227156
26502,0.03735730513470464,0.06707888981753884,0.8955638050477563
26503,0.09116187162057889,0.30537316073368703,0.6034649676457341
26504,0.07390343871638547,0.13332136619086016,0.7927751950927544
26505,0.056772962721711354,0.07062549783736924,0.8726015394409193
26506,0.07464023896382897,0.9109914637705799,0.014368297265591115
26507,0.1538803945719048,0.8378578807168461,0.008261724711249148
26508,0.10517632358147211,0.40976719719435994,0.48505647922416795
26509,0.09958523639188546,0.19631341760088303,0.7041013460072315
26510,0.06832649579550591,0.1921956792163553,0.7394778249881389
26511,0.08502575985623577,0.09666163150734572,0.8183126086364185
26512,0.13419549897092548,0.12786716386934074,0.7379373371597339
26513,0.08496744543208236,0.20696413244398748,0.7080684221239302
26514,0.06476141452211784,0.1370006501515372,0.7982379353263449
26515,0.3111296919318526,0.053553602696707316,0.6353167053714401
26516,0.06026785617220374,0.15980472251206534,0.7799274213157309
26517,0.26130238881222034,0.7304272586646515,0.008270352523128114
26518,0.06096225716052948,0.09222206462988357,0.8468156782095869
26519,0.4124512351086766,0.15066837867047664,0.4368803862208468
26520,0.03335454028205074,0.8026036710968798,0.1640417886210695
26521,0.08646240872615578,0.17193124595578657,0.7416063453180576
26522,0.1120089175169314,0.1881675590638639,0.6998235234192046
26523,0.11874741572442682,0.2424636702869163,0.638788913988657
26524,0.05472578342457944,0.13961479240167254,0.805659424173748
26525,0.25067716202082935,0.20370523129653756,0.5456176066826333
26526,0.04535167721063231,0.07050273413183297,0.8841455886575347
26527,0.06949531596326841,0.1383831327606384,0.7921215512760933
26528,0.1168526201428948,0.8733825024328331,0.00976487742427221
26529,0.47064333845218087,0.10634252128796136,0.42301414025985773
26530,0.03670790136188902,0.05726703992573542,0.9060250587123757
26531,0.03785155506769242,0.07869115490029972,0.8834572900320079
26532,0.2831215919939366,0.13879171163755893,0.5780866963685045
26533,0.06258931337578498,0.07276797590358067,0.8646427107206345
26534,0.046160723375294074,0.13201442059557528,0.8218248560291306
26535,0.058827863611437894,0.09083081478956292,0.8503413215989992
26536,0.11254260436629826,0.268080396249833,0.6193769993838688
26537,0.0486201097209181,0.05283021615969128,0.8985496741193908
26538,0.05063915687382026,0.3155984853011017,0.6337623578250782
26539,0.05383878780001,0.16894465803265762,0.7772165541673324
26540,0.14010929969476957,0.601005976279877,0.25888472402535345
26541,0.06680472875768795,0.11069571590409981,0.8224995553382122
26542,0.07636346564438373,0.15430384307923745,0.7693326912763789
26543,0.04346334970906911,0.051632505012115096,0.9049041452788158
26544,0.10607309909374152,0.14933986540324387,0.7445870355030146
26545,0.09771393438272592,0.21480408080089916,0.6874819848163748
26546,0.06994063878145554,0.125674868464182,0.8043844927543624
26547,0.047685691005791744,0.06949240099414132,0.8828219080000668
26548,0.055416213989205446,0.0569853372446024,0.8875984487661922
26549,0.21124312042693774,0.7830428966716744,0.005713982901388016
26550,0.07801947467714161,0.2243115163239089,0.6976690089989495
26551,0.07544936268979656,0.2667416898697915,0.6578089474404119
26552,0.05394925752720947,0.23263140097663534,0.7134193414961553
26553,0.028718655191300985,0.06435426976167566,0.9069270750470235
26554,0.12999773990691613,0.4183291901421172,0.4516730699509665
26555,0.07083820198143098,0.09037978340905535,0.8387820146095137
26556,0.08115558093756461,0.16055954298887087,0.7582848760735644
26557,0.05875502233402374,0.1251879919563583,0.8160569857096178
26558,0.23914105035040129,0.21810036919809814,0.5427585804515005
26559,0.28403893719881645,0.12473096151121069,0.5912301012899729
26560,0.075416613970643,0.14564691571121413,0.7789364703181431
26561,0.05560453455474347,0.18408584165315428,0.7603096237921022
26562,0.07746637558040592,0.07839685203452221,0.8441367723850718
26563,0.04573971960971888,0.09134988404706221,0.862910396343219
26564,0.047483307467793376,0.11180568388145465,0.8407110086507521
26565,0.1145408626767851,0.3704252678911667,0.5150338694320482
26566,0.14634677577626815,0.21545080621724724,0.6382024180064846
26567,0.037824509971811186,0.10262677214704614,0.8595487178811426
26568,0.2406335611075745,0.750681854449609,0.008684584442816489
26569,0.062629021549412,0.13353127613684185,0.8038397023137461
26570,0.11910469626848597,0.30159418041685593,0.5793011233146582
26571,0.051524894301579804,0.08049266993050887,0.8679824357679113
26572,0.07943072667143473,0.1744849221840047,0.7460843511445605
26573,0.11120922169981365,0.12104155817734796,0.7677492201228384
26574,0.16390386819575448,0.0982793689099968,0.7378167628942486
26575,0.06960589735332598,0.15669551609642238,0.7736985865502516
26576,0.09640960503228896,0.09825762172517394,0.8053327732425372
26577,0.08823455576339444,0.10998837857812274,0.8017770656584828
26578,0.15714236629704112,0.2500048098958878,0.5928528238070712
26579,0.15891028885236494,0.8371437346788655,0.003945976468769647
26580,0.058227223413721274,0.11094951810392739,0.8308232584823513
26581,0.08742769859919626,0.17875971103596933,0.7338125903648345
26582,0.02222823525221821,0.05998137502228982,0.917790389725492
26583,0.06637854725143552,0.11811439678250397,0.8155070559660604
26584,0.0614922758614271,0.19362832936210866,0.7448793947764643
26585,0.1569034988859592,0.3588738028887479,0.4842226982252929
26586,0.31471460577727794,0.34643810241660156,0.3388472918061205
26587,0.1760541034775402,0.3195669615165151,0.5043789350059448
26588,0.058850676460493155,0.1720459244234523,0.7691033991160545
26589,0.09600943781729523,0.12864626214879965,0.7753443000339051
26590,0.09736654689205716,0.5045266241625672,0.3981068289453756
26591,0.17246933926926863,0.8180953067699998,0.009435353960731651
26592,0.24165474526947373,0.15237641451376382,0.6059688402167624
26593,0.08275215053895561,0.15997117735150848,0.7572766721095359
26594,0.12744161376609292,0.13144088357055325,0.7411175026633539
26595,0.03374367213928758,0.06943032635970402,0.8968260015010083
26596,0.09821503111940846,0.15419303606350804,0.7475919328170835
26597,0.17603582257039982,0.3896807822010161,0.4342833952285841
26598,0.11240214399387342,0.17083040723200887,0.7167674487741176
26599,0.04845274162962142,0.06490800991369204,0.8866392484566864
26600,0.0646654235869967,0.11046804686711231,0.824866529545891
26601,0.09287216188931655,0.12600483831585682,0.7811229997948266
26602,0.07914064830910232,0.11638509944102393,0.8044742522498737
26603,0.09170204709249566,0.08474056270905125,0.823557390198453
26604,0.06459046402754542,0.1113155532099211,0.8240939827625334
26605,0.09880113182465948,0.21978244746546816,0.6814164207098724
26606,0.2304927059900675,0.2140171379797003,0.5554901560302321
26607,0.060411063864055495,0.9297150884117252,0.00987384772421929
26608,0.031062905395286743,0.06701148888350343,0.9019256057212098
26609,0.09564785225380641,0.1950141221794665,0.709338025566727
26610,0.3532077273126143,0.6165973487851542,0.03019492390223145
26611,0.09882478185351515,0.1744415275022737,0.7267336906442112
26612,0.09596249107384464,0.3031339850678729,0.6009035238582825
26613,0.10729328133223112,0.15846750981316574,0.7342392088546031
26614,0.05823341919129983,0.08423082387706152,0.8575357569316386
26615,0.08942394877445926,0.14153376499284476,0.7690422862326959
26616,0.05887339056502755,0.09158072951368965,0.8495458799212828
26617,0.12528735072855604,0.22263475963402363,0.6520778896374203
26618,0.11130736468042504,0.1953934318071718,0.6932992035124032
26619,0.13589300787339983,0.17679407543130524,0.6873129166952949
26620,0.2591021882605208,0.7184957607715317,0.022402050967947666
26621,0.05621244456993557,0.07904665447761286,0.8647409009524516
26622,0.13342896709415786,0.44394281262719454,0.4226282202786476
26623,0.05776385810474076,0.5312626358597073,0.41097350603555166
26624,0.1313490504562479,0.14510034876501335,0.7235506007787388
26625,0.4345624925285133,0.17366745040858914,0.3917700570628976
26626,0.12408868210277146,0.11663395231995466,0.759277365577274
26627,0.07512874127071265,0.14967028309213648,0.7752009756371507
26628,0.07772923254332627,0.2362830986876323,0.6859876687690415
26629,0.0479153419630242,0.07580870502330775,0.876275953013668
26630,0.08362602901644509,0.13174001644650796,0.784633954537047
26631,0.05013523998750689,0.049259173365958295,0.9006055866465348
26632,0.17945796153270768,0.15808684051804814,0.6624551979492442
26633,0.08441194768774887,0.17253047417193076,0.7430575781403205
26634,0.07354956785456215,0.08341787401203822,0.8430325581333997
26635,0.06895823002658935,0.14788110127080414,0.7831606687026065
26636,0.06183572812042,0.1783974101902437,0.7597668616893363
26637,0.03405575957551797,0.06594562519363185,0.8999986152308501
26638,0.09644407796591613,0.530657566789381,0.3728983552447027
26639,0.43792080354410096,0.29455712941095025,0.26752206704494885
26640,0.0629212630461089,0.1010815431300528,0.8359971938238383
26641,0.08518451017193585,0.7034367233935904,0.21137876643447373
26642,0.04097432063019343,0.08029299561591388,0.8787326837538926
26643,0.08633213328760996,0.12613768242650714,0.7875301842858828
26644,0.05290582608480847,0.11383572052323017,0.8332584533919614
26645,0.09421019902318313,0.10361720795068297,0.802172593026134
26646,0.4813262475926103,0.1630021074536982,0.3556716449536916
26647,0.08159599554163156,0.1554829597190474,0.762921044739321
26648,0.08201588232159669,0.5128989458508894,0.4050851718275138
26649,0.0768769694990905,0.1350614400752758,0.7880615904256337
26650,0.5921267157827508,0.3783731389363324,0.029500145280916924
26651,0.5108688251089573,0.4647333499458123,0.02439782494523051
26652,0.20093373049307234,0.1378560194581553,0.6612102500487724
26653,0.1867972829693337,0.20912815462326617,0.6040745624074001
26654,0.10751522170350018,0.2847498678495088,0.607734910446991
26655,0.08166475859567797,0.2985604351030576,0.6197748063012645
26656,0.0750076816922621,0.16001606716623,0.7649762511415079
26657,0.07221461306777016,0.11453890889551774,0.8132464780367121
26658,0.07262490283059886,0.2094000424893904,0.7179750546800109
26659,0.14671310336768345,0.22508300886658755,0.6282038877657291
26660,0.05972495244099753,0.1770889530537077,0.7631860945052948
26661,0.12898314238475328,0.1108902832230044,0.7601265743922423
26662,0.05871605048836237,0.21761717355711974,0.7236667759545179
26663,0.0693367371822323,0.10906283248199558,0.8216004303357721
26664,0.09799786553616022,0.218392041021439,0.6836100934424008
26665,0.19353415052390813,0.22562222512020816,0.5808436243558838
26666,0.03834367180556851,0.7896609470883068,0.17199538110612472
26667,0.027434645946401565,0.04691443910534263,0.9256509149482557
26668,0.08377171403639036,0.4971259630651305,0.41910232289847915
26669,0.1051028874299095,0.33356750244400196,0.5613296101260886
26670,0.21346493234810815,0.19419622027719083,0.5923388473747011
26671,0.1292081958476708,0.10500716765991588,0.7657846364924134
26672,0.0802763597139036,0.09009715269911098,0.8296264875869854
26673,0.14636667637576242,0.1632642319602498,0.6903690916639877
26674,0.3513879724285255,0.10024065503715662,0.5483713725343178
26675,0.06251997746734321,0.15436032783366846,0.7831196946989882
26676,0.06423210651286873,0.10829890453622362,0.8274689889509077
26677,0.03252143711844382,0.06528892411005087,0.9021896387715053
26678,0.08093284198478105,0.27491948570497987,0.6441476723102391
26679,0.20997913389169026,0.1578731993324915,0.6321476667758181
26680,0.04952629637629365,0.10479580081108379,0.8456779028126228
26681,0.01937538173128463,0.05191399648439317,0.9287106217843222
26682,0.05161630968686039,0.14647035969923325,0.8019133306139065
26683,0.09925701283176633,0.3597494287072034,0.5409935584610303
26684,0.05939598250427641,0.1349258890786375,0.805678128417086
26685,0.1344557811621418,0.1616437299852702,0.703900488852588
26686,0.049536317864752696,0.10327124410468976,0.8471924380305575
26687,0.10892355523822447,0.11310863663780724,0.7779678081239683
26688,0.27058514215447876,0.5774897940058488,0.15192506383967253
26689,0.05614144852953048,0.10543776897740706,0.8384207824930625
26690,0.06122118421353354,0.11367982157535532,0.8250989942111111
26691,0.06137151208786087,0.13627614895987072,0.8023523389522685
26692,0.07452015235493388,0.3007678854436026,0.6247119622014635
26693,0.1950148392869548,0.12386544015369727,0.681119720559348
26694,0.5525529139216562,0.42996321507166835,0.0174838710066755
26695,0.05614988275193872,0.06184303697369342,0.882007080274368
26696,0.06995249951887657,0.07751345426720145,0.8525340462139219
26697,0.022338725197014797,0.03736712411622238,0.9402941506867629
26698,0.033978981701927036,0.048283246701151944,0.9177377715969209
26699,0.10684427887597725,0.3029072884934221,0.5902484326306006
26700,0.0656827836489405,0.2266899389669657,0.7076272773840937
26701,0.11320574164190451,0.44614077101046423,0.4406534873476312
26702,0.12427977732361561,0.40080585531870233,0.47491436735768194
26703,0.05400293538550875,0.18859066508535213,0.757406399529139
26704,0.07166798340665417,0.12394084616069001,0.8043911704326557
26705,0.05483464303907951,0.07514297409042867,0.8700223828704917
26706,0.06990213686854549,0.15650415403210943,0.7735937090993451
26707,0.38264153722679606,0.08713341872461167,0.5302250440485922
26708,0.09664512365242357,0.15871080443263474,0.7446440719149418
26709,0.04778587022634986,0.06789579351533091,0.8843183362583191
26710,0.13094104529628195,0.20748113176612043,0.6615778229375977
26711,0.26249237247337137,0.11703738059262732,0.6204702469340013
26712,0.09182208036677172,0.180846214556473,0.7273317050767553
26713,0.1277143543435593,0.407103901466208,0.46518174419023256
26714,0.07285891553382527,0.10412866165550985,0.8230124228106648
26715,0.08710067833017596,0.32367362733538974,0.5892256943344343
26716,0.12234838196411635,0.680817730979826,0.1968338870560578
26717,0.06599608852256837,0.2875285134148004,0.6464753980626313
26718,0.09492508722420955,0.21320173249532898,0.6918731802804615
26719,0.08238620895356155,0.22780988732598587,0.6898039037204525
26720,0.06343068682363394,0.15075573697958466,0.7858135761967815
26721,0.06989673010525391,0.3249604734118443,0.6051427964829017
26722,0.1491501267800803,0.13853822413463066,0.712311649085289
26723,0.0973110464651903,0.1660933274091081,0.7365956261257016
26724,0.08684112994217788,0.29061506436333584,0.6225438056944863
26725,0.04450414167472983,0.3215998141035853,0.6338960442216849
26726,0.11768496941896753,0.4992589109494786,0.38305611963155395
26727,0.05508098999075971,0.06842424370901984,0.8764947663002204
26728,0.04796097406970133,0.06914068530526062,0.8828983406250381
26729,0.1239481371085307,0.2405136956927496,0.6355381671987196
26730,0.11158653251230417,0.3996757314400142,0.48873773604768156
26731,0.056295192489717684,0.1864062924165089,0.7572985150937734
26732,0.11961054868833698,0.8735599284657315,0.006829522845931473
26733,0.054146121574550635,0.09162239455202305,0.8542314838734264
26734,0.05095880108708588,0.14686419260745637,0.8021770063054579
26735,0.05830087070444352,0.09661322678450687,0.8450859025110496
26736,0.0796875799867474,0.14368654188815982,0.7766258781250928
26737,0.10342053260586315,0.14380967892176838,0.7527697884723685
26738,0.07393546501602957,0.11691621889870199,0.8091483160852684
26739,0.4679334891138732,0.0960678516829221,0.4359986592032047
26740,0.03808224693926354,0.04284671571399011,0.9190710373467462
26741,0.12742007317921294,0.8586325589088861,0.013947367911900915
26742,0.03591064572885704,0.13072314160784598,0.8333662126632969
26743,0.10557657514822023,0.12339426621762839,0.7710291586341513
26744,0.13574665766951183,0.16668030442929266,0.6975730379011956
26745,0.049629675853169394,0.12289610073944754,0.8274742234073831
26746,0.10285002948813346,0.14991511780892458,0.747234852702942
26747,0.07088654463232522,0.48578137164432905,0.44333208372334587
26748,0.18359168350025806,0.37955287306746255,0.43685544343227933
26749,0.07642233406670298,0.175738924459956,0.7478387414733411
26750,0.0872668501118304,0.09149310548524721,0.8212400444029224
26751,0.0411418987360504,0.17176282534907342,0.7870952759148762
26752,0.1047426809003045,0.5383748119376863,0.3568825071620093
26753,0.09151432900257515,0.08993336354263362,0.8185523074547911
26754,0.08823344231987024,0.07914881481238974,0.8326177428677399
26755,0.057320386964484084,0.09793579498491346,0.8447438180506024
26756,0.06641642386964224,0.06551836006277637,0.8680652160675815
26757,0.08547066845437941,0.1205186239076876,0.7940107076379329
26758,0.08526177638342963,0.2504134154108657,0.6643248082057046
26759,0.10846977375859353,0.22541819735911228,0.6661120288822943
26760,0.1363842250712826,0.23568625242507232,0.6279295225036451
26761,0.04592711686921102,0.12037483258920005,0.833698050541589
26762,0.09728876564176678,0.1448319066280313,0.757879327730202
26763,0.03917043194165362,0.08614974672568511,0.8746798213326613
26764,0.08694069179878673,0.18031619951614988,0.7327431086850634
26765,0.05572017668916661,0.06857130341473033,0.8757085198961029
26766,0.08222453216452759,0.34637940561630903,0.5713960622191634
26767,0.09164146100852652,0.20126342600618888,0.7070951129852846
26768,0.05105682714871078,0.9424974362610742,0.006445736590214917
26769,0.07769297207453826,0.23418544799115684,0.688121579934305
26770,0.1346176370244221,0.2810720056806456,0.5843103572949324
26771,0.1364442810802067,0.8468006217708177,0.016755097148975554
26772,0.505845814522316,0.08754393967937527,0.40661024579830884
26773,0.09721463592125132,0.09701012691378738,0.8057752371649614
26774,0.03936358078641291,0.06451821503788085,0.8961182041757063
26775,0.04939625925954507,0.1560893456975918,0.7945143950428631
26776,0.10041486674479294,0.1252849376968007,0.7743001955584063
26777,0.05012602827633787,0.07729916128053761,0.8725748104431246
26778,0.06918363107819736,0.09486166687198544,0.8359547020498171
26779,0.06844652435742066,0.10940313540518462,0.8221503402373947
26780,0.06056662044950312,0.1690681938250081,0.7703651857254887
26781,0.04401792161270805,0.12160133522732622,0.8343807431599657
26782,0.05621485365754884,0.09861027430519906,0.8451748720372523
26783,0.15603788982054945,0.21502972106184917,0.6289323891176014
26784,0.08572621624260182,0.3394110126156886,0.5748627711417095
26785,0.06038274766684578,0.10834905916690477,0.8312681931662494
26786,0.383481243615996,0.09991471130288852,0.5166040450811153
26787,0.037212925311759,0.05376957309970289,0.909017501588538
26788,0.1337815807114777,0.14982781744408175,0.7163906018444406
26789,0.22418978466635991,0.28443842205032127,0.49137179328331876
26790,0.04788295572038294,0.1010419808008974,0.8510750634787196
26791,0.04247872142713532,0.06925887982151258,0.8882623987513523
26792,0.15282416328524903,0.1325951783687142,0.7145806583460367
26793,0.08062584165329315,0.11569022408884662,0.8036839342578602
26794,0.047918488427641036,0.10935233430499387,0.8427291772673652
26795,0.1000215991707788,0.21843460685998117,0.6815437939692399
26796,0.08012999647745099,0.9181296180688934,0.0017403854536556344
26797,0.05517954842348283,0.32918719019632425,0.6156332613801928
26798,0.24039616329720942,0.157734512548302,0.6018693241544887
26799,0.15652559636359148,0.15532688632620856,0.6881475173102
26800,0.04574405237741785,0.9450252286911786,0.009230718931403566
26801,0.08528217893554187,0.49968251890104715,0.41503530216341106
26802,0.08292140931888005,0.1075233795763827,0.8095552111047372
26803,0.06888842864322527,0.1362375495231398,0.7948740218336349
26804,0.03425104205710687,0.11897973295163466,0.8467692249912584
26805,0.013099735070799794,0.06242951965258101,0.9244707452766192
26806,0.06627431198175318,0.12557570754732478,0.8081499804709221
26807,0.0792574867725134,0.1126184774460689,0.8081240357814178
26808,0.05309149352155471,0.18703064738457306,0.7598778590938722
26809,0.06226801812765261,0.14825081297832352,0.7894811688940238
26810,0.056114947415533335,0.15723611078572947,0.7866489417987371
26811,0.04065354728982871,0.06593411853419374,0.8934123341759774
26812,0.05661413294576404,0.10032210206693673,0.8430637649872992
26813,0.06857880175014444,0.47664715810507746,0.454774040144778
26814,0.12907297955226152,0.14196185056687363,0.7289651698808648
26815,0.07476717079198548,0.15213774740223002,0.7730950818057845
26816,0.051461658715444426,0.37175361352436515,0.5767847277601905
26817,0.09640640190245425,0.05381854440042425,0.8497750536971214
26818,0.09136371271725044,0.11954226935020149,0.7890940179325482
26819,0.10723887691293532,0.2546152185003229,0.6381459045867417
26820,0.13029764294062166,0.8638292684482133,0.005873088611165191
26821,0.09568545160239467,0.8979129940733953,0.006401554324209876
26822,0.11603145935626273,0.31386548979451145,0.570103050849226
26823,0.045752774617686884,0.05142692135100553,0.9028203040313076
26824,0.10727230198642188,0.10178086009833336,0.7909468379152448
26825,0.051925462321142514,0.08568912220800833,0.8623854154708492
26826,0.06179262939931799,0.1013086442522569,0.8368987263484252
26827,0.07615826669775409,0.10689501018942346,0.8169467231128225
26828,0.04171958558239468,0.1847462489988676,0.7735341654187378
26829,0.04464276606846461,0.09933878657357602,0.8560184473579593
26830,0.0491154172609554,0.12292160814614043,0.8279629745929041
26831,0.057107410620440266,0.08627870779060895,0.8566138815889508
26832,0.01854059714541071,0.03095620684594963,0.9505031960086395
26833,0.06684478984186144,0.07773152749051905,0.8554236826676196
26834,0.047460084530518545,0.11964083650571904,0.8328990789637624
26835,0.6173673593646334,0.08656908105822195,0.29606355957714464
26836,0.16323255693485444,0.3866768766870754,0.4500905663780702
26837,0.07607150336765436,0.046454874116313764,0.8774736225160318
26838,0.10948235148460247,0.3334273325886158,0.5570903159267818
26839,0.7421459380838002,0.035314366231462474,0.22253969568473733
26840,0.0839479407903695,0.187011764899076,0.7290402943105543
26841,0.031506247897787554,0.05623257518573599,0.9122611769164767
26842,0.05894242392697134,0.13963297812538694,0.8014245979476418
26843,0.08752154007554389,0.08155426496015952,0.8309241949642965
26844,0.11634913404998029,0.4220926651337752,0.4615582008162445
26845,0.5365217404961652,0.04906707931619206,0.4144111801876428
26846,0.10156482104306379,0.10547132523170726,0.792963853725229
26847,0.09864510715604605,0.21435293816867765,0.6870019546752764
26848,0.08168546988590192,0.07437706039796885,0.8439374697161295
26849,0.14138130609464838,0.1209434164323423,0.7376752774730094
26850,0.10660940438820274,0.253266924489741,0.6401236711220563
26851,0.09161745195739886,0.16515481858624342,0.7432277294563576
26852,0.14226742957314867,0.6753561398976352,0.182376430529216
26853,0.0709656855308214,0.08508549087049551,0.8439488235986831
26854,0.05039485241943072,0.946100358479774,0.003504789100795364
26855,0.08556043343351485,0.21438642478292375,0.7000531417835614
26856,0.08622333856440886,0.08002552823190744,0.8337511332036837
26857,0.10018154091838809,0.1582642923018896,0.7415541667797224
26858,0.0796535053400382,0.6503537006040696,0.26999279405589227
26859,0.06135279379488716,0.6451088135909405,0.2935383926141723
26860,0.08865121900148032,0.40890024006007053,0.5024485409384492
26861,0.13539871943515114,0.2501299918641774,0.6144712887006716
26862,0.10907075226556198,0.22590797280747704,0.665021274926961
26863,0.04793604517081178,0.0961662728861362,0.8558976819430519
26864,0.07523304712910904,0.29675540434484854,0.6280115485260425
26865,0.04562721511184516,0.0642806526257225,0.8900921322624324
26866,0.03825190761300189,0.09331964067084206,0.8684284517161561
26867,0.061477326423288944,0.10195729439353315,0.8365653791831779
26868,0.040824362855209184,0.08973099487599454,0.8694446422687964
26869,0.024534713979985006,0.01699599990734063,0.9584692861126743
26870,0.03255069410311086,0.8144682075750284,0.15298109832186083
26871,0.10711814544575193,0.11204243237427332,0.7808394221799748
26872,0.09919984993247317,0.20284456739733603,0.6979555826701909
26873,0.08394149233092081,0.15133506171029207,0.7647234459587873
26874,0.13259452346119283,0.3090393025678404,0.5583661739709667
26875,0.07942334328047104,0.2894414004220792,0.6311352562974497
26876,0.04026112233184971,0.05835430022164763,0.9013845774465027
26877,0.07426373921134215,0.10905935323981313,0.8166769075488446
26878,0.06834220294143398,0.1793991069106296,0.7522586901479363
26879,0.11655688066016559,0.1840930414157582,0.6993500779240763
26880,0.2627312446721148,0.10274677042609777,0.6345219849017875
26881,0.0761334353126927,0.18866216218707987,0.7352044025002276
26882,0.3273184434228661,0.06752458227294936,0.6051569743041846
26883,0.05653761396249697,0.07415375911240207,0.869308626925101
26884,0.10310127800930051,0.4448998255472504,0.45199889644344904
26885,0.247870467898687,0.14589470858542847,0.6062348235158845
26886,0.08482436855348782,0.10618724374584623,0.808988387700666
26887,0.04191535736574418,0.09623933474545689,0.861845307888799
26888,0.14217423895147935,0.16934174697938076,0.68848401406914
26889,0.03882012141330719,0.10032731279864597,0.8608525657880468
26890,0.049665762314255395,0.1550586438603941,0.7952755938253505
26891,0.06743481582450465,0.3289401607481291,0.6036250234273662
26892,0.0905433646206532,0.20851205695075303,0.7009445784285937
26893,0.043773899815272896,0.09135928621782663,0.8648668139669005
26894,0.06545306503637223,0.06895282377441922,0.8655941111892085
26895,0.13059504968074767,0.2761334729640464,0.5932714773552059
26896,0.0853595079658446,0.2398225333428722,0.6748179586912831
26897,0.08216485975758522,0.1948471386338128,0.7229880016086018
26898,0.06600712626358765,0.14813787343978585,0.7858550002966265
26899,0.10511595644245615,0.14507126869763615,0.7498127748599077
26900,0.08096564132478049,0.28572263149139254,0.6333117271838269
26901,0.06133226455631654,0.17312860032660893,0.7655391351170746
26902,0.026511314197730916,0.028117083808809635,0.9453716019934595
26903,0.10576562526565744,0.20452691548358456,0.6897074592507579
26904,0.3341895571131802,0.6557225726987052,0.010087870188114644
26905,0.056507481592063605,0.17675943930789878,0.7667330791000376
26906,0.035857793239231446,0.08412578480107513,0.8800164219596933
26907,0.07468372698235294,0.055749337868408785,0.8695669351492382
26908,0.04210583472312057,0.12858375761756996,0.8293104076593094
26909,0.05909199045030898,0.563895549547463,0.37701246000222793
26910,0.0806403804489697,0.30821027975752296,0.6111493397935072
26911,0.0433166871414942,0.11429953481792494,0.842383778040581
26912,0.04078144252339455,0.09176092740563238,0.8674576300709731
26913,0.17225513955649094,0.15116315568626257,0.6765817047572465
26914,0.07978072809980807,0.1983924011033672,0.7218268707968247
26915,0.08734064506105466,0.10236182225666027,0.810297532682285
26916,0.1297005729993879,0.8652594007504597,0.005040026250152336
26917,0.05062185264418691,0.1017462583058382,0.847631889049975
26918,0.0902078171650265,0.13459821191243104,0.7751939709225424
26919,0.5434878281865723,0.13312589419893997,0.3233862776144879
26920,0.06661119956851783,0.23917679185058568,0.6942120085808966
26921,0.0321621472694415,0.7224212364307846,0.24541661629977396
26922,0.08232544772265878,0.5028712903910281,0.4148032618863132
26923,0.04548948498360861,0.07830394577881003,0.8762065692375816
26924,0.07129110300647883,0.0936223713645948,0.8350865256289263
26925,0.08459392643362153,0.06419332370291839,0.85121274986346
26926,0.14180667357233484,0.4942935746561627,0.3638997517715025
26927,0.14851702065123087,0.15537769623041656,0.6961052831183526
26928,0.0664175928352616,0.9273913768771533,0.006191030287584885
26929,0.06396330820346367,0.1360936719739116,0.7999430198226247
26930,0.06231105755162268,0.5069984186678786,0.4306905237804985
26931,0.18454961753433796,0.8050431505069117,0.010407231958750486
26932,0.06772886322633674,0.48116108398035096,0.4511100527933122
26933,0.289981892163859,0.1988173002405827,0.5112008075955583
26934,0.09355130110295395,0.11269948591542142,0.7937492129816245
26935,0.062027917442792714,0.10223513503330099,0.8357369475239065
26936,0.06507114556296513,0.06595670572746597,0.8689721487095691
26937,0.12008561573574797,0.2782223124833334,0.6016920717809187
26938,0.17139090716617406,0.8166931463007279,0.011915946533098097
26939,0.29901686791004056,0.6895158009872338,0.011467331102725633
26940,0.07335970274417461,0.08900646421715996,0.8376338330386653
26941,0.08694904037416804,0.1280332343987773,0.7850177252270548
26942,0.1564124933353904,0.20181956285757963,0.6417679438070302
26943,0.07366951480945091,0.38743733911427825,0.5388931460762709
26944,0.05949999474140728,0.05600973855865225,0.8844902666999405
26945,0.11499260830370164,0.3515720192675721,0.5334353724287262
26946,0.08006686840197452,0.18718914766080838,0.7327439839372171
26947,0.07134058845816608,0.34176690330183745,0.5868925082399965
26948,0.0831671521769571,0.19895557550527795,0.717877272317765
26949,0.3779791450650095,0.12835095325741527,0.4936699016775753
26950,0.21705508543220783,0.29944110400993224,0.48350381055786
26951,0.3308853351459845,0.3377011628598077,0.3314135019942077
26952,0.14938594884214104,0.19391484304689183,0.656699208110967
26953,0.04461180624937961,0.025186870164238644,0.9302013235863817
26954,0.03992844706200151,0.08426775585793594,0.8758037970800625
26955,0.06390774590013336,0.5760301773679769,0.36006207673188967
26956,0.16163897923907586,0.15962495775142274,0.6787360630095014
26957,0.5413415008247345,0.15801746209794537,0.30064103707732004
26958,0.12268161203796066,0.11808381603978191,0.7592345719222573
26959,0.07888906865003917,0.27223407402802885,0.6488768573219319
26960,0.08654902551186443,0.1172495255499568,0.7962014489381788
26961,0.09894463257009638,0.15902173343988407,0.7420336339900195
26962,0.04072719768672073,0.6592945022960842,0.29997830001719505
26963,0.1950148392869548,0.12386544015369727,0.681119720559348
26964,0.10184702080258534,0.1784182971587463,0.7197346820386684
26965,0.09038153697643453,0.29544943118728795,0.6141690318362775
26966,0.0853595079658446,0.2398225333428722,0.6748179586912831
26967,0.06611500705708313,0.10080704906377502,0.8330779438791419
26968,0.10371903200175266,0.11536761107761362,0.7809133569206337
26969,0.029804730786772482,0.0768287771411332,0.8933664920720943
26970,0.10542674683767277,0.1573451465966848,0.7372281065656425
26971,0.07811260798065685,0.20402532604222054,0.7178620659771227
26972,0.11017301142215079,0.27353371055227027,0.616293278025579
26973,0.04432646120373699,0.1680657663248672,0.7876077724713958
26974,0.038242656624548545,0.049055475270555045,0.9127018681048964
26975,0.06384445177162826,0.09003808971268888,0.8461174585156828
26976,0.1167099107040257,0.8709608531779371,0.012329236118037065
26977,0.06496596523631362,0.24176102621202036,0.693273008551666
26978,0.040462101942509675,0.10423219812754195,0.8553056999299482
26979,0.05655944818096602,0.20458737133853194,0.738853180480502
26980,0.09173312720263575,0.1358812214406674,0.7723856513566968
26981,0.10129002107789906,0.21567649516930726,0.6830334837527937
26982,0.045111671053466376,0.1484965065469061,0.8063918223996275
26983,0.08717327336833423,0.17320849849478198,0.7396182281368838
26984,0.07017869693332067,0.10160846428366672,0.8282128387830128
26985,0.12593165376273485,0.17434031224745936,0.6997280339898058
26986,0.04174977504780913,0.047578355645597245,0.9106718693065936
26987,0.1027591517639826,0.5551613793549062,0.3420794688811112
26988,0.14421075126722135,0.38650075417034035,0.46928849456243843
26989,0.0761229245033176,0.20426632660526362,0.7196107488914187
26990,0.07629527443788438,0.09038396862579404,0.8333207569363215
26991,0.0554992533727543,0.12911079965321726,0.8153899469740284
26992,0.10821850052087437,0.49398943046939675,0.39779206900972885
26993,0.07535555819062599,0.12129464886487759,0.8033497929444964
26994,0.1147981562665366,0.13351740092261566,0.7516844428108478
26995,0.05073899187516018,0.1990650918105313,0.7501959163143086
26996,0.02913767860353596,0.08272006385044893,0.8881422575460152
26997,0.2190683691663255,0.36470751729151973,0.41622411354215477
26998,0.19208948916414476,0.11770624528602358,0.6902042655498317
26999,0.2047951252669827,0.1290947532580618,0.6661101214749555
27000,0.092495933681845,0.48769884687373405,0.4198052194444209
27001,0.06986932302487095,0.28010661068335135,0.6500240662917778
27002,0.08193587880223432,0.23986131527335625,0.6782028059244094
27003,0.15092965926904559,0.1244860872848765,0.7245842534460778
27004,0.05148119363065264,0.24484352000984674,0.7036752863595006
27005,0.040313266382900566,0.21627197421271052,0.743414759404389
27006,0.0631531975663154,0.09871398769436186,0.8381328147393228
27007,0.08186737866737578,0.6121682746192394,0.30596434671338474
27008,0.08555653414749036,0.1812035510508329,0.7332399148016767
27009,0.0446594362443357,0.1577277893707475,0.7976127743849167
27010,0.053502448337826095,0.11540520311393938,0.8310923485482347
27011,0.15703415480128052,0.41469604743275645,0.42826979776596297
27012,0.05630541729732188,0.06897152290947735,0.8747230597932008
27013,0.25240523846422114,0.13492873437927894,0.6126660271564999
27014,0.06600197267282984,0.5518263720897557,0.3821716552374145
27015,0.10192847085440142,0.34630520642892,0.5517663227166787
27016,0.05968206778768738,0.0983815055829648,0.8419364266293478
27017,0.07012313180870336,0.113863839873381,0.8160130283179157
27018,0.04856272282207164,0.1043373527067922,0.8470999244711361
27019,0.0810194075459966,0.13598360122601638,0.7829969912279869
27020,0.06976600635330098,0.4103266993378674,0.5199072943088316
27021,0.0832533369001688,0.333266049691807,0.5834806134080243
27022,0.061610906567105564,0.09207577063212771,0.8463133228007667
27023,0.13950608295594807,0.33933940846518995,0.521154508578862
27024,0.04735362297198879,0.1446082516520045,0.8080381253760066
27025,0.16265530525763233,0.08133730847415424,0.7560073862682135
27026,0.0349371784124382,0.05798536971053893,0.9070774518770228
27027,0.10854327130670927,0.07631827237898586,0.8151384563143047
27028,0.19269623612747022,0.1663953041748099,0.6409084596977199
27029,0.07129152818613163,0.16385787879369226,0.7648505930201761
27030,0.11483436543937312,0.4868252188418033,0.39834041571882356
27031,0.3746775538284846,0.20239819292098798,0.4229242532505274
27032,0.1965393709904753,0.14987884350175132,0.6535817855077732
27033,0.06994081307782163,0.06182636020570257,0.868232826716476
27034,0.06033239475208442,0.10510995451823699,0.8345576507296786
27035,0.5609669148134078,0.09566656798712277,0.3433665171994696
27036,0.06530486059864414,0.08587281777506664,0.8488223216262891
27037,0.1364051365431972,0.1665768280251143,0.6970180354316885
27038,0.06963030570415654,0.0995269413815968,0.8308427529142467
27039,0.24160618544012752,0.19640753741138214,0.5619862771484904
27040,0.1135290640151092,0.12064956830682164,0.7658213676780693
27041,0.023652934689357266,0.04105798052164391,0.9352890847889987
27042,0.32142681861703776,0.6660848870930514,0.012488294289910825
27043,0.10209350629214906,0.14140643793764773,0.7565000557702031
27044,0.05605410607897071,0.1133724761965406,0.8305734177244887
27045,0.05091519047203323,0.14352688516029932,0.8055579243676675
27046,0.043429892696530165,0.07050480882506069,0.8860652984784091
27047,0.09478252525571491,0.5729475232131532,0.3322699515311318
27048,0.37414116517513424,0.62110857020432,0.004750264620545798
27049,0.0970651604512758,0.3723255521361732,0.530609287412551
27050,0.042731672972273205,0.13875281063753914,0.8185155163901877
27051,0.08388822052552829,0.20800100255750195,0.7081107769169697
27052,0.03281570128873321,0.05930412441097764,0.9078801743002891
27053,0.052396130390513974,0.1558407570188879,0.7917631125905982
27054,0.10637014048568036,0.1124179988387289,0.7812118606755908
27055,0.14400851591747457,0.8472378264928748,0.00875365758965058
27056,0.2400121599031458,0.7534933718789667,0.006494468217887411
27057,0.05319462498448642,0.2362225336956248,0.7105828413198889
27058,0.19089312671621778,0.1619452633411408,0.6471616099426414
27059,0.04653803127806364,0.07342182710128722,0.8800401416206493
27060,0.05276565558588338,0.12130604866081136,0.8259282957533053
27061,0.4514570988793335,0.14932605191897125,0.3992168492016953
27062,0.11669815296180057,0.08879496508273138,0.794506881955468
27063,0.11543781168799565,0.1314288800879647,0.7531333082240397
27064,0.022418547876002747,0.037277517823074716,0.9403039343009226
27065,0.06405988316402256,0.27086609536862033,0.6650740214673571
27066,0.02687212085554429,0.09423241931736417,0.8788954598270916
27067,0.10259109928227132,0.18773827372576068,0.7096706269919679
27068,0.4518457021138994,0.07558868274152694,0.4725656151445735
27069,0.05193581867888564,0.11055454108646863,0.8375096402346458
27070,0.0688304984995799,0.06429848545782081,0.8668710160425993
27071,0.06473722611684359,0.08767147578833988,0.8475912980948165
27072,0.07620227341941734,0.27892762557301426,0.6448701010075684
27073,0.0734329171797365,0.1624469677339865,0.7641201150862771
27074,0.1424408882846311,0.2802933734732701,0.5772657382420987
27075,0.22475878988562617,0.2357622928136034,0.5394789173007705
