index,0,1,2
26457,0.056520766041149174,0.12315377915205392,0.8203254548067969
26458,0.15302899484670715,0.20131371203342024,0.6456572931198725
26459,0.05889444546827791,0.06714216170822658,0.8739633928234957
26460,0.11610914259136478,0.1473880609338293,0.7365027964748059
26461,0.0866024314493105,0.2585363456824105,0.654861222868279
26462,0.0575786269735729,0.12078257654422504,0.8216387964822021
26463,0.29554081116425496,0.6983725248337096,0.006086664002035342
26464,0.08672658757188881,0.10165660017879177,0.8116168122493195
26465,0.055058237325039026,0.11004624666989211,0.8348955160050687
26466,0.07389487013316033,0.30353058700064384,0.622574542866196
26467,0.13359360279242524,0.14962421461496395,0.7167821825926108
26468,0.060763147131847293,0.07843785441617604,0.8607989984519765
26469,0.42940366719429734,0.14800228498280282,0.42259404782289983
26470,0.09754405015656939,0.13062434265231546,0.7718316071911152
26471,0.07637683258088436,0.052827264515503534,0.8707959029036122
26472,0.07783668362197019,0.15383083493023622,0.7683324814477936
26473,0.07868505890586354,0.04283495694949275,0.8784799841446438
26474,0.18605972410776134,0.810960262869024,0.002980013023214582
26475,0.23438011189544294,0.2548833176550446,0.5107365704495124
26476,0.01836046561900604,0.07408792467035866,0.9075516097106353
26477,0.12258350126601618,0.11979233307557609,0.757624165658408
26478,0.03263465794493593,0.07751888741213095,0.8898464546429332
26479,0.09222919308557267,0.1832226427767395,0.7245481641376879
26480,0.07069050615806537,0.09293639114376714,0.8363731026981673
26481,0.09189469937781011,0.2666066681814184,0.6414986324407714
26482,0.1426897347623841,0.10256941744996884,0.7547408477876469
26483,0.04665722166998806,0.14707091597798988,0.8062718623520221
26484,0.1647987494275311,0.16124956332361934,0.6739516872488496
26485,0.04530812905689165,0.05477814166457244,0.8999137292785357
26486,0.08013621831739004,0.2100870446724652,0.7097767370101448
26487,0.09169442013520805,0.12277037355932227,0.7855352063054696
26488,0.1778602528360334,0.8037715094967364,0.018368237667230038
26489,0.05337411085512615,0.20496985559408004,0.7416560335507938
26490,0.09275623785610063,0.26797647566999266,0.6392672864739067
26491,0.06723627232671246,0.09492779098376578,0.8378359366895218
26492,0.0747302267547191,0.13558748354484523,0.7896822897004355
26493,0.5544241784624326,0.44328005439074963,0.002295767146817693
26494,0.09986822653020364,0.15350055639385637,0.7466312170759402
26495,0.06507602666479884,0.08129885784809715,0.8536251154871041
26496,0.08668818628773044,0.26547422488043415,0.6478375888318355
26497,0.08320635033306208,0.6256378886355634,0.29115576103137447
26498,0.16634187414475,0.42349031273279303,0.41016781312245704
26499,0.06511219160582135,0.15858783959545422,0.7762999687987244
26500,0.0885037358807199,0.2665223830411201,0.64497388107816
26501,0.09641920525976347,0.23794695220674936,0.6656338425334872
26502,0.03548146744546813,0.06199481731126275,0.9025237152432691
26503,0.10668467287842118,0.2958191304308538,0.5974961966907251
26504,0.07463662221413292,0.11933839374988371,0.8060249840359834
26505,0.050863206182372986,0.061409859233272204,0.8877269345843548
26506,0.06092055154994347,0.9256322428184951,0.01344720563156141
26507,0.18252422841723895,0.8114993602729305,0.005976411309830622
26508,0.13199343878594555,0.3651461821547673,0.5028603790592873
26509,0.08942629767713625,0.18069278404206937,0.7298809182807943
26510,0.07556166385117281,0.1844678760791682,0.7399704600696589
26511,0.0880547177402147,0.09243147252828775,0.8195138097314978
26512,0.13176364626064424,0.16553568578195282,0.7027006679574029
26513,0.09101813649112353,0.20261186190139893,0.7063700016074775
26514,0.063440824405963,0.13516781382040968,0.8013913617736274
26515,0.27942374287356897,0.07120671296957412,0.6493695441568568
26516,0.05492631463358487,0.142866524283165,0.80220716108325
26517,0.24724706235596683,0.7482176049998355,0.004535332644197624
26518,0.05498125514596815,0.09349067461202229,0.8515280702420096
26519,0.41729908191540777,0.15254749772337542,0.430153420361217
26520,0.03289293077748249,0.8070892761252552,0.16001779309726258
26521,0.08041468300573582,0.13561481612816279,0.7839705008661015
26522,0.09447081919658831,0.15487020812344174,0.75065897267997
26523,0.1451640636769912,0.24732212585017713,0.6075138104728316
26524,0.04705461370284683,0.16822780084023886,0.7847175854569143
26525,0.2519377308353123,0.20892891001954692,0.5391333591451409
26526,0.04422840319312199,0.07447175722184599,0.881299839585032
26527,0.07388466264115656,0.11437124879485812,0.8117440885639853
26528,0.1253328963332137,0.8652019755001555,0.009465128166630645
26529,0.46898209143939074,0.1176675136778974,0.4133503948827119
26530,0.03300906279376018,0.054743872647436465,0.9122470645588034
26531,0.0297409532509808,0.10683228681493469,0.8634267599340845
26532,0.3635014227204346,0.10883117671670854,0.5276674005628569
26533,0.04550722987702337,0.04851301621739289,0.9059797539055838
26534,0.044644885776317964,0.1365239146757271,0.818831199547955
26535,0.04902497230429297,0.10250838476915969,0.8484666429265474
26536,0.10958455219907304,0.19674069879284437,0.6936747490080826
26537,0.04259341253851409,0.04315710491802273,0.9142494825434632
26538,0.037236139199707224,0.2668462933780898,0.695917567422203
26539,0.051859996623561624,0.15949566391314776,0.7886443394632906
26540,0.15090105500548684,0.5898144295746295,0.25928451541988373
26541,0.06286634367173959,0.09165158809402853,0.8454820682342319
26542,0.06585656194393842,0.16261668440636426,0.7715267536496974
26543,0.04524464601381863,0.05371436305708338,0.901040990929098
26544,0.09995925122219843,0.17379567224217568,0.726245076535626
26545,0.09395364067740189,0.1993397303289905,0.7067066289936077
26546,0.07177006986938404,0.12139200964792032,0.8068379204826958
26547,0.04818916291348647,0.06608119948921136,0.8857296375973022
26548,0.06293974017076316,0.06267905665166909,0.8743812031775677
26549,0.24825644827156687,0.7481322767292649,0.003611274999168187
26550,0.07400261309577236,0.2196679186140035,0.7063294682902241
26551,0.07105322513888687,0.32077910556322575,0.6081676692978875
26552,0.04573309230744126,0.2656389933195201,0.6886279143730386
26553,0.023318727647589153,0.0674874259649022,0.9091938463875087
26554,0.12336113598840184,0.45441227975970755,0.4222265842518905
26555,0.07183803119185184,0.09883647196068962,0.8293254968474585
26556,0.06258946953579131,0.16443316800817365,0.7729773624560352
26557,0.06662185914915146,0.1322720273368318,0.8011061135140167
26558,0.26355223608622647,0.20010517029960564,0.5363425936141678
26559,0.24473580032453413,0.14542911977644346,0.6098350798990224
26560,0.06996203782807915,0.20154476405113964,0.7284931981207812
26561,0.04983258397456369,0.20821414817197437,0.7419532678534619
26562,0.08174953512904057,0.05976632082529228,0.8584841440456671
26563,0.03769371578246787,0.07807062147393143,0.8842356627436008
26564,0.04088124827892196,0.1387806665632902,0.8203380851577877
26565,0.11409803844544082,0.385044576672348,0.5008573848822112
26566,0.1514059548977708,0.24671252597823873,0.6018815191239906
26567,0.029425137507756206,0.09473647346677425,0.8758383890254695
26568,0.2539629223041846,0.7363757219420626,0.00966135575375283
26569,0.057804273034246643,0.13643435551464334,0.80576137145111
26570,0.13310343140124303,0.29232783850779065,0.5745687300909664
26571,0.041826061582076315,0.0630966321722859,0.8950773062456377
26572,0.08226244526007928,0.1869985138402432,0.7307390408996775
26573,0.08816768945644596,0.12226154109952383,0.7895707694440302
26574,0.23485119920208058,0.07909367109704055,0.6860551297008788
26575,0.06099608534134661,0.1480554972108275,0.7909484174478258
26576,0.09063494624983617,0.09811009447164956,0.8112549592785143
26577,0.08054594003381432,0.10046020080771367,0.818993859158472
26578,0.1430573669151894,0.22504620367523626,0.6318964294095744
26579,0.15755550962107442,0.8404069845589947,0.0020375058199309294
26580,0.07136952839171769,0.13994696778204602,0.7886835038262363
26581,0.07371644372687772,0.18653143872888456,0.7397521175442379
26582,0.020556993235694588,0.07079579198422176,0.9086472147800837
26583,0.06809875138425028,0.08467839550390222,0.8472228531118475
26584,0.05284702225043938,0.18286061009521984,0.7642923676543407
26585,0.1505951767556733,0.330441687234759,0.5189631360095677
26586,0.3252504388181915,0.321976956383288,0.3527726047985206
26587,0.16116466146585723,0.39330033672651465,0.4455350018076281
26588,0.05540073766835037,0.1806843047856615,0.7639149575459881
26589,0.08340446715962606,0.13228377670230623,0.7843117561380677
26590,0.06120124371864932,0.5270800003063522,0.4117187559749985
26591,0.21914335022723258,0.7727554525197796,0.008101197252987866
26592,0.21889141747614033,0.12738923388776416,0.6537193486360955
26593,0.0798794541176508,0.15322844648031445,0.7668920994020347
26594,0.12154710424990263,0.14210732306315116,0.7363455726869462
26595,0.03146189176409452,0.06589478782545234,0.9026433204104531
26596,0.10008609305938021,0.14554387570463248,0.7543700312359873
26597,0.16565776766572154,0.3292680070771706,0.5050742252571079
26598,0.12526972419874444,0.18580636347255983,0.6889239123286958
26599,0.053246010648504004,0.05676638489518061,0.8899876044563154
26600,0.06791691821725408,0.11603873780548772,0.8160443439772582
26601,0.11261329716525748,0.15676068441200663,0.7306260184227359
26602,0.08869580203866596,0.08678502081860684,0.824519177142727
26603,0.07891111521278904,0.06368228858977826,0.8574065961974326
26604,0.05174293709968505,0.10455866926468009,0.8436983936356348
26605,0.09924242315751636,0.24493226937849383,0.6558253074639897
26606,0.23223893465766748,0.16274252078551174,0.6050185445568208
26607,0.07199867435346438,0.9178027306502298,0.010198594996306008
26608,0.022351444307558425,0.07116480214674371,0.9064837535456979
26609,0.09945860317826224,0.23007888400065357,0.6704625128210842
26610,0.37544041578480886,0.593327263752635,0.031232320462556057
26611,0.08147544003423365,0.14177775782996185,0.7767468021358045
26612,0.10725265610061044,0.3364448696234542,0.5563024742759353
26613,0.11667500691150186,0.15034424173842842,0.7329807513500698
26614,0.05060629217313416,0.08267657012517352,0.8667171377016922
26615,0.07934479926476788,0.1383476016804618,0.7823075990547703
26616,0.05520480564724654,0.07600705361235666,0.8687881407403968
26617,0.06424982863912292,0.19267194538533428,0.7430782259755428
26618,0.11301781260953796,0.18729594412201475,0.6996862432684474
26619,0.15792306488307334,0.1736804950841536,0.6683964400327731
26620,0.3079094349618171,0.6739767693616653,0.018113795676517615
26621,0.04642907457960377,0.08038071357471412,0.8731902118456821
26622,0.16815771887695125,0.4390431405262908,0.39279914059675786
26623,0.05316890655688709,0.5135826920061387,0.4332484014369742
26624,0.11438037061358963,0.11599907290401709,0.7696205564823932
26625,0.36266423129452513,0.19458144592445764,0.4427543227810172
26626,0.11745233767019025,0.10909036820992482,0.7734572941198848
26627,0.06769237980128197,0.15386661778140648,0.7784410024173114
26628,0.07463679208593549,0.23803505650664974,0.6873281514074147
26629,0.05184554671047785,0.07662832921764288,0.8715261240718792
26630,0.07208827600203768,0.11958842667721312,0.8083232973207493
26631,0.04623531856070915,0.04394500243114585,0.9098196790081451
26632,0.21985630795890657,0.14902772274361892,0.6311159692974745
26633,0.07833221153839909,0.15033792191864598,0.771329866542955
26634,0.06569214802679424,0.06024800214690916,0.8740598498262966
26635,0.08142408872127754,0.15694277674674564,0.7616331345319769
26636,0.05076833081588692,0.17331313038057358,0.7759185388035394
26637,0.02903773227171082,0.054760073354354497,0.9162021943739347
26638,0.08306410322427563,0.6071935146024354,0.30974238217328887
26639,0.4678254393540794,0.28383254706098404,0.24834201358493643
26640,0.0588082685572761,0.11785775284006328,0.8233339786026607
26641,0.0831313109984829,0.697802887344935,0.21906580165658202
26642,0.032075269084014646,0.06894861907828505,0.8989761118377004
26643,0.09321207939937295,0.10846046638856321,0.7983274542120637
26644,0.06170480703174962,0.14585956043494958,0.7924356325333007
26645,0.08703635481936835,0.10070171700263023,0.8122619281780015
26646,0.44962051550735094,0.14916245923318677,0.40121702525946235
26647,0.0843319117918489,0.1513664059598754,0.7643016822482755
26648,0.08077316183102536,0.5059934255207225,0.41323341264825214
26649,0.08050550486177653,0.15915179225356518,0.7603427028846583
26650,0.5884260478499821,0.3849547183943379,0.026619233755680084
26651,0.5546660929538596,0.43293947370217467,0.012394433343965797
26652,0.23305258732354467,0.11786726491149464,0.6490801477649606
26653,0.18319391513981415,0.24067043731962223,0.5761356475405635
26654,0.10213927458503672,0.26902029583690173,0.6288404295780616
26655,0.07523361098903433,0.36233013005388137,0.5624362589570843
26656,0.08189239154294788,0.15288242509684463,0.7652251833602074
26657,0.07524423730793925,0.1186069148913634,0.8061488478006972
26658,0.07541034139856972,0.23987770374377773,0.6847119548576525
26659,0.12929274031665605,0.2402150113664303,0.6304922483169138
26660,0.04348309249474217,0.1651227532982118,0.791394154207046
26661,0.12415179171901287,0.09349140516409295,0.7823568031168942
26662,0.05173420762908777,0.16606560893079259,0.7822001834401197
26663,0.062301680104663706,0.09389430830022653,0.8438040115951096
26664,0.10188187699052462,0.20905598410328344,0.689062138906192
26665,0.16847428247233792,0.24655988696897743,0.5849658305586847
26666,0.04461536462550936,0.7486704221531673,0.20671421322132347
26667,0.01996549031073163,0.0328722592077651,0.9471622504815033
26668,0.0671824271190562,0.5226970577688758,0.41012051511206804
26669,0.08590400273528971,0.31772476273928085,0.5963712345254295
26670,0.22165181267402362,0.20161787515293442,0.5767303121730422
26671,0.1125485705580029,0.07223199839561324,0.815219431046384
26672,0.10249767538331686,0.08069994575208743,0.8168023788645957
26673,0.13415663507294578,0.18052593781927828,0.685317427107776
26674,0.28269557819337016,0.094620023586759,0.6226843982198709
26675,0.0609855766159064,0.15508407807553296,0.7839303453085605
26676,0.05559043100841693,0.09499336196210932,0.8494162070294736
26677,0.03302936317203181,0.07392380355687228,0.8930468332710959
26678,0.08554231486107802,0.28587621321240897,0.6285814719265131
26679,0.16265964920648238,0.1317332032652343,0.7056071475282834
26680,0.03635870655680461,0.09295968329287962,0.8706816101503158
26681,0.02394888207362704,0.05542797797442818,0.9206231399519448
26682,0.05499561494611527,0.13013628999428814,0.8148680950595966
26683,0.075332867206686,0.3648788628103398,0.5597882699829742
26684,0.04255370726245206,0.13843602087559526,0.8190102718619527
26685,0.13280597689346257,0.17105119063424548,0.6961428324722919
26686,0.04727431528423219,0.11443262067269869,0.8382930640430691
26687,0.11110822791135946,0.08185852394812697,0.8070332481405137
26688,0.27714039239215016,0.4976422860757944,0.22521732153205537
26689,0.061900211157189834,0.09940122058996081,0.8386985682528494
26690,0.04743101982349,0.10789489139092727,0.8446740887855828
26691,0.05480295928465885,0.11659446597910723,0.8286025747362338
26692,0.0547017200979595,0.2856063764097591,0.6596919034922814
26693,0.24448329326925125,0.10303678458333232,0.6524799221474165
26694,0.5543910670977047,0.43530175040295394,0.010307182499341353
26695,0.05912775610391593,0.102779112011644,0.83809313188444
26696,0.06854546993955332,0.06863092150719488,0.8628236085532517
26697,0.01752210581450856,0.03543097471422513,0.9470469194712663
26698,0.03205786166350106,0.036406843097925426,0.9315352952385734
26699,0.08936826382415236,0.36424824932749933,0.5463834868483485
26700,0.0818895874058562,0.20519688316071022,0.7129135294334336
26701,0.11645616911889914,0.3661031107350353,0.5174407201460657
26702,0.12485356325702497,0.3931759009605972,0.48197053578237786
26703,0.04998744038965482,0.22970650936507603,0.7203060502452692
26704,0.06469615322935603,0.09906333710255513,0.8362405096680888
26705,0.050837590133470424,0.06863210930057627,0.8805303005659532
26706,0.0746305403966601,0.18601768468676652,0.7393517749165732
26707,0.39420077254475594,0.07774457078186002,0.528054656673384
26708,0.09820421300320416,0.16047730118717096,0.7413184858096249
26709,0.0578029816981376,0.07361989891735018,0.8685771193845122
26710,0.1486898649913338,0.1703325946405763,0.68097754036809
26711,0.25845290556410394,0.09743702090926197,0.6441100735266341
26712,0.07785837747528879,0.14938515832494786,0.7727564641997633
26713,0.15051161700579715,0.3681846219127097,0.48130376108149314
26714,0.07005414903203731,0.09108952257584285,0.8388563283921199
26715,0.07048307473154228,0.31835786061825455,0.6111590646502031
26716,0.08722371414127286,0.6937323119371708,0.2190439739215563
26717,0.05967623370836646,0.18636568177446713,0.7539580845171665
26718,0.09219651998582898,0.22721588408811222,0.6805875959260589
26719,0.07469726118563709,0.23439645019988603,0.6909062886144769
26720,0.06162135903052729,0.2055476694902238,0.7328309714792489
26721,0.06424982223645992,0.3236820214799183,0.6120681562836217
26722,0.16493564175880146,0.1390176465904788,0.6960467116507196
26723,0.12603212254027427,0.1493667313661025,0.7246011460936232
26724,0.07597165417647897,0.2783776555585632,0.6456506902649578
26725,0.04322199476195049,0.34338458071933387,0.6133934245187157
26726,0.1081543228851857,0.565332331020761,0.32651334609405336
26727,0.04935532315007298,0.06570178269634755,0.8849428941535795
26728,0.05308509095899101,0.07090454439504185,0.8760103646459673
26729,0.1336301712698225,0.19039467315300612,0.6759751555771714
26730,0.08748363636744443,0.4506799383544511,0.46183642527810453
26731,0.043243460397879484,0.19106870433578155,0.765687835266339
26732,0.13849717519084523,0.8574798059443683,0.004023018864786268
26733,0.05464006593110092,0.09260297084871848,0.8527569632201806
26734,0.04925764362371934,0.1530003042296186,0.7977420521466619
26735,0.05410988639511925,0.1109985151595169,0.8348915984453639
26736,0.06462489140550307,0.12115593114878656,0.8142191774457104
26737,0.09820935052023916,0.1512630729229631,0.7505275765567978
26738,0.0762579544075246,0.11949670806591553,0.80424533752656
26739,0.44022279583750945,0.07609552443592861,0.48368167972656206
26740,0.0473745954035893,0.0528747174876444,0.8997506871087666
26741,0.15046488022814758,0.8387573147515196,0.010777805020332796
26742,0.03518242076666291,0.09218897160692427,0.8726286076264129
26743,0.11024322776509318,0.10511568267306706,0.7846410895618398
26744,0.1636210400822375,0.16540588736192718,0.6709730725558353
26745,0.0321981410946301,0.10932593100780696,0.8584759278975629
26746,0.11129962751248872,0.15328397109893527,0.735416401388576
26747,0.06928796597624545,0.45392795779239137,0.4767840762313632
26748,0.1834914229920425,0.3971863689719224,0.41932220803603515
26749,0.07500744858583915,0.18240979891914996,0.7425827524950109
26750,0.0890591823172092,0.07966574774531646,0.8312750699374745
26751,0.043903192701597635,0.23316224557153215,0.7229345617268701
26752,0.07150868245547222,0.6259651154865817,0.30252620205794606
26753,0.10662980241656392,0.07371094769124267,0.8196592498921935
26754,0.08280178680022462,0.07354924062243343,0.843648972577342
26755,0.05893366877088587,0.08025225721736957,0.8608140740117445
26756,0.05114021334414426,0.06900744448772607,0.8798523421681296
26757,0.09531025390493333,0.10785501577402931,0.7968347303210374
26758,0.06370870604926904,0.25056527773570203,0.6857260162150289
26759,0.11417945726558901,0.2148396657197066,0.6709808770147043
26760,0.11721948735220669,0.2623656586373861,0.6204148540104071
26761,0.04846637026021034,0.12025603682483033,0.8312775929149593
26762,0.08704137973289094,0.1412108879687698,0.7717477322983393
26763,0.03966867752453412,0.09936681003036718,0.8609645124450986
26764,0.08096420459403904,0.15354750118907307,0.7654882942168879
26765,0.07365343846778809,0.08797792033387174,0.8383686411983401
26766,0.08465302502115538,0.35607692469718716,0.5592700502816574
26767,0.09427522963447359,0.22482899916903828,0.6808957711964881
26768,0.05709587946498107,0.9376997666973834,0.0052043538376357
26769,0.08092309990536133,0.2601619711717754,0.6589149289228632
26770,0.09721868213324197,0.26183176086766646,0.6409495569990915
26771,0.14972093954837853,0.837168570716884,0.013110489734737538
26772,0.5153254169141807,0.07947825824398569,0.40519632484183365
26773,0.1019903971106703,0.09811492301304128,0.7998946798762884
26774,0.02816401227026179,0.05562704114730519,0.916208946582433
26775,0.04610385266043712,0.15768078680758604,0.7962153605319766
26776,0.09922221411742527,0.13477413261837223,0.7660036532642025
26777,0.047682872261561086,0.09166085391885495,0.8606562738195839
26778,0.06218759109599089,0.07659447085469692,0.8612179380493122
26779,0.07388424842689238,0.10253268790375628,0.8235830636693514
26780,0.0505122461949018,0.21360825249546417,0.7358795013096341
26781,0.05126083531504398,0.13865267385565733,0.8100864908292987
26782,0.051378026947895394,0.10141423614663729,0.8472077369054674
26783,0.17245914631452458,0.24176223047899428,0.5857786232064812
26784,0.09797492752683248,0.33677738821145553,0.565247684261712
26785,0.060186733342067776,0.11782122486488408,0.8219920417930482
26786,0.33198996351061316,0.12009373141713513,0.5479163050722518
26787,0.04229204704306965,0.06884796065049191,0.8888599923064385
26788,0.12857183468103622,0.1471352071826187,0.7242929581363452
26789,0.2533299949137954,0.24520859481607743,0.5014614102701274
26790,0.03888821001514194,0.11662814291835963,0.8444836470664985
26791,0.041785568270913606,0.06861557565730775,0.8895988560717786
26792,0.1840476330221713,0.14028185323955972,0.6756705137382689
26793,0.09422089789718571,0.1264587635383979,0.7793203385644164
26794,0.04199956908917557,0.10351140388805746,0.8544890270227669
26795,0.1122078213231287,0.21331698169457,0.6744751969823012
26796,0.10567172225942927,0.8929086706845469,0.0014196070560236957
26797,0.05294119450335503,0.39107990914207696,0.5559788963545682
26798,0.23373816453490442,0.1617173160871189,0.6045445193779768
26799,0.18040808093442212,0.15530256921929853,0.6642893498462794
26800,0.044129293716795165,0.9432376973120029,0.012633008971201839
26801,0.07152750030180763,0.5088829268989878,0.41958957279920456
26802,0.08365402055645116,0.11118000910145269,0.8051659703420961
26803,0.06446203468294306,0.14900337336865452,0.7865345919484024
26804,0.03524104993357316,0.13264345355643065,0.8321154965099963
26805,0.018480218116424176,0.11521435193246676,0.866305429951109
26806,0.06114557698084359,0.10121808910812875,0.8376363339110278
26807,0.10091774303202217,0.11670887330013635,0.7823733836678415
26808,0.05894179988873423,0.23879096434652008,0.7022672357647457
26809,0.06621482099455522,0.1726336906150906,0.7611514883903542
26810,0.05795491124134457,0.13877803182820564,0.8032670569304499
26811,0.04204337679627547,0.06578573732480313,0.8921708858789215
26812,0.05251380941124441,0.09110381222818197,0.8563823783605737
26813,0.06382717817090493,0.4626568438400899,0.47351597798900513
26814,0.13708108284537102,0.14954968460546442,0.7133692325491646
26815,0.0778233715492179,0.18428146838347859,0.7378951600673036
26816,0.05439213519785806,0.3697578349785512,0.5758500298235908
26817,0.10012273576863776,0.04848712344162479,0.8513901407897375
26818,0.10110130810800418,0.12804096685018235,0.7708577250418136
26819,0.08946095032156585,0.22582411417383502,0.6847149355045992
26820,0.15706353494484426,0.8394478660399235,0.003488599015232123
26821,0.11530543465838772,0.8795086630971396,0.0051859022444728335
26822,0.11072225788339085,0.3062977896055542,0.582979952511055
26823,0.04891699779535279,0.060217819543890314,0.8908651826607569
26824,0.11562368547354356,0.10146732657197903,0.7829089879544775
26825,0.05424113113916347,0.0830725690862,0.8626862997746366
26826,0.06827344691744268,0.09723307239606777,0.8344934806864895
26827,0.0643813086709529,0.10648384870042471,0.8291348426286225
26828,0.03281943725348331,0.2552149975458332,0.7119655652006837
26829,0.03403517317290049,0.09363257300392715,0.8723322538231721
26830,0.051589179562378254,0.14366362838685207,0.8047471920507696
26831,0.05352905115961064,0.08072117743713923,0.86574977140325
26832,0.01735926811409083,0.023995587117194246,0.958645144768715
26833,0.0665480346477446,0.07691836782950226,0.8565335975227532
26834,0.051333514083586676,0.1347775176577857,0.8138889682586278
26835,0.5942928264672956,0.1005399900112898,0.3051671835214146
26836,0.17260002896648272,0.37840171508213943,0.4489982559513779
26837,0.0805859900398103,0.043142007244986715,0.876272002715203
26838,0.10412165218001342,0.3611009891869711,0.5347773586330156
26839,0.8061260700960124,0.020624214429600926,0.1732497154743866
26840,0.10048050831058666,0.22554235804379336,0.67397713364562
26841,0.02940096542384747,0.05072353519645242,0.9198754993797001
26842,0.0781978748802847,0.16018109047355134,0.7616210346461638
26843,0.0813909025164554,0.062392463652260546,0.8562166338312842
26844,0.11646815262313519,0.43059736657921405,0.4529344807976507
26845,0.5490217219491298,0.05759703146176385,0.39338124658910645
26846,0.08185416984342808,0.10427074395642663,0.8138750862001451
26847,0.11575249063478421,0.24574955952919825,0.6384979498360175
26848,0.0903199162218553,0.08409894486173738,0.8255811389164073
26849,0.1510681557585281,0.11155290998722925,0.7373789342542427
26850,0.11637976740611085,0.2293003174821818,0.6543199151117074
26851,0.08398791629889041,0.1667418721219993,0.7492702115791101
26852,0.2081129153975158,0.6259268821284312,0.16596020247405313
26853,0.0910940778262696,0.09170399702536525,0.8172019251483651
26854,0.046050858985620946,0.9506525811895651,0.0032965598248138337
26855,0.0976221132572894,0.2180136075471093,0.6843642791956012
26856,0.08939112976657645,0.08393850773048493,0.8266703625029386
26857,0.09586575045128089,0.1309226398532671,0.773211609695452
26858,0.08808979987550376,0.5941759418515928,0.3177342582729035
26859,0.07074895372575278,0.6402845940867896,0.2889664521874577
26860,0.08239435318163389,0.37122546274108975,0.5463801840772763
26861,0.12151489241031255,0.28248802283240393,0.5959970847572834
26862,0.10812242872700037,0.2309646649716055,0.6609129063013942
26863,0.04382523392491795,0.09225400546086202,0.8639207606142201
26864,0.07518269161560666,0.35137278765108354,0.5734445207333098
26865,0.04144554281509992,0.07084892470261642,0.8877055324822836
26866,0.031581866950545615,0.09119446902188885,0.8772236640275655
26867,0.046346636079242,0.11089540713376245,0.8427579567869955
26868,0.029169198646855708,0.08374465875034401,0.8870861426028002
26869,0.023623379355735354,0.017630771839474108,0.9587458488047906
26870,0.04037162383910771,0.784267955019139,0.17536042114175318
26871,0.09738642626089854,0.08182184528959821,0.8207917284495032
26872,0.10823529334807669,0.19452893135639865,0.6972357752955246
26873,0.09938751275681132,0.14522054356519615,0.7553919436779927
26874,0.14138759977081355,0.30967440609238256,0.5489379941368039
26875,0.0871724515715099,0.2684769494709472,0.644350598957543
26876,0.06595881505610493,0.07840464034031613,0.8556365446035787
26877,0.08462125206006821,0.10730527150418082,0.8080734764357509
26878,0.09436094574061035,0.1694602920445246,0.736178762214865
26879,0.13445265970603262,0.18849775135138963,0.6770495889425778
26880,0.24485273642569122,0.10673664883730886,0.6484106147369999
26881,0.06542618729127239,0.1751737560266243,0.7594000566821032
26882,0.2907602114207204,0.06410698444064394,0.6451328041386357
26883,0.03550526837498363,0.05676688152219507,0.9077278501028212
26884,0.0912806722597006,0.43572262794305916,0.4729966997972402
26885,0.19394103739945895,0.15088164539689797,0.6551773172036431
26886,0.09120745628924395,0.12263005588707435,0.7861624878236817
26887,0.02287754100648111,0.08443843109844636,0.8926840278950724
26888,0.13744652682795563,0.17941956768863299,0.6831339054834114
26889,0.0361945385201496,0.1146464614597666,0.8491590000200839
26890,0.034570889898883184,0.15417434829943372,0.8112547618016832
26891,0.07145769761114214,0.34987870259384934,0.5786635997950086
26892,0.10122509286583181,0.2535177102412515,0.6452571968929166
26893,0.03848508608725469,0.07015323646334506,0.8913616774494001
26894,0.061669448578299535,0.06319758299855814,0.8751329684231424
26895,0.15438592994297734,0.30891881910609154,0.5366952509509312
26896,0.07837504514407527,0.2699714840073998,0.6516534708485249
26897,0.06943735655223258,0.17768235026711074,0.7528802931806566
26898,0.06372682508130317,0.1548404689819541,0.7814327059367427
26899,0.1072245416194304,0.1434268179026771,0.7493486404778925
26900,0.07677305723287756,0.295325313205827,0.6279016295612955
26901,0.05440292323093694,0.17687497731345045,0.7687220994556127
26902,0.033607590669034196,0.03114495888982562,0.9352474504411401
26903,0.11330843241527652,0.2108828571192452,0.6758087104654782
26904,0.36173965429541266,0.6294868720239183,0.008773473680669127
26905,0.05304976970648144,0.22669088672518192,0.7202593435683367
26906,0.03047112253764047,0.07899220627724701,0.8905366711851125
26907,0.09399380644236409,0.04686754562298005,0.8591386479346559
26908,0.04406203951508535,0.12260614824144675,0.8333318122434678
26909,0.05900550431362615,0.5000026204382104,0.44099187524816363
26910,0.08788681247284796,0.3615789022685596,0.5505342852585924
26911,0.07255813727966905,0.153302768665786,0.7741390940545448
26912,0.034671272690910554,0.09555599915038897,0.8697727281587004
26913,0.1777563885635592,0.13952755737181186,0.6827160540646288
26914,0.07210873604829707,0.17970934039180184,0.7481819235599011
26915,0.07620413003022754,0.10634391755800814,0.8174519524117644
26916,0.1147565272045632,0.8819160853915162,0.00332738740392053
26917,0.052457215261304355,0.09907156101404144,0.8484712237246542
26918,0.08147575032584053,0.11088284014944942,0.8076414095247101
26919,0.6040290628083138,0.12171193566096691,0.2742590015307193
26920,0.07473777538675079,0.27567395481390405,0.649588269799345
26921,0.03917361580444935,0.687847443904337,0.2729789402912136
26922,0.07333654845421539,0.5381403966738577,0.3885230548719269
26923,0.04109713606074319,0.07142020427054971,0.8874826596687072
26924,0.0555847140603309,0.06153809176350607,0.8828771941761631
26925,0.08870149435464245,0.06823676010066597,0.8430617455446916
26926,0.16611192879349293,0.3743838907784468,0.4595041804280603
26927,0.1164448613458156,0.19253987101599815,0.6910152676381862
26928,0.06530293428920862,0.9295476897462361,0.0051493759645551565
26929,0.0650472867103941,0.1384883175469336,0.7964643957426722
26930,0.06185850273546466,0.5049893709452713,0.43315212631926403
26931,0.19435601353636558,0.7987080307348269,0.006935955728807543
26932,0.06960845669486052,0.4627073121517979,0.46768423115334157
26933,0.3728257785171687,0.13112727878211233,0.4960469427007189
26934,0.08525701577626242,0.10861838214863055,0.806124602075107
26935,0.062134278224970384,0.10933061720884545,0.8285351045661841
26936,0.066778034136148,0.054724405609268945,0.8784975602545831
26937,0.13368008332332182,0.2646980752732153,0.6016218414034628
26938,0.1621706113337212,0.8325056532041147,0.005323735462163964
26939,0.24643193038130243,0.7406444220606117,0.012923647558085848
26940,0.11007717939661157,0.1011035296856132,0.7888192909177751
26941,0.0853807150755729,0.1231889218838829,0.7914303630405443
26942,0.21443666273938122,0.2272677798527954,0.5582955574078234
26943,0.07157407567820433,0.3689017204165691,0.5595242039052266
26944,0.054916673031681226,0.0534897506585757,0.8915935763097431
26945,0.10690542170322541,0.3532345903804494,0.5398599879163252
26946,0.11006643140495427,0.1488702280177306,0.7410633405773152
26947,0.06815403635645603,0.38471081237991284,0.5471351512636311
26948,0.07347352490400709,0.23938565970241013,0.6871408153935828
26949,0.3823969462332368,0.15873708471438658,0.4588659690523767
26950,0.20861718547779193,0.31103821603065157,0.48034459849155653
26951,0.2652061636648696,0.29559402419911673,0.43919981213601345
26952,0.18333494644644063,0.23047237865264295,0.5861926749009164
26953,0.04023478293215247,0.0304914022364074,0.9292738148314401
26954,0.031014709720494173,0.07339510215347475,0.8955901881260312
26955,0.0663416182792678,0.5269836875000562,0.406674694220676
26956,0.1791425583946831,0.1659685812650923,0.6548888603402246
26957,0.5006435925094049,0.17905468887539921,0.3203017186151959
26958,0.11271088492841315,0.11112679377357478,0.7761623212980121
26959,0.06972375684510602,0.3226300401570227,0.6076462029978714
26960,0.11293391358377539,0.1140027148168102,0.7730633715994145
26961,0.10459036567390209,0.16695359920983519,0.7284560351162627
26962,0.04474356776485456,0.6963296848511004,0.258926747384045
26963,0.24448329326925125,0.10303678458333232,0.6524799221474165
26964,0.08932163808337339,0.18593149319710642,0.7247468687195201
26965,0.09494987836322047,0.3212148887154599,0.5838352329213196
26966,0.07837504514407527,0.2699714840073998,0.6516534708485249
26967,0.06284155665295606,0.0804118093297957,0.8567466340172482
26968,0.13961377935886893,0.10178103764232856,0.7586051829988025
26969,0.03259961082324125,0.07330465936102629,0.8940957298157326
26970,0.12078901730810734,0.1410710110728827,0.73813997161901
26971,0.07995408061543137,0.2362377496656546,0.6838081697189139
26972,0.1158776674165793,0.2803390275095722,0.6037833050738486
26973,0.043785732544292945,0.16235803924011,0.793856228215597
26974,0.045002587165518325,0.04175659190922335,0.9132408209252583
26975,0.07279079073910104,0.09083275504708692,0.8363764542138121
26976,0.10202708489869099,0.886802479694907,0.011170435406401858
26977,0.05017832861133207,0.22611454591856672,0.7237071254701011
26978,0.041353450947294985,0.11027570105714742,0.8483708479955576
26979,0.0586593944777994,0.28575724982569806,0.6555833556965025
26980,0.09964227768386277,0.13524509857576356,0.7651126237403737
26981,0.11668223630248035,0.22511656063839353,0.6582012030591262
26982,0.03511042308233618,0.13579232140462422,0.8290972555130397
26983,0.07775066112894337,0.1888450174999087,0.733404321371148
26984,0.08014381904435194,0.1315741993140788,0.7882819816415693
26985,0.13142196530055356,0.17181088035648556,0.6967671543429609
26986,0.05317873640363643,0.04864490306045739,0.8981763605359063
26987,0.10404297103227685,0.5753039262085247,0.32065310275919845
26988,0.13196388434450984,0.37147179980699524,0.49656431584849486
26989,0.07288254692436716,0.1722365988925461,0.7548808541830866
26990,0.06967830979941081,0.07110103974062112,0.859220650459968
26991,0.06003365549208449,0.1466766481371612,0.7932896963707543
26992,0.11235241519373178,0.4350444293594487,0.45260315544681956
26993,0.06518785534708556,0.11047055706783986,0.8243415875850746
26994,0.1450851992705636,0.170334864045735,0.6845799366837013
26995,0.048916637056828846,0.22115695153338066,0.7299264114097904
26996,0.02751968737384643,0.09017941159357137,0.8823009010325823
26997,0.23758771235005754,0.3650805454963972,0.3973317421535453
26998,0.15103513685457867,0.1198649367386169,0.7290999264068043
26999,0.1840505013435731,0.12297881374741129,0.6929706849090157
27000,0.08139671249641678,0.4478272706801512,0.4707760168234321
27001,0.07433277049292836,0.30404567715617115,0.6216215523509006
27002,0.08224500872942885,0.21255129731636538,0.7052036939542058
27003,0.18710235411833073,0.1310243497508714,0.681873296130798
27004,0.045432715121091406,0.2587809733630076,0.695786311515901
27005,0.03688007562090985,0.17342531865200583,0.7896946057270842
27006,0.05791548780552329,0.10150719494499028,0.8405773172494865
27007,0.07342240309790807,0.6669483347896046,0.25962926211248744
27008,0.09846248833878106,0.18634013514704623,0.7151973765141728
27009,0.04438495754528275,0.17464661157689765,0.7809684308778195
27010,0.04313404708147073,0.1501340263686743,0.806731926549855
27011,0.15379460272317505,0.3647960141214075,0.48140938315541754
27012,0.04051345748200838,0.052331029253963934,0.9071555132640278
27013,0.2299086537275175,0.13000861047552156,0.640082735796961
27014,0.06965359480118834,0.5401749647347935,0.3901714404640181
27015,0.11696820361413733,0.3752665444972075,0.5077652518886552
27016,0.05888613078174516,0.08686983972801592,0.8542440294902388
27017,0.0697385715729005,0.10717755454033757,0.823083873886762
27018,0.041481830437567646,0.11192936888225216,0.8465888006801802
27019,0.0921043845773684,0.11508198639605074,0.7928136290265808
27020,0.07500278658328441,0.2914587271437782,0.6335384862729374
27021,0.07296282918004977,0.31983928490464225,0.6071978859153081
27022,0.05364192376169323,0.08127906154956442,0.8650790146887424
27023,0.1360193340651278,0.3006335522914336,0.5633471136434386
27024,0.038341243173041634,0.1536853300690168,0.8079734267579415
27025,0.1683476871935559,0.07706226203484166,0.7545900507716025
27026,0.0458373830573534,0.07930463851928019,0.8748579784233664
27027,0.11945288023142382,0.078049764111962,0.8024973556566142
27028,0.22290944635305418,0.15126532065015313,0.6258252329967926
27029,0.049188574589921916,0.15072068298989386,0.8000907424201843
27030,0.12150752228929554,0.410475675573499,0.4680168021372054
27031,0.4241895085005072,0.19271445506288756,0.3830960364366053
27032,0.2081547996130224,0.15484299591756076,0.6370022044694168
27033,0.09333348300237718,0.06165233390448814,0.8450141830931346
27034,0.07979768296787595,0.14037967359827716,0.7798226434338469
27035,0.5388597576316382,0.11142225370472973,0.34971798866363196
27036,0.07068863799786917,0.09780313868434,0.8315082233177907
27037,0.1519280180482226,0.18150973923856972,0.6665622427132076
27038,0.07739449425500561,0.0969187470898516,0.8256867586551426
27039,0.2096770399003549,0.23193634955114337,0.5583866105485018
27040,0.12904613177627938,0.11167886565359805,0.7592750025701227
27041,0.015390116610058683,0.02840233963002446,0.9562075437599169
27042,0.3583038164625978,0.6332296034994018,0.00846658003800038
27043,0.09717763821156929,0.14077806648711447,0.7620442953013161
27044,0.04864917427907392,0.09841263531993037,0.8529381904009956
27045,0.03900638509494615,0.12124142234941437,0.8397521925556395
27046,0.0363486967369991,0.07177848561830125,0.8918728176446995
27047,0.05904979158796915,0.6418505353412722,0.2990996730707585
27048,0.305762316654719,0.6916058770374037,0.0026318063078774193
27049,0.09783127046301843,0.31656939426914193,0.5855993352678397
27050,0.03468993517676958,0.1496906099024981,0.8156194549207323
27051,0.07454733804658323,0.1975369411224194,0.7279157208309972
27052,0.03238679748156161,0.055679125175764954,0.9119340773426734
27053,0.0807397241122693,0.16198878991124538,0.7572714859764853
27054,0.09725063805311424,0.10409217969175832,0.7986571822551276
27055,0.1886272330606481,0.8068905196690703,0.004482247270281525
27056,0.23927696584612548,0.7564454060973432,0.004277628056531257
27057,0.05181033008030207,0.23531449867148005,0.712875171248218
27058,0.17824043425956065,0.15126239561910332,0.670497170121336
27059,0.0552796753102718,0.0839098164859389,0.8608105082037893
27060,0.0781730671652607,0.11340040367291501,0.8084265291618242
27061,0.3834712082769259,0.13237329835190487,0.4841554933711693
27062,0.14014553191232756,0.09388466398027004,0.7659698041074023
27063,0.10719860292553007,0.12880229262671944,0.7639991044477507
27064,0.024267331290116975,0.03408292176642222,0.941649746943461
27065,0.046227543868042044,0.3151794562967281,0.6385929998352299
27066,0.03347992123347069,0.08937292806229877,0.8771471507042307
27067,0.09698139138783173,0.19525596684150712,0.7077626417706612
27068,0.41605250913165603,0.07858278280475675,0.5053647080635872
27069,0.06177691526324221,0.12043874903129481,0.817784335705463
27070,0.057013445148410294,0.05528277527433441,0.8877037795772553
27071,0.05944372212263068,0.08118719822131629,0.859369079656053
27072,0.0881921240530644,0.2818478667626635,0.6299600091842721
27073,0.07755964627505905,0.1625770716770661,0.7598632820478748
27074,0.14456195646056008,0.3134486040239878,0.5419894395154521
