index,0,1,2
26457,0.054857811346536355,0.1220758201584561,0.8230663684950074
26458,0.17676689321735375,0.20584416884558496,0.6173889379370613
26459,0.05859280627319425,0.07166011825699349,0.8697470754698121
26460,0.1151750898850964,0.11948301037506977,0.7653418997398337
26461,0.086193771488831,0.25846062543208304,0.655345603079086
26462,0.06760134947677124,0.1330323332709341,0.7993663172522947
26463,0.2483921006028864,0.7442913483019749,0.007316551095138772
26464,0.08376909768832567,0.11437224888216048,0.8018586534295137
26465,0.05700406000726885,0.10750659405281254,0.8354893459399187
26466,0.07425074443417193,0.268883873313884,0.656865382251944
26467,0.09317800823709495,0.1440601125721753,0.7627618791907298
26468,0.053523540468455866,0.08616232118968814,0.860314138341856
26469,0.426559881072959,0.19994436226908405,0.3734957566579569
26470,0.08788255536206711,0.13849082903584678,0.773626615602086
26471,0.07522906144092821,0.06251685108721253,0.8622540874718593
26472,0.08268075178424998,0.16794101171644737,0.7493782364993026
26473,0.07939591211723478,0.061143155288783606,0.8594609325939816
26474,0.14305999270800496,0.8531612666347915,0.0037787406572032515
26475,0.2847711914528457,0.27202122474033447,0.44320758380681974
26476,0.020012943048356432,0.07527079727388918,0.9047162596777542
26477,0.10131942090606068,0.13412393880502785,0.7645566402889116
26478,0.040843927396089254,0.06274007159552163,0.8964160010083891
26479,0.07225201340972073,0.19742704146083886,0.7303209451294405
26480,0.06588499423807392,0.09458302721997003,0.8395319785419563
26481,0.08314448483286416,0.3236170215831238,0.5932384935840121
26482,0.1490825733724377,0.10991788616846031,0.740999540459102
26483,0.04939754076294787,0.13639072835933813,0.814211730877714
26484,0.1285590692712187,0.14333855413461202,0.7281023765941693
26485,0.0506242582129244,0.06868517270778567,0.88069056907929
26486,0.08976119239397451,0.215272504971751,0.6949663026342744
26487,0.09377367941950725,0.13997935677961523,0.7662469638008775
26488,0.18555243072583405,0.794495710352502,0.01995185892166403
26489,0.05268517045124633,0.1942573575779454,0.7530574719708082
26490,0.0980763485799831,0.2777235122854466,0.6242001391345703
26491,0.06540329268633714,0.10225819772583945,0.8323385095878234
26492,0.07826817518620617,0.14681715244682675,0.774914672366967
26493,0.6047241953579177,0.3907669443561172,0.004508860285965265
26494,0.09638619028974267,0.17235897198653868,0.7312548377237187
26495,0.06790313908001025,0.09733480458433429,0.8347620563356554
26496,0.07852636351939593,0.21808516232431818,0.7033884741562858
26497,0.07309866033148821,0.678742328617501,0.2481590110510108
26498,0.16450845949833381,0.43551018850003015,0.39998135200163604
26499,0.07078804094645468,0.14287051589852143,0.786341443155024
26500,0.09728714958148095,0.29403730113921955,0.6086755492792993
26501,0.09829688528774362,0.21571823458754624,0.6859848801247103
26502,0.03732755385327953,0.06347201785132035,0.8992004282954
26503,0.09547163241405875,0.32433216174700563,0.5801962058389355
26504,0.0719728473334564,0.12126433664146886,0.8067628160250747
26505,0.05496290549830518,0.06860338627322916,0.8764337082284658
26506,0.0680098511232579,0.9197394559187706,0.012250692957971633
26507,0.1380527683000792,0.8544879981311623,0.007459233568758622
26508,0.09793961544233219,0.43156541846768115,0.47049496608998664
26509,0.09483052581056518,0.18999657586107677,0.715172898328358
26510,0.0671185835942422,0.1838110265822321,0.7490703898235257
26511,0.08068812480578882,0.09213320037851014,0.827178674815701
26512,0.12910562361656144,0.13495522647210897,0.7359391499113296
26513,0.08563219858187048,0.19919180191012062,0.7151759995080088
26514,0.06844083057420768,0.13707289269143005,0.7944862767343622
26515,0.31031711821639996,0.049906891787321696,0.6397759899962784
26516,0.055643250677682436,0.16750339033570896,0.7768533589866086
26517,0.2515574377115913,0.7405543906771689,0.007888171611239803
26518,0.05805088798484837,0.09212574343599446,0.8498233685791572
26519,0.4177727473404718,0.15583200672465602,0.4263952459348721
26520,0.03097847292954714,0.8178684113208136,0.15115311574963936
26521,0.08158906994086997,0.16496591689131732,0.7534450131678126
26522,0.11745648667931284,0.18622126462447056,0.6963222486962165
26523,0.11407378332499973,0.25548217186689004,0.6304440448081102
26524,0.052825524789404034,0.15870220613171435,0.7884722690788815
26525,0.2344579643641853,0.21508151109694792,0.5504605245388668
26526,0.043908344295506,0.07356344418752267,0.8825282115169716
26527,0.07326097212023146,0.14243753268173062,0.7843014951980378
26528,0.11789394655435538,0.8722192578845015,0.009886795561143172
26529,0.47172904212349476,0.1121696225221117,0.41610133535439364
26530,0.03643543818780288,0.05567675267197288,0.9078878091402242
26531,0.03748127197690828,0.08324264135897372,0.879276086664118
26532,0.2913916513700988,0.13231882611191573,0.5762895225179855
26533,0.06517718201867179,0.06641247488703615,0.8684103430942921
26534,0.044257557123987684,0.13668149750350186,0.8190609453725105
26535,0.05565967435141502,0.09514587185506085,0.8491944537935242
26536,0.10966747058963272,0.26137055213108884,0.6289619772792784
26537,0.052984198571496194,0.0542995497896385,0.8927162516388655
26538,0.046294761996480416,0.25886996956920133,0.6948352684343183
26539,0.055272526053168326,0.17238044474062697,0.7723470292062048
26540,0.14279732906547415,0.6162418975562268,0.2409607733782989
26541,0.06535842281837954,0.11290682277146503,0.8217347544101554
26542,0.0735722512470232,0.14330983096949965,0.7831179177834772
26543,0.0455043031438034,0.05498384506793791,0.8995118517882587
26544,0.1096275533425739,0.15324250483016041,0.7371299418272655
26545,0.0905545974044293,0.19290028955194727,0.7165451130436233
26546,0.0734678930350789,0.11378995657506903,0.8127421503898521
26547,0.04873381259494682,0.07138677389681451,0.8798794135082387
26548,0.05070348766536972,0.05538263829077377,0.8939138740438567
26549,0.20594808015126476,0.7885057376696238,0.005546182179111267
26550,0.07678485406303093,0.22509729672023412,0.698117849216735
26551,0.07547723893665893,0.3100972680386493,0.6144254930246918
26552,0.055401844833731374,0.2308043840818463,0.7137937710844224
26553,0.02627564339473386,0.061283973371767754,0.9124403832334983
26554,0.11848911243257947,0.4098318116045172,0.47167907596290326
26555,0.07068973597530563,0.08377741686287221,0.845532847161822
26556,0.08073030710253097,0.15888678708903073,0.7603829058084384
26557,0.05489498381543482,0.12306068981534635,0.8220443263692189
26558,0.22062435782136303,0.23502047907760806,0.5443551631010289
26559,0.3038621838369841,0.11747731320359638,0.5786605029594195
26560,0.06786169094590014,0.14205562984718162,0.7900826792069182
26561,0.0573910193918158,0.1844080775196059,0.7582009030885782
26562,0.07795700570945181,0.07829072483281062,0.8437522694577376
26563,0.04169868601384319,0.08662089860311477,0.8716804153830422
26564,0.04366337317108348,0.1012104908595927,0.8551261359693237
26565,0.11352151892157918,0.40143606345057736,0.4850424176278434
26566,0.15475899161804943,0.20640444243408831,0.6388365659478621
26567,0.03621833687182426,0.10730756535888568,0.8564740977692901
26568,0.24755276328038164,0.7443746827062978,0.00807255401332072
26569,0.057909200577023236,0.1321457342382424,0.8099450651847344
26570,0.12516633230497984,0.27843109443035813,0.596402573264662
26571,0.052597259549728555,0.0822869523741622,0.8651157880761092
26572,0.080063207529608,0.18093619612996284,0.739000596340429
26573,0.11167560248062573,0.12786345920993766,0.7604609383094366
26574,0.17171416398637382,0.0961877598556272,0.732098076157999
26575,0.07027777205686943,0.1327468651193068,0.7969753628238236
26576,0.07297387691320976,0.09302382764428158,0.8340022954425086
26577,0.08158951037340105,0.10889632487133853,0.8095141647552603
26578,0.14461188980192807,0.24379727973288853,0.6115908304651835
26579,0.14663994256960058,0.8501220826442418,0.0032379747861575226
26580,0.06417840204122342,0.114070438581876,0.8217511593769005
26581,0.08444583559903544,0.1944790641571166,0.7210751002438479
26582,0.020386260538527812,0.05680465653355606,0.9228090829279164
26583,0.06442577847057401,0.10648122325387162,0.8290929982755543
26584,0.06029884416167719,0.1959110331588979,0.7437901226794249
26585,0.15805482311658045,0.36733182146443744,0.47461335541898214
26586,0.3067888028242454,0.3458694062393794,0.34734179093637535
26587,0.1755976334999136,0.3151191691144753,0.5092831973856111
26588,0.05720328290848229,0.18334849256033714,0.7594482245311805
26589,0.10169203158050762,0.13838028716232148,0.7599276812571709
26590,0.08793314666053509,0.5199004640909648,0.3921663892485001
26591,0.1798452541033525,0.8103181796739767,0.009836566222670942
26592,0.24077978231198713,0.14087935406447064,0.6183408636235422
26593,0.08134286131012552,0.17140505130109926,0.747252087388775
26594,0.12565255432513298,0.1404308749112735,0.7339165707635935
26595,0.030519900392423208,0.06926045218417677,0.9002196474234001
26596,0.09906819725120734,0.15530020835905928,0.7456315943897334
26597,0.1702724916364808,0.3996214157334494,0.43010609263006994
26598,0.11149472192539554,0.17346737948896665,0.7150378985856379
26599,0.04795655499835252,0.06424253933342762,0.8878009056682198
26600,0.06649824395975096,0.10813038618363226,0.825371369856617
26601,0.08888977889490236,0.12153851095532157,0.7895717101497762
26602,0.07808408700500212,0.11914874380855438,0.8027671691864434
26603,0.0882491625321828,0.08167381255801405,0.830077024909803
26604,0.06353844806220148,0.1015792393741891,0.8348823125636096
26605,0.09504528095108107,0.22234628481242733,0.6826084342364916
26606,0.23311461654945406,0.21218655022746946,0.5546988332230764
26607,0.05413879557439672,0.9367839396352345,0.009077264790368666
26608,0.030046312653016143,0.07026046846513,0.8996932188818537
26609,0.09222136137615411,0.20524057741176235,0.7025380612120835
26610,0.3367780216626341,0.6312061353738213,0.03201584296354451
26611,0.11045992526707828,0.17503048560681023,0.7145095891261114
26612,0.09702033984572496,0.2901163158546742,0.6128633442996009
26613,0.10624286199927724,0.1681952911521164,0.7255618468486063
26614,0.056870452152360335,0.08328752573575184,0.8598420221118879
26615,0.09107450424005592,0.15810225319716242,0.7508232425627815
26616,0.057290966413448864,0.0964404413540132,0.8462685922325379
26617,0.11535500161959168,0.22466701333307218,0.6599779850473363
26618,0.10858629329625369,0.19906784443507078,0.6923458622686757
26619,0.15369549055117523,0.17671968584028322,0.6695848236085418
26620,0.2539902565713376,0.723451429271789,0.02255831415687343
26621,0.050739623434042876,0.07469673817766304,0.874563638388294
26622,0.12974927640492992,0.4550606233976446,0.4151901001974256
26623,0.05501030595760151,0.5544088228157188,0.3905808712266798
26624,0.12693779658020443,0.13820981800192375,0.7348523854178719
26625,0.40699744942987315,0.19364483815324976,0.3993577124168772
26626,0.12031165647327663,0.12206878230272346,0.7576195612239999
26627,0.07469937237132095,0.1370650775991935,0.7882355500294856
26628,0.08078359782984827,0.2289147481365715,0.6903016540335803
26629,0.046678977375527064,0.07541297138104729,0.8779080512434255
26630,0.08366498107617364,0.1262996500938027,0.7900353688300238
26631,0.05449565808269718,0.043123575328521326,0.9023807665887814
26632,0.18698094783999167,0.15408936967176848,0.6589296824882398
26633,0.09352558019694063,0.1672336658384285,0.7392407539646308
26634,0.0689663183143837,0.07508478081724197,0.8559489008683742
26635,0.0727248825052693,0.16139977784845902,0.7658753396462717
26636,0.061455509149810794,0.18275767350512928,0.75578681734506
26637,0.032069409190958235,0.062109564747071265,0.9058210260619703
26638,0.09829485033861485,0.5444804712727541,0.3572246783886312
26639,0.4195182051595216,0.3075426265145733,0.2729391683259051
26640,0.05739503525304975,0.10215911417146045,0.8404458505754896
26641,0.07726333632508577,0.7221163127314635,0.2006203509434508
26642,0.041252944939505355,0.07894128580181077,0.8798057692586839
26643,0.0807483915469396,0.12068416420970692,0.7985674442433535
26644,0.051404212428576006,0.10813617094487159,0.8404596166265526
26645,0.0894142201887796,0.10193751770697969,0.8086482621042408
26646,0.48529734672530817,0.16214161410649955,0.3525610391681922
26647,0.08386646955115397,0.16873076652874183,0.7474027639201042
26648,0.08738502912695545,0.496527348557616,0.4160876223154287
26649,0.08047410738688354,0.14083754276116625,0.7786883498519502
26650,0.6227527133458891,0.34795395626585807,0.029293330388252898
26651,0.5664953385421779,0.41013007509186955,0.023374586365952632
26652,0.2271754208800161,0.1282250310323642,0.6445995480876198
26653,0.1810055601450721,0.19936156558075635,0.6196328742741717
26654,0.10428146420438598,0.3021913067231527,0.5935272290724614
26655,0.07917202004338356,0.3074789293418191,0.6133490506147973
26656,0.07139061417269496,0.1677107433705692,0.7608986424567359
26657,0.06092974233271783,0.10540725877907187,0.8336629988882104
26658,0.07131658216459487,0.21453174699947822,0.714151670835927
26659,0.13835641637007307,0.2291331189401851,0.6325104646897418
26660,0.05853042335125951,0.17076852955254937,0.7707010470961911
26661,0.1335549349425967,0.11507879587708558,0.7513662691803177
26662,0.05812588949634021,0.19193729120292202,0.7499368193007379
26663,0.059107989250437504,0.10489745524014142,0.835994555509421
26664,0.09737075751669948,0.21226789388216846,0.6903613486011321
26665,0.1992978319141794,0.20991368513888875,0.5907884829469319
26666,0.04046663947819481,0.7674341068772733,0.19209925364453195
26667,0.026842746804961407,0.0487963360426594,0.9243609171523791
26668,0.07889702102036875,0.4812899586176455,0.43981302036198566
26669,0.10374214758006761,0.3349310206787892,0.5613268317411432
26670,0.2175583229536118,0.19888552774912102,0.5835561492972672
26671,0.1211138670282463,0.10451974610331417,0.7743663868684395
26672,0.07909882472515468,0.08663531452311275,0.8342658607517327
26673,0.14647758026029248,0.17039730688397278,0.6831251128557349
26674,0.35547349192432565,0.0915207138405813,0.5530057942350931
26675,0.05977653729507964,0.1680141721255888,0.7722092905793314
26676,0.06777191518218283,0.1105300954946874,0.8216979893231299
26677,0.02906062703620027,0.05293746528414897,0.9180019076796508
26678,0.08596828299945408,0.28070563017871525,0.6333260868218307
26679,0.21512673810345587,0.15523026526087444,0.6296429966356698
26680,0.04472366812401223,0.09192327361392033,0.8633530582620675
26681,0.018973201648526398,0.05155852211758962,0.9294682762338841
26682,0.0500258200524829,0.1496044979605627,0.8003696819869545
26683,0.10399298877449104,0.3717742988985331,0.5242327123269758
26684,0.05800619172987966,0.14291499439429242,0.7990788138758279
26685,0.12263136546640195,0.15745513999919655,0.7199134945344015
26686,0.04865118525243279,0.10490581928169963,0.8464429954658677
26687,0.09928218032460567,0.11679059555697825,0.783927224118416
26688,0.28753560992301214,0.5530736155996864,0.15939077447730154
26689,0.056146147821948524,0.10090138159957852,0.8429524705784729
26690,0.05789432531288297,0.1133788773888756,0.8287267972982413
26691,0.05874657698097666,0.12117455078563122,0.8200788722333922
26692,0.07628334532655841,0.2816089057404388,0.6421077489330028
26693,0.21135664491919418,0.15009768153868974,0.6385456735421161
26694,0.5425415276930355,0.44241166054695064,0.015046811760013845
26695,0.059021634170584814,0.06632577146515685,0.8746525943642585
26696,0.07086915995610006,0.07892541272147292,0.8502054273224271
26697,0.023051390004949383,0.036726773259866466,0.9402218367351841
26698,0.03084065361616377,0.050088914774986414,0.91907043160885
26699,0.09670592295405583,0.3054723305112801,0.5978217465346641
26700,0.07276663654969663,0.24845096829241964,0.6787823951578836
26701,0.12149976213617904,0.4348496520219058,0.44365058584191513
26702,0.12548073320499073,0.39565324213011427,0.478866024664895
26703,0.055591103036729976,0.18761233088192084,0.756796566081349
26704,0.07218435774760171,0.12295164331368413,0.8048639989387141
26705,0.054238026652852246,0.07490467925181653,0.8708572940953312
26706,0.07009693040901814,0.14350154795026251,0.7864015216407193
26707,0.3978196377794994,0.08873785154496011,0.5134425106755404
26708,0.08948519315854953,0.15339814496166396,0.7571166618797864
26709,0.045987995964228784,0.06472668309132379,0.8892853209444475
26710,0.12634016945912038,0.21639144142513367,0.657268389115746
26711,0.2685906224937978,0.12103069227426311,0.6103786852319392
26712,0.08779297620612303,0.18755493069822116,0.7246520930956558
26713,0.13621879903247353,0.37330492318733866,0.4904762777801878
26714,0.07528196722066774,0.09999534100084805,0.8247226917784842
26715,0.08079390948692378,0.3484703379465967,0.5707357525664795
26716,0.10692861457278252,0.7112873888042689,0.18178399662294856
26717,0.06005317594729174,0.2952551801877146,0.6446916438649936
26718,0.10261968520075633,0.20422677455136093,0.6931535402478827
26719,0.07767433629153547,0.25073425015384515,0.6715914135546193
26720,0.06872978834791275,0.15735988120293834,0.7739103304491488
26721,0.07579420860741337,0.34040030711715796,0.5838054842754288
26722,0.15297873324023825,0.13942390389576725,0.7075973628639946
26723,0.09574075000540777,0.14826928051871108,0.7559899694758813
26724,0.07742546770324081,0.3045595104311329,0.6180150218656263
26725,0.0421720354166728,0.30383355160915304,0.653994412974174
26726,0.11074300603523246,0.492286924189611,0.39697006977515664
26727,0.05538878322780677,0.06259707123734351,0.8820141455348497
26728,0.04703111667079512,0.07305988525806455,0.8799089980711403
26729,0.13568318371060273,0.21153515847244564,0.6527816578169515
26730,0.10284568858418036,0.44110459590628337,0.45604971550953627
26731,0.05410822787644424,0.18196290699098486,0.7639288651325709
26732,0.11517861139777692,0.8781087209404306,0.006712667661792613
26733,0.06103165971035943,0.09454598043555645,0.8444223598540842
26734,0.04796560001898551,0.13137408562761127,0.8206603143534034
26735,0.057144240670474016,0.09863691020091898,0.844218849128607
26736,0.07337982545781384,0.14037708848374672,0.7862430860584394
26737,0.09550730060846487,0.15221575432229414,0.7522769450692409
26738,0.07520397654910134,0.1207702215266294,0.8040258019242693
26739,0.4393647709536694,0.10142528422426327,0.4592099448220674
26740,0.03523310267629432,0.03988126651318492,0.9248856308105208
26741,0.12131322361291824,0.8655671286552394,0.01311964773184241
26742,0.03738513082575518,0.12805576235781937,0.8345591068164255
26743,0.1068390692378251,0.13057523525219536,0.7625856955099796
26744,0.13952524403889954,0.18294214660382377,0.6775326093572768
26745,0.05073166395241827,0.12346828380946058,0.825800052238121
26746,0.10215883915970068,0.15515344953520807,0.7426877113050914
26747,0.06829433549377456,0.5005654433787056,0.43114022112751993
26748,0.19122760136101402,0.3609611543977951,0.44781124424119095
26749,0.07747931611382414,0.1931186087339709,0.7294020751522051
26750,0.09416129877075448,0.08754762274683288,0.8182910784824128
26751,0.04409440929877098,0.17008713125767824,0.7858184594435508
26752,0.09187282061117909,0.5541333325674814,0.3539938468213395
26753,0.084550209235541,0.08616537445810757,0.8292844163063515
26754,0.08417722358732023,0.08032559510257808,0.8354971813101018
26755,0.06012343520305082,0.08796877065352104,0.8519077941434281
26756,0.06663386376223067,0.06501422148103055,0.8683519147567388
26757,0.08365287283124262,0.11564278493063589,0.8007043422381215
26758,0.07362416158474532,0.25904720093875044,0.6673286374765043
26759,0.1109853609739586,0.2314834913309671,0.6575311476950743
26760,0.12246434257992937,0.23106566898416495,0.6464699884359058
26761,0.04687305200044467,0.12093708099627519,0.8321898670032802
26762,0.09739242790325042,0.13998761741411267,0.7626199546826369
26763,0.038574353515208805,0.08762488187757579,0.8738007646072153
26764,0.08093995795628713,0.170843434427714,0.7482166076159991
26765,0.058751223681507446,0.06740958762701071,0.8738391886914818
26766,0.08151530264791278,0.3704776204945381,0.5480070768575492
26767,0.087599717602582,0.19585589598288924,0.7165443864145287
26768,0.049721364126950475,0.9438476062131268,0.006431029659922805
26769,0.07853010929173941,0.2196063716487087,0.701863519059552
26770,0.11256383551654141,0.2604229147179549,0.6270132497655038
26771,0.1458390042073709,0.8381935605306854,0.015967435261943785
26772,0.5359009745024199,0.08182496058402713,0.382274064913553
26773,0.09096522713575757,0.09747408829604358,0.8115606845681987
26774,0.03517547604435496,0.06696551903688532,0.8978590049187597
26775,0.04925720989164287,0.15338946242386495,0.7973533276844922
26776,0.09660321691129402,0.1295434613582143,0.7738533217304916
26777,0.049767297372945656,0.08312039649766532,0.8671123061293892
26778,0.06907607495772075,0.08941129174135586,0.8415126333009235
26779,0.06727658486456871,0.10752881990846204,0.8251945952269693
26780,0.06077977549330968,0.17516914273581766,0.7640510817708727
26781,0.04337868971360201,0.12346904393681912,0.8331522663495788
26782,0.05300563618569746,0.09250732887629465,0.8544870349380078
26783,0.14818555992287505,0.21959174232002684,0.632222697757098
26784,0.08821463075611653,0.32502638287207836,0.5867589863718052
26785,0.056255167491781694,0.11009080290652005,0.8336540296016984
26786,0.42217973547097726,0.08865747130428651,0.48916279322473627
26787,0.035135083201834776,0.05218182264749408,0.9126830941506711
26788,0.12283931956849266,0.14935270991693378,0.7278079705145736
26789,0.23614959579781555,0.2776618291717289,0.48618857503045554
26790,0.04490525140223198,0.10211781280199463,0.8529769357957736
26791,0.04135444461427947,0.06819129415469466,0.8904542612310259
26792,0.17918458301664064,0.1264841575213565,0.6943312594620029
26793,0.08150205739835308,0.12404740560722775,0.7944505369944191
26794,0.04535992991372282,0.10106329650502427,0.8535767735812527
26795,0.10169779110146206,0.22217730258474036,0.6761249063137976
26796,0.07417944086887214,0.9244011430552671,0.0014194160758609128
26797,0.06669681260098194,0.3563730686016733,0.5769301187973447
26798,0.24178187438079254,0.1682312041219345,0.5899869214972729
26799,0.1523485122791493,0.1515779979177417,0.696073489803109
26800,0.047871312750821605,0.9430488392535689,0.009079847995609442
26801,0.08075491880068304,0.497658610924491,0.42158647027482593
26802,0.0807089427781844,0.1095159285966442,0.8097751286251715
26803,0.06735943430431171,0.13968917589808133,0.792951389797607
26804,0.03460445519628145,0.12985451668190845,0.83554102812181
26805,0.014131496635071829,0.05836576534970833,0.92750273801522
26806,0.06017389840048502,0.11541619383009523,0.8244099077694197
26807,0.08466786734968328,0.11224379285433954,0.8030883397959774
26808,0.04935854406529622,0.22395976605698098,0.726681689877723
26809,0.059017578280222076,0.14855945757331443,0.7924229641464636
26810,0.05693402983823026,0.15314727718743368,0.7899186929743361
26811,0.04371192803939774,0.06531820533182836,0.8909698666287739
26812,0.05054800192791317,0.0958106669369641,0.8536413311351226
26813,0.06604897945409134,0.45635230758844975,0.47759871295745887
26814,0.12725819428268487,0.1467882774374997,0.7259535282798154
26815,0.07258385504701909,0.14890335567366833,0.7785127892793126
26816,0.04706139078071709,0.3812413716157968,0.571697237603486
26817,0.09582081577956576,0.05236058997037588,0.8518185942500583
26818,0.07894934768530813,0.11414721799635573,0.8069034343183361
26819,0.09101096323060752,0.2481128694746589,0.6608761672947335
26820,0.1373763417788956,0.8566927775194145,0.0059308807016898194
26821,0.0841781989371586,0.9100350968980945,0.005786704164746983
26822,0.11090179284753394,0.29045286430240397,0.5986453428500621
26823,0.045802600367444345,0.04968573138218013,0.9045116682503754
26824,0.1025552467433478,0.09497682054312286,0.8024679327135292
26825,0.0563807320566089,0.08825668606444158,0.8553625818789494
26826,0.06480957464476123,0.10438156994936136,0.8308088554058775
26827,0.07623449149341253,0.10847719371652786,0.8152883147900596
26828,0.041364255720184574,0.18304670731174164,0.7755890369680739
26829,0.046221795743828946,0.11109837156712087,0.8426798326890501
26830,0.04854250054959574,0.12635911724243978,0.8250983822079645
26831,0.051427531463726465,0.08438572411107666,0.8641867444251968
26832,0.017171482339424466,0.02800962821116401,0.9548188894494115
26833,0.06687102638266217,0.0784019330013974,0.8547270406159405
26834,0.049764307556738226,0.1344077445107343,0.8158279479325276
26835,0.6264233466989183,0.09021697805057216,0.2833596752505096
26836,0.15818511420317252,0.37598846657054014,0.46582641922628715
26837,0.07337390305439837,0.041672725947868916,0.8849533709977327
26838,0.10872207418818962,0.36126181006518204,0.5300161157466282
26839,0.7499890721125712,0.03638351306105777,0.21362741482637113
26840,0.08433020927517153,0.1898495554482733,0.7258202352765551
26841,0.03127450010073903,0.06082384669866059,0.9079016532006005
26842,0.05773432719094438,0.134612057198315,0.8076536156107404
26843,0.09127597415149176,0.07376438592956686,0.8349596399189414
26844,0.11456403163638497,0.4388166929813256,0.44661927538228946
26845,0.566689493506973,0.0500653409733057,0.38324516551972126
26846,0.09139573247141636,0.1037820692332521,0.8048221982953315
26847,0.0962063514899859,0.22947342920730876,0.6743202193027052
26848,0.0808792844113715,0.07164729623426698,0.8474734193543615
26849,0.14672030160178542,0.12217490520323214,0.7311047931949824
26850,0.11020232871634383,0.23307327351425067,0.6567243977694055
26851,0.09303172996016074,0.17490785985781773,0.7320604101820214
26852,0.14868965028641554,0.6717684795371223,0.17954187017646225
26853,0.07469147222211411,0.09081990274777064,0.8344886250301152
26854,0.05860229264025179,0.9376877040879906,0.0037100032717576202
26855,0.08450543323890682,0.22311999901488977,0.6923745677462034
26856,0.08034344249618329,0.07531337375209461,0.8443431837517221
26857,0.09713483377585391,0.1587634318422212,0.7441017343819248
26858,0.08126171624027362,0.654049082558032,0.2646892012016943
26859,0.06358942305551084,0.6509095584077775,0.2855010185367116
26860,0.08355977234715167,0.40423271354877527,0.5122075141040731
26861,0.13723749367950813,0.2560240041009485,0.6067385022195434
26862,0.11178777311009651,0.22728166535758257,0.660930561532321
26863,0.047550738684880016,0.08888892015063225,0.8635603411644875
26864,0.07240105240682498,0.3025515629871092,0.6250473846060657
26865,0.04404224743657112,0.06452032774123478,0.891437424822194
26866,0.04059007321281067,0.10202277270530236,0.8573871540818869
26867,0.06426669783425167,0.10590858983473517,0.8298247123310132
26868,0.041600673423526836,0.09619324573168068,0.8622060808447926
26869,0.023775462594470016,0.01776771346023553,0.9584568239452943
26870,0.032213088595538265,0.8369839943474479,0.13080291705701388
26871,0.1022732580445463,0.11549347328883312,0.7822332686666206
26872,0.09580136846869051,0.21183360887434932,0.6923650226569601
26873,0.08573755130614556,0.1444468674622036,0.7698155812316508
26874,0.14346245617865463,0.3183639893990499,0.5381735544222953
26875,0.07904561474192036,0.2628437328020788,0.6581106524560009
26876,0.04045483300455044,0.058310895930175764,0.9012342710652738
26877,0.08048760980245911,0.10836288671623284,0.811149503481308
26878,0.06688583015819859,0.16645318418999588,0.7666609856518055
26879,0.11100439886191278,0.18402431283501883,0.7049712883030682
26880,0.224646873667293,0.10641509452912849,0.6689380318035786
26881,0.07906330782438406,0.17664288795517094,0.7442938042204448
26882,0.3172346962410638,0.0711000463953253,0.6116652573636109
26883,0.05786850320169365,0.07661107701087451,0.8655204197874319
26884,0.100523198644634,0.4683444015267442,0.4311323998286218
26885,0.235363137985124,0.13699854613752074,0.6276383158773552
26886,0.07942885031755897,0.10273039782949199,0.8178407518529491
26887,0.03917196121644011,0.0867890211930878,0.8740390175904721
26888,0.14684100523277813,0.1748800129707626,0.6782789817964593
26889,0.035998269404917634,0.09690015720737861,0.8671015733877038
26890,0.047768948835905045,0.14663013185079252,0.8056009193133024
26891,0.06958104117511557,0.3539311700804932,0.5764877887443913
26892,0.09433618943538696,0.21207627151995445,0.6935875390446585
26893,0.03660988556130945,0.0897389190772326,0.8736511953614579
26894,0.06063139701572148,0.06750189701990111,0.8718667059643774
26895,0.13004654965989845,0.3025034515219538,0.5674499988181477
26896,0.08286071854747223,0.24346973604635794,0.6736695454061699
26897,0.07829438091454567,0.19703877113339707,0.7246668479520572
26898,0.06649078229550744,0.144036553958758,0.7894726637457344
26899,0.10491259797982272,0.1602000571336554,0.7348873448865217
26900,0.07890885956632675,0.2953835375348106,0.6257076028988626
26901,0.05881977098435703,0.1710778582457845,0.7701023707698584
26902,0.029872581514680595,0.02695938351393935,0.9431680349713801
26903,0.10434514485412051,0.1989449367040258,0.6967099184418538
26904,0.3672597067982475,0.6225529847930271,0.010187308408725462
26905,0.05281961855485317,0.17544105448876027,0.7717393269563866
26906,0.033691960735905115,0.08258686524654617,0.8837211740175487
26907,0.07328835390046794,0.05382517137368261,0.8728864747258495
26908,0.04210205563711019,0.12254549244359415,0.8353524519192956
26909,0.062082896953800926,0.5915006047459401,0.34641649830025883
26910,0.08955496221008064,0.32193828818217374,0.5885067496077456
26911,0.04591843697382042,0.11017940449876434,0.8439021585274155
26912,0.03592396317240443,0.08173843058091072,0.8823376062466847
26913,0.1624998212511148,0.1510700260653138,0.6864301526835715
26914,0.07214464980398377,0.18859654206968035,0.7392588081263359
26915,0.08324935725859195,0.10005546691932969,0.8166951758220783
26916,0.1294477648792801,0.8659583980215775,0.004593837099142443
26917,0.05397471682958413,0.09872051593289384,0.8473047672375221
26918,0.08728949618026215,0.12350121658519116,0.7892092872345468
26919,0.5599495997698528,0.143210732874846,0.29683966735530115
26920,0.0643698180666436,0.24786916624314206,0.6877610156902142
26921,0.03284791299714641,0.7258080554283689,0.24134403157448456
26922,0.07626197412289837,0.5088457883942304,0.41489223748287135
26923,0.042959376519494274,0.0775941353908834,0.8794464880896226
26924,0.0660744659265119,0.09338017741636269,0.8405453566571254
26925,0.08098500259143701,0.0658317767539836,0.8531832206545795
26926,0.13183894908876845,0.5242026231255116,0.34395842778571994
26927,0.12286598648797459,0.16745665394463352,0.709677359567392
26928,0.05803385081250143,0.9365913668011591,0.005374782386339411
26929,0.06119544611218856,0.13121527539769928,0.8075892784901121
26930,0.06508696775183404,0.49349690331196655,0.44141612893619947
26931,0.1791344246482369,0.8108497204723978,0.010015854879365356
26932,0.06689523974162655,0.48492712748441646,0.448177632773957
26933,0.30397884436803396,0.19997146829679213,0.49604968733517385
26934,0.08409093573133125,0.10692541204982609,0.8089836522188426
26935,0.05471310678264568,0.10636916764291236,0.8389177255744421
26936,0.06451308299929363,0.06058464081564933,0.874902276185057
26937,0.12496367804103435,0.27107471393957994,0.6039616080193856
26938,0.16963868055376966,0.8189503795382649,0.011410939907965519
26939,0.29538291627915286,0.6940723386517971,0.010544745069049996
26940,0.08704800168019218,0.09745326494658953,0.8154987333732183
26941,0.08576642484854836,0.1241877846288371,0.7900457905226146
26942,0.17090363135481393,0.19934738313563538,0.6297489855095506
26943,0.07521171930607089,0.35551335843570847,0.5692749222582206
26944,0.0581784452389108,0.05767676569731247,0.8841447890637767
26945,0.12355099022494924,0.37940730503159187,0.4970417047434588
26946,0.08419668757132037,0.19709727054760398,0.7187060418810756
26947,0.07297781924236744,0.33800600926745306,0.5890161714901796
26948,0.08764534573081083,0.21115818166137534,0.7011964726078138
26949,0.41323648084571657,0.12369843443127908,0.4630650847230043
26950,0.22799103802593915,0.29169330967351087,0.4803156523005499
26951,0.31611452600507556,0.3455104993856275,0.33837497460929694
26952,0.15410438982165925,0.21377319749441628,0.6321224126839244
26953,0.04410002400624691,0.024294483838147533,0.9316054921556057
26954,0.038996625686255615,0.08044287946511461,0.88056049484863
26955,0.06952895977477815,0.566917587969095,0.363553452256127
26956,0.1616320950768617,0.15830381928905699,0.6800640856340814
26957,0.6026312942179702,0.14399002397317626,0.2533786818088536
26958,0.13424284584613663,0.11640843849784477,0.7493487156560187
26959,0.07700621669126237,0.27597777728956097,0.6470160060191766
26960,0.08917991865938059,0.12000768407878383,0.7908123972618354
26961,0.08701022463556764,0.15210050764471608,0.7608892677197163
26962,0.03913177734850582,0.6915571448173629,0.26931107783413116
26963,0.21135664491919418,0.15009768153868974,0.6385456735421161
26964,0.10987662295893467,0.18298091155993956,0.7071424654811258
26965,0.08923771015655063,0.32590526262639136,0.5848570272170579
26966,0.08286071854747223,0.24346973604635794,0.6736695454061699
26967,0.06280703604149063,0.10000219545362717,0.8371907685048822
26968,0.1010177516860971,0.11897620899969842,0.7800060393142046
26969,0.030158377175802716,0.07895682204872752,0.8908848007754698
26970,0.11128469720238543,0.15858579954942612,0.7301295032481884
26971,0.07909969062071716,0.20410555289052454,0.7167947564887583
26972,0.10833852916905391,0.27608734750293074,0.6155741233280153
26973,0.043666289244861635,0.17048555611931046,0.7858481546358278
26974,0.04078217227056864,0.05226351778196417,0.9069543099474672
26975,0.062032674468907166,0.09230390456911129,0.8456634209619817
26976,0.11546751577213965,0.8718656048976818,0.012666879330178536
26977,0.0627542873076702,0.24594985400798242,0.6912958586843474
26978,0.04137266093549822,0.10628623493686279,0.852341104127639
26979,0.05353451926753532,0.203947058573424,0.7425184221590406
26980,0.08775851201359434,0.1324639002719978,0.7797775877144079
26981,0.10054264894334902,0.22936015430817114,0.6700971967484799
26982,0.04285835243054017,0.1490185009952952,0.8081231465741646
26983,0.07781774295892967,0.1706427496590277,0.7515395073820427
26984,0.06839093656831939,0.10186159913493557,0.829747464296745
26985,0.12572202445311778,0.17590703847684944,0.6983709370700328
26986,0.03993925450501806,0.042810564180828604,0.9172501813141533
26987,0.10077570277637675,0.5528208510828229,0.34640344614080054
26988,0.14196236529376913,0.4052307729631384,0.4528068617430923
26989,0.07563318616268108,0.20638913746908127,0.7179776763682376
26990,0.07114123343276858,0.08863002700192257,0.8402287395653087
26991,0.05325301219734199,0.12545040309237043,0.8212965847102875
26992,0.09756947422744683,0.48156732698260923,0.42086319878994405
26993,0.07192448798120397,0.12069717456662593,0.8073783374521702
26994,0.12405101726611963,0.13878108610947007,0.7371678966244103
26995,0.06003079673322211,0.19827335586617723,0.7416958474006008
26996,0.029832246107242538,0.08558982074109932,0.884577933151658
26997,0.2198721755981993,0.38248825848738993,0.3976395659144107
26998,0.19222682804202182,0.10980277895288561,0.6979703930050927
26999,0.19135054498207035,0.12157328056256404,0.6870761744553656
27000,0.07786511201013076,0.4949487243112209,0.4271861636786485
27001,0.07368687629959264,0.29753800085085275,0.6287751228495545
27002,0.08133064167301587,0.23627569241184043,0.6823936659151437
27003,0.16247340431747723,0.13026209472121789,0.7072645009613051
27004,0.05505199920720771,0.2596411871374273,0.6853068136553649
27005,0.04025449405911017,0.20287172856476887,0.7568737773761209
27006,0.06244502889134867,0.09519020944715274,0.8423647616614987
27007,0.08069426425636239,0.5942400914868526,0.32506564425678486
27008,0.08382739726793624,0.17510006465734487,0.741072538074719
27009,0.0455806659149788,0.14538266993098672,0.8090366641540344
27010,0.055099556032725455,0.1295490268369677,0.8153514171303069
27011,0.15160278534696414,0.3972853365663243,0.4511118780867116
27012,0.056700720204713895,0.06950918819478237,0.8737900916005037
27013,0.2502942656271949,0.1289772490989438,0.6207284852738614
27014,0.06718674841900021,0.5553284178336656,0.37748483374733427
27015,0.09932380649184336,0.3815843543570428,0.5190918391511138
27016,0.056739756459920916,0.09462693697359631,0.8486333065664828
27017,0.06783877880418916,0.12135777217443337,0.8108034490213775
27018,0.04345997859075309,0.09759639943710179,0.8589436219721452
27019,0.07099566692088476,0.12778131024547637,0.8012230228336388
27020,0.066056641845687,0.3980452993761436,0.5358980587781693
27021,0.08352270517597137,0.35097112813653314,0.5655061666874955
27022,0.05964520399087881,0.09622420804244636,0.8441305879666747
27023,0.1328426004886602,0.34122379455618446,0.5259336049551553
27024,0.0510489296009492,0.1568906210716017,0.7920604493274491
27025,0.1786611004404803,0.08270319883018383,0.7386357007293358
27026,0.03610996206576748,0.04948181896022046,0.9144082189740121
27027,0.09947285456235745,0.07629831335616898,0.8242288320814734
27028,0.1967597223186098,0.1602353146061004,0.6430049630752898
27029,0.060933000184802584,0.1574057760358594,0.781661223779338
27030,0.11015186804862483,0.41359359634229326,0.47625453560908176
27031,0.3688553192754535,0.19494565945319678,0.43619902127134963
27032,0.19294890924008024,0.14394770071360685,0.6631033900463129
27033,0.07026978309119387,0.05803220640447016,0.8716980105043359
27034,0.06496035069163242,0.11422535421375762,0.8208142950946099
27035,0.5718158707058114,0.09806471939637305,0.33011940989781535
27036,0.06288560236741399,0.08466650270361332,0.8524478949289725
27037,0.1347958786533662,0.16730057961507808,0.6979035417315558
27038,0.06664011622232925,0.10039093655105825,0.8329689472266124
27039,0.22449847163095435,0.20586485377400152,0.5696366745950442
27040,0.11371445467974435,0.11203630566714164,0.774249239653114
27041,0.020629666273963437,0.03628124223095021,0.9430890914950864
27042,0.31307669982457226,0.6749191225009573,0.012004177674470456
27043,0.09120426893954044,0.1422869482640297,0.7665087827964299
27044,0.05532508675117318,0.10539532533070985,0.8392795879181169
27045,0.047616897346985466,0.13870789073168402,0.8136752119213305
27046,0.04212397478725804,0.06825270438669036,0.8896233208260517
27047,0.0777364286088882,0.6126407171864668,0.309622854204645
27048,0.37128939296749724,0.6243334097098499,0.004377197322653097
27049,0.10027704185106316,0.36613947110613987,0.533583487042797
27050,0.041475300517729324,0.13302661500349156,0.8254980844787791
27051,0.08274874197064648,0.20501215344385817,0.7122391045854953
27052,0.028694468724349474,0.0518851184087278,0.9194204128669227
27053,0.047712510604807155,0.15521910666724179,0.797068382727951
27054,0.10487858618842306,0.10949376424828329,0.7856276495632937
27055,0.1362354593370049,0.8557182019234678,0.00804633873952716
27056,0.21137878587875872,0.7826080586318603,0.0060131554893810375
27057,0.04961026554748901,0.23085219483143526,0.7195375396210758
27058,0.16964519350321075,0.1492911016885344,0.6810637048082548
27059,0.052609705856730644,0.07162212650595655,0.8757681676373127
27060,0.0595340355357216,0.12345811222270657,0.8170078522415718
27061,0.44687202875973303,0.1523476871232756,0.4007802841169914
27062,0.11850100997224632,0.08826772067829042,0.7932312693494633
27063,0.10424029504096143,0.1329075110887107,0.7628521938703278
27064,0.024338142729974893,0.03511159387560935,0.9405502633944157
27065,0.06745351567216874,0.2815253552522736,0.6510211290755578
27066,0.02625915880946429,0.08565545278326413,0.8880853884072716
27067,0.09555333421001551,0.18902241029641006,0.7154242554935744
27068,0.4224106430477983,0.0839220575671731,0.4936672993850287
27069,0.04959774811127238,0.11190754719539577,0.8384947046933319
27070,0.06575953748941672,0.06534561182009285,0.8688948506904905
27071,0.06601129725364267,0.09134149658243625,0.8426472061639211
27072,0.07610636792652091,0.29280507770612485,0.6310885543673542
27073,0.07168720386796733,0.15625465409726894,0.7720581420347638
27074,0.14179855976158362,0.2849347976228433,0.5732666426155731
