index,0,1,2
26457,0.05506846960703078,0.12545467789329628,0.819476852499673
26458,0.16285470653059372,0.2093713848309153,0.6277739086384908
26459,0.059493303712312824,0.07005939361092547,0.8704473026767617
26460,0.11930093172890703,0.12127345650560578,0.7594256117654873
26461,0.08704360154802314,0.2424393372087984,0.6705170612431784
26462,0.061553800614585034,0.1231709142067827,0.8152752851786323
26463,0.2538055581723166,0.7382146134318907,0.007979828395792848
26464,0.08760531832992563,0.11533144165414108,0.7970632400159332
26465,0.057998720971435186,0.10653776020869875,0.835463518819866
26466,0.07616332171210505,0.277117937747384,0.6467187405405108
26467,0.09531708729598906,0.14349081489176665,0.7611920978122443
26468,0.05491890024384443,0.08789714619024623,0.8571839535659094
26469,0.43189585471563247,0.2096042017414382,0.35849994354292924
26470,0.08631095322322267,0.13401051827587374,0.7796785285009036
26471,0.08181819665045212,0.06339172173790222,0.8547900816116457
26472,0.09587869535793986,0.17400643836224433,0.7301148662798158
26473,0.08104004070850165,0.060388729835530314,0.858571229455968
26474,0.14564896876517514,0.8504152082900827,0.003935822944742092
26475,0.2863817407107411,0.2583426605245615,0.45527559876469736
26476,0.01947974787095993,0.07404870340294395,0.906471548726096
26477,0.10409431208018896,0.12864837791841596,0.767257310001395
26478,0.0402206974026661,0.06934790856117418,0.8904313940361597
26479,0.07564223745579766,0.19829596366556618,0.7260617988786362
26480,0.07090994086827852,0.09939145190105414,0.8296986072306674
26481,0.07995022336164223,0.3017863464954779,0.61826343014288
26482,0.14039748820976736,0.10061185408883286,0.7589906577013997
26483,0.0503168207571924,0.14018393808507879,0.8094992411577286
26484,0.1310821301277203,0.15895718403130596,0.7099606858409737
26485,0.05219956513794836,0.06640462294219664,0.8813958119198552
26486,0.08993883620082216,0.2201830183915296,0.6898781454076484
26487,0.09012733513954345,0.14246810495316165,0.7674045599072948
26488,0.18975796225630864,0.7886475293955486,0.021594508348142877
26489,0.05458225575443569,0.21063644066979303,0.7347813035757713
26490,0.09628453473753497,0.25749640580576566,0.6462190594566993
26491,0.0678928409415969,0.10761266272257143,0.8244944963358317
26492,0.07940670739672012,0.1356871910718476,0.7849061015314323
26493,0.6082445175773679,0.38744013075811334,0.0043153516645188785
26494,0.09477768768000921,0.16863279843943502,0.7365895138805557
26495,0.07040531585226814,0.09977513420741951,0.8298195499403123
26496,0.08280701659709451,0.2132465540855984,0.7039464293173071
26497,0.07190293125356381,0.6997477169715131,0.22834935177492324
26498,0.16380894492975356,0.444098266894183,0.39209278817606347
26499,0.06890498301550305,0.1366391612232834,0.7944558557612136
26500,0.10063378718406767,0.29400313387476473,0.6053630789411677
26501,0.10674950769673314,0.23018297706151689,0.6630675152417498
26502,0.0402406065420992,0.06624229854287354,0.8935170949150274
26503,0.09675273806816573,0.3538866412928553,0.549360620638979
26504,0.06827595239952709,0.1264209912475305,0.8053030563529423
26505,0.056539929404274256,0.07198734669497772,0.871472723900748
26506,0.0696002315674019,0.917823957829943,0.012575810602655162
26507,0.13732930209601277,0.8554890662411571,0.00718163166283012
26508,0.10518951368144577,0.4084822381458437,0.48632824817271053
26509,0.0943901882468163,0.18710503186422958,0.7185047798889541
26510,0.06999654702522919,0.1839916993793439,0.7460117535954269
26511,0.08146263072203322,0.0976295872555931,0.8209077820223735
26512,0.12271451953500193,0.13841560392269964,0.7388698765422986
26513,0.09274668916661041,0.20079348259210722,0.7064598282412824
26514,0.06799440487703237,0.13856933694159076,0.793436258181377
26515,0.3106740970118921,0.04742693617915177,0.6418989668089561
26516,0.059451596190201156,0.15709123462918734,0.7834571691806114
26517,0.248319009609912,0.7434570774041178,0.008223912985970222
26518,0.05944849851195926,0.09484563908719087,0.8457058624008498
26519,0.43624912849744485,0.15277702203815177,0.4109738494644033
26520,0.029753755745391738,0.8236071167031772,0.14663912755143105
26521,0.07995276133130026,0.16638950407402606,0.7536577345946737
26522,0.11628937666859869,0.20033787415299342,0.6833727491784078
26523,0.1257856034359424,0.25101433166778464,0.6232000648962729
26524,0.05425709941865624,0.15613491376255653,0.7896079868187873
26525,0.24318622256098535,0.21444808712408558,0.5423656903149291
26526,0.04752353704049653,0.07864847515269212,0.8738279878068115
26527,0.07561137032645655,0.14439458698082008,0.7799940426927235
26528,0.12329792600147554,0.8669020503552282,0.009800023643296267
26529,0.47625749869170464,0.1134700197573968,0.41027248155089846
26530,0.041952022694529884,0.05509809470658712,0.9029498825988831
26531,0.038065787212070726,0.07947132887599391,0.8824628839119354
26532,0.28272529199911534,0.1319570195790302,0.5853176884218545
26533,0.061525137228556695,0.06338467436041763,0.8750901884110256
26534,0.04224571822636716,0.13274673414596416,0.8250075476276687
26535,0.06035879659605902,0.0966524770006858,0.8429887264032552
26536,0.11054553919677258,0.24893918046264857,0.6405152803405788
26537,0.050800901671004144,0.0531495485172266,0.8960495498117693
26538,0.04810702886633969,0.29138892124000204,0.6605040498936583
26539,0.05017759011881729,0.16483429159538596,0.7849881182857967
26540,0.13461905309891764,0.6146539157313698,0.25072703116971257
26541,0.06378223474750572,0.11033927380555754,0.8258784914469367
26542,0.08187237601208969,0.15289470896719567,0.7652329150207147
26543,0.045623473084697753,0.05538417953565407,0.8989923473796483
26544,0.10542038496392413,0.16407486190993062,0.7305047531261452
26545,0.09613505609913663,0.20869061302887013,0.6951743308719931
26546,0.06822765964793552,0.1115251122131377,0.8202472281389268
26547,0.04860026050466533,0.06910707329469847,0.8822926662006362
26548,0.055366995004784446,0.057777740435399474,0.8868552645598162
26549,0.2353802740706963,0.7586350263002463,0.005984699629057386
26550,0.07660629731209061,0.2275922089038042,0.6958014937841053
26551,0.07795554513685238,0.2842778825931534,0.6377665722699942
26552,0.05208495180155204,0.2274434671312543,0.7204715810671937
26553,0.026426824391482633,0.059924038815734965,0.9136491367927824
26554,0.12683722914500395,0.39950312197942817,0.4736596488755679
26555,0.07363682185846994,0.08689550823092297,0.8394676699106071
26556,0.07557269205332337,0.16169637987171046,0.7627309280749661
26557,0.05760782515718522,0.13074896095301944,0.8116432138897954
26558,0.24015542112643923,0.21645182598844365,0.543392752885117
26559,0.3075613783644494,0.12254179060070404,0.5698968310348467
26560,0.07016136619662335,0.15282879876309602,0.7770098350402806
26561,0.054078312302923856,0.1990580798045119,0.7468636078925641
26562,0.07641806972270275,0.08046481112983012,0.8431171191474672
26563,0.040094382691330824,0.08898224995625914,0.8709233673524103
26564,0.045897866507648905,0.10119824790568632,0.8529038855866647
26565,0.1096282656017023,0.39519842622437645,0.4951733081739213
26566,0.15474453645871553,0.20198237426951124,0.6432730892717731
26567,0.036801631596374444,0.1108634357151289,0.8523349326884968
26568,0.23730855670354772,0.7543049242486201,0.008386519047832218
26569,0.06462382984679069,0.126270424985912,0.8091057451672973
26570,0.11908760904310133,0.2774954059616089,0.6034169849952898
26571,0.05268871764986806,0.08248087097817564,0.8648304113719564
26572,0.08287589764138947,0.1775184711260844,0.7396056312325261
26573,0.10832678519216055,0.1253840771551549,0.7662891376526845
26574,0.18129733500951858,0.10143540932416693,0.7172672556663146
26575,0.06784591853801597,0.13986520828037385,0.7922888731816102
26576,0.10226163763902454,0.09273633083625286,0.8050020315247225
26577,0.08558169831623028,0.1087279180016241,0.8056903836821456
26578,0.14297467452028514,0.25317749680440543,0.6038478286753095
26579,0.14519751126355052,0.850868894781165,0.0039335939552845485
26580,0.06418758984861338,0.11435996733104564,0.8214524428203409
26581,0.08331824576341249,0.18367586993564802,0.7330058843009394
26582,0.022746903274375077,0.06062363663501109,0.9166294600906137
26583,0.06487189786404991,0.10898735190643748,0.8261407502295126
26584,0.0616363892553164,0.19778061301598335,0.7405829977287002
26585,0.15580794824699823,0.3719020462296375,0.4722900055233643
26586,0.333881781713085,0.3353797314415598,0.33073848684535506
26587,0.1908244546224097,0.29904520271940127,0.510130342658189
26588,0.05556001403206227,0.17636224562020328,0.7680777403477345
26589,0.09088009263562372,0.13274027395812765,0.7763796334062486
26590,0.09637066871240552,0.49752929032904686,0.4061000409585476
26591,0.18307219644954623,0.8068837303171316,0.010044073233322268
26592,0.23381435290224023,0.13630871078361337,0.6298769363141463
26593,0.08846614712709701,0.17709844837602354,0.7344354044968795
26594,0.1385474800145012,0.14311625243871448,0.7183362675467844
26595,0.03136412463917991,0.0692957310587478,0.8993401443020723
26596,0.09705893356122398,0.1551619569613997,0.7477791094773762
26597,0.17122491977800627,0.3815218036454612,0.44725327657653263
26598,0.1163581185457358,0.1789650959780261,0.704676785476238
26599,0.04564841612901893,0.06447260997548167,0.8898789738954993
26600,0.06465088623021086,0.11182510156318148,0.8235240122066076
26601,0.08633471916117158,0.12782976855265565,0.7858355122861729
26602,0.08165582279946532,0.1153373930881943,0.8030067841123405
26603,0.09906793863922547,0.08199004863051391,0.8189420127302606
26604,0.0614912856866101,0.10634914471710125,0.8321595695962887
26605,0.09271936146811063,0.2135862544819657,0.6936943840499238
26606,0.23136328164434491,0.21374538047758054,0.5548913378780747
26607,0.05603361904307697,0.9344228419025603,0.009543539054362522
26608,0.030858282377552834,0.07332919411811936,0.8958125235043278
26609,0.08754904291084999,0.1870595518791469,0.7253914052100031
26610,0.3552385812036112,0.6133777680168321,0.031383650779556675
26611,0.09543253394108944,0.17051402737115093,0.7340534386877595
26612,0.095383535440654,0.2642730629624087,0.6403434015969374
26613,0.1069246201928623,0.16901370318625045,0.7240616766208873
26614,0.060137177740786946,0.08410379495977713,0.8557590272994359
26615,0.07682998779153273,0.13421742715815513,0.7889525850503122
26616,0.06089059242872474,0.09305078979255277,0.8460586177787224
26617,0.12857921624595006,0.2396871767535442,0.6317336070005057
26618,0.11296004950012889,0.19241762839602644,0.6946223221038448
26619,0.14828951062232407,0.17569262822418721,0.6760178611534886
26620,0.2664764541684947,0.7127808102069021,0.020742735624603208
26621,0.054233386089211126,0.07659519914396914,0.8691714147668197
26622,0.13342647706103825,0.44264837974893323,0.42392514319002844
26623,0.05628752011296209,0.5389536657841205,0.4047588141029175
26624,0.1467982071260623,0.14810186601026382,0.7050999268636738
26625,0.4140024528750266,0.19076659786041275,0.3952309492645606
26626,0.13117477021523866,0.11651093218922406,0.7523142975955373
26627,0.07170364815533327,0.14379898024769938,0.7844973715969673
26628,0.07950739616516268,0.229008436503909,0.6914841673309284
26629,0.04774156486264842,0.07547576630756342,0.8767826688297882
26630,0.07698780300502167,0.12277901254058016,0.8002331844543982
26631,0.05341886677376267,0.05235922145892989,0.8942219117673075
26632,0.19713677295025006,0.16305848285854962,0.6398047441912004
26633,0.0861720013519891,0.16119810954765768,0.7526298891003532
26634,0.07345988747995574,0.08236407588819752,0.8441760366318468
26635,0.07051332335204583,0.15252789016428514,0.7769587864836691
26636,0.05891049850593301,0.1707246321458197,0.7703648693482473
26637,0.03247433076258254,0.06125448863391303,0.9062711806035045
26638,0.09593500820050409,0.5645456457793924,0.3395193460201035
26639,0.4389904218283086,0.2922105841417148,0.26879899402997665
26640,0.057967390013052476,0.10746662286959965,0.8345659871173479
26641,0.08007294239767787,0.7243280700980097,0.19559898750431245
26642,0.04060108277476361,0.07784941498804993,0.8815495022371865
26643,0.08580881255198812,0.12141118342233057,0.7927800040256812
26644,0.05399439759947723,0.10886963662022489,0.8371359657802978
26645,0.09155875115122541,0.10547618826587021,0.8029650605829044
26646,0.4693311038656936,0.17552113635105,0.35514775978325636
26647,0.08192548443357792,0.15427619758790342,0.7637983179785185
26648,0.08921012559652555,0.49744839536457275,0.4133414790389017
26649,0.07473888126489056,0.13502884622498212,0.7902322725101273
26650,0.6276782074086869,0.3428915343952166,0.029430258196096706
26651,0.5441371940822068,0.43160421743830246,0.024258588479490563
26652,0.21874861388805542,0.12422441474062684,0.6570269713713177
26653,0.18864587848506134,0.20445076564875514,0.6069033558661836
26654,0.1113645343546942,0.2931625775111534,0.5954728881341523
26655,0.08440262050081257,0.29912731832296485,0.6164700611762226
26656,0.07518246604750699,0.16874706536678996,0.756070468585703
26657,0.06938229591430868,0.11654336939200972,0.8140743346936816
26658,0.07397294381158445,0.22039547858920264,0.7056315775992128
26659,0.14231351811340298,0.21711975434837605,0.640566727538221
26660,0.06022362124618249,0.16581935792913752,0.7739570208246801
26661,0.13844870314223756,0.11209773553418381,0.7494535613235785
26662,0.054064858093325174,0.17657296551867688,0.7693621763879981
26663,0.06395182120698441,0.10391223098540968,0.8321359478076059
26664,0.0995726978630172,0.22810600863138314,0.6723212935055999
26665,0.19846072925845085,0.21329981375540635,0.5882394569861428
26666,0.037264142355461584,0.8120617576503292,0.1506740999942093
26667,0.028478289826771704,0.04837157446352737,0.923150135709701
26668,0.08511275331114919,0.4784962762926958,0.43639097039615504
26669,0.1037470512980428,0.32698224741367987,0.5692707012882774
26670,0.22579416416307987,0.19985266925145273,0.5743531665854674
26671,0.13838406664203753,0.10896149739157836,0.752654435966384
26672,0.0786791725464108,0.08887175680920255,0.8324490706443867
26673,0.14854249376365558,0.17237688092158107,0.6790806253147635
26674,0.3582448781431997,0.0907457866197468,0.5510093352370534
26675,0.057734805313559,0.15873496106870844,0.7835302336177326
26676,0.06358216772221659,0.10907054680587193,0.8273472854719114
26677,0.03362848019043278,0.05206306084134501,0.9143084589682222
26678,0.08015821536661369,0.2789094664516105,0.6409323181817757
26679,0.2065457757732792,0.15391426288874793,0.6395399613379728
26680,0.04768773544956764,0.09759996409808235,0.8547123004523501
26681,0.018400217075362553,0.04989414134147774,0.9317056415831597
26682,0.05034428615516869,0.15346766853136573,0.7961880453134657
26683,0.10209435751609705,0.36092479718131015,0.5369808453025929
26684,0.058704320068721394,0.14553540005784765,0.7957602798734308
26685,0.13859477901171183,0.1700554347522283,0.6913497862360599
26686,0.04966331684875229,0.10550536556883529,0.8448313175824125
26687,0.10493232279763055,0.11386224619062732,0.7812054310117422
26688,0.29927808551027585,0.5546199329018174,0.14610198158790674
26689,0.0579667225713761,0.10249089611446505,0.8395423813141588
26690,0.06039819884552987,0.11853479942057919,0.8210670017338911
26691,0.06459964347259707,0.12610961125413686,0.8092907452732659
26692,0.07183485333423525,0.29647635785883936,0.6316887888069255
26693,0.1893295395467745,0.14745206487870285,0.6632183955745226
26694,0.5434891310692576,0.4398992444221262,0.01661162450861636
26695,0.05468632940954183,0.06323342525525841,0.8820802453351997
26696,0.07228511303553553,0.07619125160613241,0.8515236353583321
26697,0.022928900566504977,0.036777402759320336,0.9402936966741746
26698,0.031187875498323546,0.04793721489340164,0.9208749096082749
26699,0.09966460549439149,0.31550541635793256,0.584829978147676
26700,0.07041730993364428,0.2602197927627754,0.6693628973035803
26701,0.11519026687380324,0.4399105392956796,0.4448991938305171
26702,0.12033761869379103,0.38976020304635095,0.4899021782598579
26703,0.05554810602969095,0.20577520968928303,0.738676684281026
26704,0.0768780078703636,0.12085252695255201,0.8022694651770845
26705,0.05480537005925178,0.07441834978165143,0.8707762801590966
26706,0.07179653600366437,0.16442831836087515,0.7637751456354605
26707,0.39714312400103474,0.0873263384565026,0.5155305375424626
26708,0.09543175913672573,0.16947890719501205,0.7350893336682623
26709,0.04553820311192954,0.06395395922156452,0.8905078376665061
26710,0.12822661571279317,0.218988682714635,0.6527847015725717
26711,0.27735872240821546,0.1123149005205021,0.6103263770712825
26712,0.0886447208249635,0.19012221280557437,0.721233066369462
26713,0.13439921346784958,0.3771644647632351,0.4884363217689153
26714,0.08213143254345298,0.10047396440537167,0.8173946030511754
26715,0.08767923990859239,0.32888801485905267,0.583432745232355
26716,0.10859772552409151,0.6985084731708265,0.19289380130508185
26717,0.06349493863362121,0.2859861168569221,0.6505189445094567
26718,0.0965913414449316,0.2105050034242401,0.6929036551308283
26719,0.07370011483281401,0.22985598113668193,0.696443904030504
26720,0.06657819118753078,0.16292707941401868,0.7704947293984505
26721,0.0769598828931307,0.3419428821567694,0.5810972349500999
26722,0.15587707141178198,0.1383905909732524,0.7057323376149657
26723,0.0987780018695875,0.1570168406121319,0.7442051575182806
26724,0.08695620237072718,0.3012750342771301,0.6117687633521427
26725,0.04459835767130095,0.31271166532392175,0.6426899770047773
26726,0.11419010099798416,0.48731542282190105,0.3984944761801149
26727,0.053095153488694244,0.06346431045741138,0.8834405360538944
26728,0.047187442127942195,0.06739481852897335,0.8854177393430843
26729,0.13614406643595478,0.22324554454184303,0.6406103890222022
26730,0.09389865584358274,0.41676766318321334,0.4893336809732039
26731,0.05692711611591886,0.18941487122023742,0.7536580126638437
26732,0.12953410798070247,0.863491314775279,0.00697457724401865
26733,0.05484045320502121,0.09307817657537908,0.8520813702195996
26734,0.047537891825953124,0.1383080331599315,0.8141540750141153
26735,0.05980100344211792,0.10778421273319887,0.8324147838246834
26736,0.0770113124658108,0.1273685476298751,0.795620139904314
26737,0.0970219800404038,0.14786968096237033,0.755108338997226
26738,0.07676802182144363,0.12003789763627933,0.8031940805422769
26739,0.44123157794151857,0.0973808058659938,0.4613876161924876
26740,0.03380901505378337,0.040553004643424546,0.9256379803027921
26741,0.12259988058371665,0.8645380774713483,0.012862041944935086
26742,0.03916772054019388,0.1213135652170731,0.839518714242733
26743,0.1057151425088352,0.12534798666672725,0.7689368708244374
26744,0.14160571386542398,0.18228179467180392,0.6761124914627723
26745,0.049693736475816236,0.12306480519487438,0.8272414583293094
26746,0.10407184762059611,0.15849574993798105,0.7374324024414227
26747,0.07305519695003951,0.4972699097334854,0.429674893316475
26748,0.19996811033207515,0.3619827928686897,0.43804909679923515
26749,0.07478713463195732,0.1839201440262171,0.7412927213418256
26750,0.09411589418161162,0.09143911547451272,0.8144449903438755
26751,0.0465204048902845,0.1741154132003807,0.7793641819093348
26752,0.09774285577692243,0.5268976690960397,0.37535947512703766
26753,0.08215100715129284,0.08589600156879423,0.8319529912799132
26754,0.0839531759676655,0.0777470189294117,0.8382998051029228
26755,0.06292946369082195,0.09400850740793554,0.8430620289012425
26756,0.07175619382775357,0.06362780056331885,0.8646160056089276
26757,0.08981605399834969,0.11697246399169398,0.7932114820099563
26758,0.08264135219990253,0.24788310105258007,0.6694755467475175
26759,0.10814999890216846,0.2227914579574516,0.6690585431403799
26760,0.13247425588599002,0.24507766326782848,0.6224480808461815
26761,0.046859858615967864,0.11241428996707177,0.8407258514169602
26762,0.09729406135005532,0.136941651081989,0.7657642875679558
26763,0.036899386303013454,0.08543342382985936,0.8776671898671272
26764,0.08676940398731553,0.18734657185172707,0.7258840241609572
26765,0.05792190088223857,0.07112082405947966,0.8709572750582818
26766,0.07808981248056866,0.3499277441342396,0.5719824433851917
26767,0.08980202464441536,0.21712302453277477,0.6930749508228099
26768,0.04751581849518124,0.9464929601634184,0.0059912213414003495
26769,0.08087617473317041,0.22626376647449042,0.692860058792339
26770,0.1322524181013383,0.27925190398209343,0.5884956779165683
26771,0.13760666428798501,0.8460551304932705,0.01633820521874428
26772,0.5830100535290478,0.07993965285357343,0.3370502936173788
26773,0.10201595086597555,0.09543438819293978,0.8025496609410847
26774,0.03689579568584535,0.0674363604328775,0.8956678438812771
26775,0.05193207571712147,0.16055606652747778,0.7875118577554007
26776,0.10190883187993566,0.12319403628970106,0.7748971318303632
26777,0.05153685802409365,0.08508861363769585,0.8633745283382106
26778,0.07237883479520002,0.08804915705352857,0.8395720081512714
26779,0.06952940985386072,0.11248953270985325,0.817981057436286
26780,0.05629074240844934,0.1656052476379208,0.7781040099536297
26781,0.0439386942133321,0.12581805596762058,0.8302432498190476
26782,0.0554445173778691,0.09291830741386717,0.8516371752082637
26783,0.15898781974954532,0.2173064409965817,0.623705739253873
26784,0.09027423668592781,0.3203222717231667,0.5894034915909055
26785,0.057657817492752526,0.108104904024196,0.8342372784830516
26786,0.4205275197061621,0.08836202421003272,0.4911104560838052
26787,0.03850898445587075,0.050229470437426774,0.9112615451067024
26788,0.13765958636649192,0.1445847139838478,0.7177556996496602
26789,0.22503369668705914,0.2731621070761409,0.5018041962368
26790,0.04595212126632649,0.101001516732413,0.8530463620012606
26791,0.04159673734665229,0.06765476717546623,0.8907484954778814
26792,0.18400228862121074,0.12410968261962972,0.6918880287591597
26793,0.0855354464878253,0.1233744850238608,0.7910900684883138
26794,0.04872675988620408,0.10656790524012225,0.8447053348736737
26795,0.09762688498645954,0.21906134458715684,0.6833117704263836
26796,0.08715732172598664,0.9111977539944481,0.0016449242795652157
26797,0.06455760505445399,0.3382682585706186,0.5971741363749274
26798,0.25897629661351,0.17076439316220335,0.5702593102242868
26799,0.14923986018224136,0.15713273881776163,0.693627400999997
26800,0.04491723060234051,0.9463424440141773,0.008740325383482263
26801,0.08664530030949537,0.500577504832161,0.4127771948583435
26802,0.08402622062626218,0.10976909482399885,0.8062046845497388
26803,0.06665960273558033,0.13136816946650412,0.8019722277979155
26804,0.03765170983279297,0.12741390878772088,0.8349343813794862
26805,0.012092978463590583,0.053024876893330804,0.9348821446430786
26806,0.06209704993312678,0.11794163217709629,0.819961317889777
26807,0.08016842575809509,0.11592967312375493,0.8039019011181501
26808,0.047870703759771316,0.19357377765710795,0.7585555185831209
26809,0.06072722797692208,0.14509992522369503,0.7941728467993829
26810,0.05387663143075757,0.14660038535060105,0.7995229832186413
26811,0.04160423159857555,0.061855221129995815,0.8965405472714286
26812,0.05430280043293075,0.1042019939299447,0.8414952056371245
26813,0.06503859304951944,0.46995838746619617,0.4650030194842844
26814,0.12940433417609107,0.14641793247674695,0.724177733347162
26815,0.06917474038541017,0.14896769289816003,0.7818575667164299
26816,0.04957209702272884,0.34900582096035215,0.6014220820169188
26817,0.09502229113979385,0.0515226412434085,0.8534550676167977
26818,0.08290695294898404,0.11302911494220876,0.8040639321088072
26819,0.09542819112338777,0.24452828850472977,0.6600435203718825
26820,0.142662637201472,0.8508216779623263,0.006515684836201615
26821,0.08760538359879688,0.9065960519590635,0.005798564442139456
26822,0.11593460415867742,0.30062100269027253,0.58344439315105
26823,0.047361882333599586,0.04724548453249018,0.9053926331339102
26824,0.10354131087690926,0.09732907236578063,0.7991296167573102
26825,0.0537976303650976,0.08601775963788569,0.8601846099970167
26826,0.06086847748273235,0.09611468523394381,0.8430168372833238
26827,0.07944031613729874,0.10797123247195581,0.8125884513907453
26828,0.04306296061972796,0.17782622130147777,0.7791108180787941
26829,0.04516386801743128,0.10690345283866719,0.8479326791439014
26830,0.04775434707765531,0.1318179266678408,0.8204277262545039
26831,0.05466710798841772,0.08414219806046039,0.8611906939511219
26832,0.01908732197549695,0.03145294356827228,0.9494597344562307
26833,0.06979428803310452,0.07826819760426787,0.8519375143626277
26834,0.04865461754968469,0.12584041093192,0.8255049715183953
26835,0.6426278655955602,0.0841730945548642,0.27319903984957544
26836,0.15287065094215874,0.39460446093108725,0.45252488812675395
26837,0.07772372322899143,0.041917501833117994,0.8803587749378907
26838,0.10690393357827367,0.34325123209341013,0.5498448343283162
26839,0.7494343988090741,0.0354939372034367,0.21507166398748917
26840,0.08337568895689715,0.18016591247791677,0.7364583985651861
26841,0.03134727388988996,0.06037912204221501,0.9082736040678949
26842,0.05699415535150117,0.1337157665996181,0.8092900780488808
26843,0.09186175248454412,0.07813032348273914,0.8300079240327166
26844,0.11397319366161254,0.43499937931464694,0.4510274270237406
26845,0.5636709289114672,0.046462039704431794,0.38986703138410117
26846,0.09054060078556206,0.10253268305626981,0.8069267161581681
26847,0.1036800465885165,0.2428834285938472,0.6534365248176364
26848,0.08628318528876013,0.07381518867441587,0.8399016260368241
26849,0.14539761321903177,0.12084804586271135,0.733754340918257
26850,0.10355366341179394,0.25384305722726264,0.6426032793609433
26851,0.09599422786953518,0.16964339601140607,0.7343623761190586
26852,0.14407249492144272,0.685349041938587,0.17057846313997016
26853,0.07328830879168112,0.09760842336609293,0.8291032678422259
26854,0.04968045955597879,0.9470115931037385,0.0033079473402826457
26855,0.08490114155716216,0.2229954725391863,0.6921033859036516
26856,0.08527617842349897,0.08961061530199568,0.8251132062745052
26857,0.10140900198958185,0.15665061804412916,0.7419403799662889
26858,0.0779631107789703,0.6746726618619452,0.2473642273590846
26859,0.06729966400728905,0.6595582700849489,0.2731420659077621
26860,0.08918129665029242,0.3947335873325765,0.5160851160171311
26861,0.13947017779502835,0.2534833366129377,0.607046485592034
26862,0.10734856801911433,0.22802963277384375,0.664621799207042
26863,0.05042530299391437,0.09092049443442657,0.858654202571659
26864,0.0747892202501824,0.2862520497920911,0.6389587299577266
26865,0.04235200052526061,0.05723631031236865,0.9004116891623709
26866,0.03864999787004546,0.09474342960225181,0.8666065725277028
26867,0.06657424580524049,0.10706636400497803,0.8263593901897816
26868,0.04018194536936283,0.09111041200133371,0.8687076426293037
26869,0.02295471613167292,0.01638481635620566,0.9606604675121215
26870,0.03440909677670779,0.8287753737332509,0.13681552949004117
26871,0.10535447806655074,0.11249548449231282,0.7821500374411363
26872,0.09357372629667672,0.2145064948226812,0.6919197788806422
26873,0.07214943202063882,0.14124459153605531,0.7866059764433059
26874,0.13595432739765073,0.30969184477576867,0.5543538278265806
26875,0.07961381438170581,0.2517454353188501,0.668640750299444
26876,0.04394025452962475,0.059695753274050536,0.8963639921963247
26877,0.07657552799705263,0.11009376663190981,0.8133307053710376
26878,0.07191481769600652,0.1931142614209924,0.7349709208830012
26879,0.11179133792556534,0.18385123270381648,0.7043574293706182
26880,0.25273927428417925,0.10224621549254073,0.64501451022328
26881,0.07916360749126011,0.1751050778370343,0.7457313146717055
26882,0.3373251786607595,0.07056369481185384,0.5921111265273867
26883,0.06034781714197064,0.07525038020022466,0.8644018026578048
26884,0.10309723676843095,0.5071996222906259,0.3897031409409432
26885,0.22556256021941445,0.14460937068381588,0.6298280690967697
26886,0.08468729256417687,0.1030352079340616,0.8122774995017615
26887,0.03701048542435752,0.08858024110011134,0.874409273475531
26888,0.14825402986221728,0.17452529258138716,0.6772206775563956
26889,0.03736301050549734,0.101985644995823,0.8606513444986796
26890,0.05125068886067087,0.14862820769157017,0.800121103447759
26891,0.07186997674756022,0.34563114510878096,0.5824988781436589
26892,0.090544810797371,0.21801562886035092,0.691439560342278
26893,0.039865615776953356,0.09016643652248899,0.8699679477005576
26894,0.0658172601789356,0.07171317146327015,0.8624695683577943
26895,0.13363129913922242,0.2864630944653731,0.5799056063954044
26896,0.08482789488150695,0.23908352680829575,0.6760885783101973
26897,0.08144690955434798,0.19993391324712576,0.7186191771985263
26898,0.06888332732091865,0.15091557696179672,0.7802010957172847
26899,0.10686375462748508,0.15894061575261406,0.7341956296199009
26900,0.08333598431039957,0.2978988365051628,0.6187651791844376
26901,0.06163012158031301,0.17482816064042608,0.763541717779261
26902,0.027948564327274238,0.026317147677739273,0.9457342879949865
26903,0.1078583760653864,0.1920142376508527,0.7001273862837609
26904,0.33656657960062186,0.6532462629127754,0.010187157486602694
26905,0.053256850199644885,0.18871531643026562,0.7580278333700894
26906,0.034262213609506764,0.08336849335358792,0.8823692930369054
26907,0.07334717058523971,0.0540531257804111,0.872599703634349
26908,0.040630191622751326,0.12295229787182237,0.8364175105054265
26909,0.05575901799312753,0.6011927644671342,0.3430482175397383
26910,0.09502357430721055,0.34292419739864355,0.5620522282941459
26911,0.0432211028189254,0.10606260487082847,0.850716292310246
26912,0.03717322198651556,0.08315301870475623,0.879673759308728
26913,0.17511422546251867,0.15848101625103453,0.6664047582864469
26914,0.07516390459084726,0.1892499287409923,0.7355861666681606
26915,0.0823884432497243,0.09297896890643229,0.8246325878438434
26916,0.12109555581317183,0.8738105416676856,0.005093902519142628
26917,0.053880802603586526,0.09795672712179172,0.8481624702746219
26918,0.08398167487813592,0.12718547830963375,0.7888328468122303
26919,0.5612685700738518,0.13555982864638497,0.30317160127976317
26920,0.06260254885305754,0.23778123814044427,0.6996162130064982
26921,0.03175938927293504,0.7361969157348199,0.2320436949922451
26922,0.07667402532235791,0.5054200769352843,0.4179058977423577
26923,0.0436104309860929,0.08102868195526944,0.8753608870586376
26924,0.06654793171925139,0.08982812433154864,0.8436239439491999
26925,0.08307583042295834,0.06585816093285048,0.8510660086441912
26926,0.14098693702340465,0.49676554164680675,0.36224752132978855
26927,0.133165918537325,0.16303071874484573,0.7038033627178292
26928,0.0665754188582886,0.9275362702518996,0.0058883108898118075
26929,0.06168801602581037,0.13555294062181564,0.8027590433523739
26930,0.06447950859449215,0.507785061833517,0.42773542957199084
26931,0.1826765888512932,0.8065771227985137,0.010746288350192926
26932,0.07022649624029369,0.49486444081521874,0.43490906294448756
26933,0.3045570061075935,0.19620943398552745,0.499233559906879
26934,0.09530653885262114,0.12347884919142647,0.7812146119559524
26935,0.0601614411217758,0.10389043455901673,0.8359481243192075
26936,0.06645255539395234,0.06477316738066742,0.8687742772253804
26937,0.12772395297038697,0.29020494773353556,0.5820710992960775
26938,0.17236012137155637,0.815601122861647,0.012038755766796591
26939,0.300014128420989,0.6890736410657055,0.010912230513305378
26940,0.08341300044592498,0.0947378468129291,0.8218491527411458
26941,0.08696730788237762,0.12931552320854223,0.7837171689090803
26942,0.1477891584327633,0.20115425998947256,0.6510565815777642
26943,0.07592785350237963,0.3777279738109608,0.5463441726866597
26944,0.05957172689448355,0.052460908335792235,0.8879673647697242
26945,0.12346125439348854,0.373093522111407,0.5034452234951045
26946,0.08186026242247021,0.18054084467192794,0.7375988929056019
26947,0.07031363561586176,0.34132285180183797,0.5883635125823002
26948,0.08637023483933041,0.21630929101726235,0.6973204741434073
26949,0.421648622598318,0.12276143169721122,0.4555899457044709
26950,0.21689292910066804,0.29478791434237694,0.48831915655695507
26951,0.3486835626834039,0.3248144496404832,0.3265019876761129
26952,0.15211111615331624,0.18698551319329887,0.6609033706533849
26953,0.042863658227336746,0.02272850668310355,0.9344078350895597
26954,0.03728661369049967,0.07194751027682328,0.8907658760326771
26955,0.06603384371478753,0.5902520013296129,0.34371415495559954
26956,0.1513493547323418,0.15665725160123067,0.6919933936664275
26957,0.565212332220248,0.15467596680726073,0.28011170097249116
26958,0.13160369851649747,0.1149872891580719,0.7534090123254308
26959,0.07914316364137632,0.277721346993028,0.6431354893655956
26960,0.07769513718112149,0.11439368764749343,0.8079111751713851
26961,0.09271557316650984,0.14929830650810533,0.7579861203253847
26962,0.041439795216453794,0.6916766830291431,0.26688352175440316
26963,0.1893295395467745,0.14745206487870285,0.6632183955745226
26964,0.10740749710661171,0.1733354086780429,0.7192570942153453
26965,0.08529219811641084,0.30033585174054733,0.6143719501430419
26966,0.08482789488150695,0.23908352680829575,0.6760885783101973
26967,0.06586600225721907,0.09315856391758857,0.8409754338251922
26968,0.10498304967154724,0.119693204482157,0.7753237458462957
26969,0.028584900610842838,0.07642682741919614,0.894988271969961
26970,0.10880251626095618,0.15648363185016048,0.7347138518888834
26971,0.07976332681945027,0.2055723026482802,0.7146643705322695
26972,0.10846552451430837,0.2860749280647239,0.6054595474209677
26973,0.04128370474931959,0.18969878491597406,0.7690175103347064
26974,0.04033812121714687,0.05007694324140291,0.9095849355414501
26975,0.06650913371955268,0.09569379953522146,0.8377970667452258
26976,0.12025378431425342,0.8663804123219947,0.0133658033637519
26977,0.06298481723541859,0.23502005789567718,0.701995124868904
26978,0.04034546317078173,0.10685223630032727,0.8528023005288909
26979,0.058266580434225154,0.19481733824282538,0.7469160813229495
26980,0.09733190189349032,0.13558699005703995,0.7670811080494697
26981,0.09820770525632366,0.22628342927156792,0.6755088654721084
26982,0.04607398510928825,0.15513851054259356,0.7987875043481181
26983,0.08469332851802454,0.1835546478266964,0.7317520236552789
26984,0.06621636411069141,0.09133760309857597,0.8424460327907326
26985,0.12502840853815578,0.17317379592580226,0.701797795536042
26986,0.04451571654077971,0.04655753022481067,0.9089267532344096
26987,0.09867643080687218,0.5713864724475788,0.329937096745549
26988,0.13743375597350846,0.40372435416216607,0.45884188986432545
26989,0.0823962133399531,0.23418665541613365,0.6834171312439132
26990,0.0748536857918396,0.08694193598504872,0.8382043782231116
26991,0.057485539351335685,0.13695368048104406,0.8055607801676202
26992,0.10298851568225653,0.48364617482532685,0.41336530949241657
26993,0.07276547277839938,0.12533777777609004,0.8018967494455106
26994,0.13441570294027835,0.13644490575360432,0.7291393913061174
26995,0.05887595456443614,0.20477878046820988,0.736345264967354
26996,0.030620015571444593,0.09173339501274774,0.8776465894158076
26997,0.23070705221950272,0.3720191202128809,0.3972738275676163
26998,0.2011345101021876,0.11622046623228595,0.6826450236655265
26999,0.21094408326305747,0.1268410738338602,0.6622148429030823
27000,0.08361635583237279,0.5242717874124477,0.39211185675517946
27001,0.07356647876577459,0.3135156554684341,0.6129178657657914
27002,0.08619240780570567,0.24594432508757968,0.6678632671067146
27003,0.15439932078807928,0.1273706620869134,0.7182300171250073
27004,0.053923928002493696,0.2693941928477233,0.6766818791497832
27005,0.037577419380044906,0.19217356328882784,0.7702490173311273
27006,0.06417688651428756,0.09814528712099045,0.8376778263647222
27007,0.08049545104666168,0.6024360378539997,0.31706851109933876
27008,0.08892358927085339,0.18340591757838845,0.7276704931507582
27009,0.04636980101209956,0.14517144284833852,0.8084587561395621
27010,0.05793379846816503,0.13370280576923618,0.8083633957625987
27011,0.1444820760794906,0.413580424077258,0.4419374998432514
27012,0.05887540193652629,0.06760974138512502,0.8735148566783486
27013,0.2446477385529584,0.12731649114754726,0.6280357702994943
27014,0.07139058953541705,0.5642115791135582,0.3643978313510247
27015,0.10241984858460869,0.3662105786612113,0.53136957275418
27016,0.057422113463820534,0.09208960118428912,0.8504882853518902
27017,0.06816582467069761,0.11638987283952971,0.8154443024897726
27018,0.046459602384886334,0.09729956984329571,0.856240827771818
27019,0.08041644181320194,0.13052160810583807,0.78906195008096
27020,0.06685947253265784,0.39872670595244625,0.534413821514896
27021,0.081097763132942,0.3586630547102684,0.5602391821567897
27022,0.06030208628607621,0.09898914794966812,0.8407087657642556
27023,0.150442352029565,0.3186341426340045,0.5309235053364305
27024,0.04666389334979877,0.16008678108231397,0.7932493255678873
27025,0.17300145575582834,0.08008465545793923,0.7469138887862325
27026,0.036776972222884854,0.0558578267391732,0.9073652010379422
27027,0.1024498311933403,0.0730704805882782,0.8244796882183816
27028,0.2091861587120804,0.16721019458191655,0.623603646706003
27029,0.07112456178838675,0.15980017805136035,0.7690752601602528
27030,0.10450131916887614,0.5157639011244484,0.3797347797066755
27031,0.38791634957780347,0.19743614150724442,0.41464750891495217
27032,0.1994008170309885,0.14557941435407307,0.6550197686149384
27033,0.07167281593116685,0.060683546220693343,0.8676436378481397
27034,0.06684990546427841,0.12034517854316537,0.8128049159925562
27035,0.597010813043226,0.09146151997799407,0.3115276669787799
27036,0.06762901066468142,0.08944847589361163,0.8429225134417069
27037,0.13666317194878094,0.17650248510192265,0.6868343429492965
27038,0.07259218242519504,0.09933494255815477,0.8280728750166502
27039,0.2506816493933863,0.22092309821819464,0.5283952523884191
27040,0.12134209506812668,0.12150402784904785,0.7571538770828258
27041,0.022682459014699927,0.040100232217655386,0.9372173087676448
27042,0.30815927584484154,0.6801579327690164,0.011682791386142208
27043,0.09620919591447998,0.14742284506269862,0.7563679590228214
27044,0.05444489431439233,0.11046264458588281,0.8350924610997248
27045,0.05039939405052882,0.14084806042297282,0.8087525455264982
27046,0.03924706295917261,0.06787872647791444,0.892874210562913
27047,0.09661588001167962,0.5896088045510687,0.3137753154372517
27048,0.3916440513095448,0.603699060514687,0.004656888175768357
27049,0.10267768914605649,0.37712211628849795,0.5202001945654455
27050,0.040942641743308264,0.13725379262810516,0.8218035656285867
27051,0.08356006439230505,0.2009121551831905,0.7155277804245045
27052,0.031753003677275064,0.055352968961124724,0.9128940273616001
27053,0.05448431347398784,0.1654181148618095,0.7800975716642026
27054,0.10585388630650076,0.1107082269906651,0.7834378867028342
27055,0.15404494008879138,0.8372248340402405,0.008730225870968045
27056,0.22042210434331272,0.7732112090596984,0.0063666865969888
27057,0.052088919811228256,0.2248498612470762,0.7230612189416955
27058,0.18541388425381294,0.16048071998536548,0.6541053957608215
27059,0.05225649578619443,0.07194971692679929,0.8757937872870063
27060,0.053778830685767456,0.12417897276129965,0.822042196552933
27061,0.4732346265089183,0.14202527448056929,0.3847400990105123
27062,0.12349367406187284,0.08656510920905977,0.7899412167290674
27063,0.11922937411243083,0.14066378801057025,0.7401068378769988
27064,0.02443346797074108,0.03765238232833709,0.9379141497009218
27065,0.06590132432087062,0.28924222198372046,0.6448564536954089
27066,0.028308186438512104,0.0819721403879635,0.8897196731735245
27067,0.09993959255551776,0.19290120839936958,0.7071591990451126
27068,0.44003336328513715,0.08131295459664024,0.4786536821182227
27069,0.04938786271049948,0.11053874669462663,0.840073390594874
27070,0.06656183533822575,0.06699044171799676,0.8664477229437775
27071,0.06255338604927659,0.08887259119467182,0.8485740227560515
27072,0.07680689984410254,0.29411592731664093,0.6290771728392566
27073,0.07095527597394924,0.1507091200804376,0.7783356039456133
27074,0.15063912855278624,0.28132407680314664,0.5680367946440671
