index,0,1,2
26457,0.06260173248282679,0.12992841299797522,0.8074698545191981
26458,0.17761027696376955,0.21456215023156325,0.6078275728046673
26459,0.05331520381129104,0.0718270619248721,0.874857734263837
26460,0.1096021945881871,0.12173252680614431,0.7686652786056686
26461,0.07910798165839067,0.23959338466580773,0.6812986336758016
26462,0.06296952080698126,0.12436236968309788,0.812668109509921
26463,0.2470524328850451,0.745227941239265,0.007719625875689879
26464,0.08440535918874752,0.11294963556260275,0.8026450052486499
26465,0.05502614134638851,0.10484776911773656,0.8401260895358749
26466,0.07230880743327438,0.2665781901493379,0.6611130024173877
26467,0.09588853571093862,0.1349650668006194,0.769146397488442
26468,0.05248692553516888,0.08400678705186301,0.8635062874129682
26469,0.42755900734997343,0.2047987162945023,0.36764227635552427
26470,0.09031241140721688,0.13849427556240865,0.7711933130303744
26471,0.07604004397097856,0.059658959158511514,0.8643009968705101
26472,0.09617432245980766,0.17706488038401685,0.7267607971561755
26473,0.07767356946886772,0.05882097054532333,0.8635054599858091
26474,0.13865511342666376,0.8576559694671025,0.0036889171062333935
26475,0.2679798147216119,0.2688499856460583,0.4631701996323299
26476,0.017658517682272813,0.0759383740998141,0.9064031082179129
26477,0.10173886170413458,0.12364866527952241,0.774612473016343
26478,0.03590268688254419,0.06310870023034922,0.9009886128871066
26479,0.0731386057258097,0.2037693133920387,0.7230920808821516
26480,0.06986578162963715,0.09835605468899829,0.8317781636813645
26481,0.08153278219801842,0.3057636862928743,0.6127035315091074
26482,0.14406460247485264,0.10480811618996629,0.7511272813351809
26483,0.04929688954582858,0.12905985393933578,0.8216432565148356
26484,0.13373686908353924,0.14529495672775306,0.7209681741887077
26485,0.04980116744951823,0.06622999863944974,0.8839688339110322
26486,0.08969700095223196,0.2273346983616399,0.6829683006861281
26487,0.09012886982328075,0.1495664099844408,0.7603047201922785
26488,0.19114331427231115,0.7881045479672966,0.020752137760392378
26489,0.05450601725465592,0.2118751555276375,0.7336188272177064
26490,0.10196035407463325,0.2682072752864206,0.6298323706389461
26491,0.0678939401186464,0.105428772505147,0.8266772873762068
26492,0.07892138324450648,0.14358907062963036,0.7774895461258631
26493,0.6130173120835937,0.38281970563834417,0.004162982278062153
26494,0.10090252168473961,0.16115396281032748,0.7379435155049329
26495,0.07498003219466286,0.09541372658558875,0.8296062412197484
26496,0.08398954654585697,0.21530881168916097,0.7007016417649821
26497,0.0715333494031778,0.6992607490800795,0.2292059015167426
26498,0.1630478425055285,0.448423047372075,0.3885291101223964
26499,0.07445214935565253,0.14373449287598064,0.7818133577683669
26500,0.09711839835235601,0.3052823978483827,0.5975992037992613
26501,0.10742703642268617,0.22562874886545886,0.6669442147118548
26502,0.03553866779231711,0.06298932733558102,0.9014720048721019
26503,0.09186023688824282,0.31828381245790316,0.589855950653854
26504,0.07314566237170297,0.12580490489367388,0.8010494327346233
26505,0.05296298359119993,0.0654779530416237,0.8815590633671764
26506,0.06858494618609354,0.9183746955820657,0.01304035823184082
26507,0.14631662047786487,0.8465563675840811,0.007127011938053963
26508,0.09970168600058484,0.44382181005403715,0.4564765039453781
26509,0.09569066586749092,0.19006004910879892,0.7142492850237101
26510,0.07239481238549372,0.19409585503390137,0.7335093325806049
26511,0.07638093129039156,0.09210455288828383,0.8315145158213245
26512,0.13350575140763937,0.12972048663782523,0.7367737619545354
26513,0.08565811319413984,0.19551747499695268,0.7188244118089075
26514,0.06964518813873065,0.13036603817578105,0.7999887736854884
26515,0.3214381103392894,0.05202317376758362,0.626538715893127
26516,0.0556048876817916,0.1566442695183371,0.7877508427998713
26517,0.23511208422298954,0.7575236612135599,0.007364254563450469
26518,0.05442444957474302,0.08530399119540927,0.8602715592298477
26519,0.44433409174825056,0.14866364238919194,0.4070022658625576
26520,0.03094378768575415,0.8321335686306391,0.13692264368360677
26521,0.08360155532119533,0.16255612834052394,0.7538423163382808
26522,0.12080846970246702,0.1901194752570711,0.689072055040462
26523,0.12044227793214839,0.24540692212752144,0.6341507999403302
26524,0.05318898531653113,0.1497206517996117,0.797090362883857
26525,0.2623392264754235,0.2104860701047109,0.5271747034198656
26526,0.04474053790331992,0.07193283197256535,0.8833266301241148
26527,0.0774026523969989,0.15786108511362726,0.7647362624893738
26528,0.11554029230307668,0.8755538266853463,0.008905881011577035
26529,0.4859045360685712,0.11303177141865324,0.4010636925127757
26530,0.039249179021869744,0.05533346592727267,0.9054173550508576
26531,0.03623807817178768,0.07949764857433939,0.884264273253873
26532,0.3058679515717157,0.12737904124278565,0.5667530071854986
26533,0.06246079248226849,0.06755005058572112,0.8699891569320103
26534,0.04658735666995332,0.1296557831068145,0.8237568602232322
26535,0.05346118700755243,0.0913150108283159,0.8552238021641316
26536,0.1156999851814235,0.260442275376514,0.6238577394420627
26537,0.050711934018855556,0.053307037839661446,0.8959810281414832
26538,0.0474072673328074,0.2953841575851685,0.6572085750820241
26539,0.05702797044761748,0.16380153683074486,0.7791704927216376
26540,0.13867611328308174,0.6287432030810264,0.23258068363589174
26541,0.06695035015155491,0.11184602712721449,0.8212036227212305
26542,0.08159829565963021,0.15707204452590967,0.7613296598144599
26543,0.04129087086158683,0.052304282535627994,0.9064048466027852
26544,0.1050108482971332,0.16180473594929703,0.73318441575357
26545,0.09413649838958674,0.20470507069086996,0.7011584309195432
26546,0.075373441555368,0.1184468005809887,0.8061797578636432
26547,0.047729379474268196,0.0705932346527303,0.8816773858730013
26548,0.05025050773871793,0.05601795552508497,0.8937315367361972
26549,0.22309447610142588,0.7717060393815195,0.0051994845170545345
26550,0.07653252523381684,0.24032823957700855,0.6831392351891745
26551,0.07818497728612743,0.29323883739844686,0.6285761853154258
26552,0.0547023007786514,0.21206553209122955,0.7332321671301189
26553,0.02539812699910247,0.05678898903690201,0.9178128839639956
26554,0.12684726852260167,0.41284366827486013,0.46030906320253817
26555,0.06949015566220657,0.08528996826462418,0.8452198760731692
26556,0.08033694969651003,0.16556154457841052,0.7541015057250793
26557,0.05667368419062012,0.1202586113179171,0.8230677044914628
26558,0.24790987304491185,0.21685515569403707,0.5352349712610514
26559,0.28853624330868444,0.11709046228989099,0.5943732944014245
26560,0.07161115007590342,0.1500388079228177,0.7783500420012789
26561,0.053139629882133305,0.18977923569258973,0.7570811344252769
26562,0.07462161065399206,0.07615595211645135,0.8492224372295565
26563,0.040004972621747695,0.08687693339861992,0.8731180939796325
26564,0.041767641259725555,0.09869661455307085,0.8595357441872037
26565,0.11389984683722135,0.39872740753409497,0.48737274562868377
26566,0.1583709863611471,0.22098138188896554,0.6206476317498872
26567,0.03681576734432248,0.10570290383068794,0.8574813288249896
26568,0.23769595537655547,0.754098561614706,0.008205483008738669
26569,0.059098819126582935,0.1289359691243933,0.8119652117490239
26570,0.12038471092720703,0.29030890951634025,0.5893063795564527
26571,0.05069984196725619,0.07968340095998856,0.8696167570727553
26572,0.0796954793425166,0.17968109539397972,0.7406234252635037
26573,0.10445375755364267,0.12899547215823412,0.7665507702881234
26574,0.16811129549410025,0.09431482011234095,0.7375738843935588
26575,0.06173828662769136,0.1230924300477466,0.8151692833245621
26576,0.08893670376510411,0.08557480672148547,0.8254884895134104
26577,0.0827805189479804,0.11058419224210135,0.8066352888099185
26578,0.14346047358832503,0.2524738561975965,0.6040656702140786
26579,0.13640260291555273,0.8601866556987261,0.003410741385721259
26580,0.06446482954900158,0.1019529767975044,0.833582193653494
26581,0.08266695908325215,0.17101397616316094,0.7463190647535869
26582,0.0212296270056864,0.05777644831726334,0.9209939246770502
26583,0.06284663004033589,0.105177573714199,0.831975796245465
26584,0.061010646729630795,0.20396532896677164,0.7350240243035975
26585,0.16031579259438686,0.36858146085833887,0.4711027465472742
26586,0.3311974643760981,0.3394252836356411,0.3293772519882607
26587,0.1795593977764282,0.31279368195261714,0.5076469202709546
26588,0.05314540834003548,0.17712313516734565,0.7697314564926188
26589,0.09376275178540644,0.1303652369967442,0.7758720112178494
26590,0.09285551249465031,0.5075545188679031,0.39958996863744656
26591,0.1798259365838034,0.8100858079849902,0.010088255431206453
26592,0.2696512610242762,0.13813832384480831,0.5922104151309153
26593,0.08590329235458757,0.1721525740883264,0.7419441335570859
26594,0.1393139404688522,0.14102365313328083,0.7196624063978669
26595,0.02983682543610077,0.06679994289367201,0.903363231670227
26596,0.10007608977174141,0.15406000963249433,0.7458639005957641
26597,0.17176050393485387,0.40580390112324527,0.42243559494190086
26598,0.11664747755910437,0.17893384731954012,0.7044186751213555
26599,0.04544233267574214,0.06337876215165775,0.8911789051726003
26600,0.06365388233780829,0.1102716946821912,0.8260744229800006
26601,0.08664757222773768,0.12316844375171486,0.7901839840205473
26602,0.0833173961798031,0.12198674915249418,0.7946958546677029
26603,0.09475756193851947,0.08874479976847809,0.8164976382930025
26604,0.06138636124566146,0.10980525289462871,0.8288083858597098
26605,0.0979304923751775,0.21449239102548281,0.6875771165993397
26606,0.23488381866230118,0.20867639495399262,0.5564397863837062
26607,0.05536440366950335,0.9355217941456808,0.009113802184815865
26608,0.031028351134241166,0.07184860570312411,0.8971230431626346
26609,0.08416415307143921,0.1955054273478497,0.720330419580711
26610,0.3448709527383876,0.6245867798672278,0.0305422673943845
26611,0.09213782595975711,0.17498644742881034,0.7328757266114325
26612,0.09262025958485465,0.2952260997107956,0.6121536407043497
26613,0.10843244417726323,0.14462785787652824,0.7469396979462085
26614,0.05914062775597814,0.0869398186715695,0.8539195535724523
26615,0.08242309298914682,0.1397012852875391,0.7778756217233141
26616,0.057929337722581596,0.09172787488512298,0.8503427873922953
26617,0.13006522962952963,0.23555792688328153,0.6343768434871889
26618,0.10993565014823915,0.19430751863559523,0.6957568312161656
26619,0.14381161645394785,0.16235841723082634,0.6938299663152258
26620,0.26233249739379705,0.715791913696499,0.02187558890970393
26621,0.05016313686931069,0.07321452708157461,0.8766223360491149
26622,0.12930397538336172,0.475513387849328,0.3951826367673101
26623,0.055330979646019574,0.5517707822935002,0.39289823806048024
26624,0.1384819498544807,0.1414084702830809,0.7201095798624383
26625,0.43541715674034004,0.18945666731953492,0.375126175940125
26626,0.11864275459520633,0.11416403184979643,0.7671932135549973
26627,0.07177914505911287,0.14194298928705548,0.7862778656538317
26628,0.078656688329996,0.2368864134474989,0.6844568982225051
26629,0.048954637727703906,0.07616670678648238,0.8748786554858136
26630,0.0799912628893477,0.12741322390562512,0.7925955132050272
26631,0.046689019682938274,0.04036247713912132,0.9129485031779403
26632,0.17987883367657903,0.14874007157744062,0.6713810947459804
26633,0.08589540754205516,0.15935545109995414,0.7547491413579906
26634,0.07501102997060631,0.0797185289658285,0.8452704410635651
26635,0.06969166814163354,0.15528019807190255,0.7750281337864641
26636,0.057925598478649844,0.17514718344390126,0.7669272180774489
26637,0.03336966844392867,0.06604081700863355,0.9005895145474376
26638,0.09862308642829415,0.5414116340626283,0.3599652795090776
26639,0.4770685148366574,0.2679829701038367,0.25494851505950605
26640,0.05692698107382427,0.09694388262511529,0.8461291363010605
26641,0.08085864796599805,0.7222105230504873,0.19693082898351463
26642,0.038713510177057195,0.07987703095434155,0.8814094588686011
26643,0.08886911928160802,0.12383611170785964,0.7872947690105323
26644,0.051873439015765375,0.1037523661003333,0.8443741948839014
26645,0.09194110324608169,0.10200441497595414,0.8060544817779641
26646,0.46931004545626137,0.15711463602809167,0.37357531851564696
26647,0.08053502395305642,0.15507994852498683,0.7643850275219568
26648,0.08521997224403771,0.4978027566117862,0.41697727114417604
26649,0.07480845994931543,0.13634553321715034,0.7888460068335341
26650,0.6305343700119712,0.33919780390189724,0.030267826086131527
26651,0.530986074502246,0.44617334233326433,0.022840583164489697
26652,0.2329000752952496,0.12775577745307437,0.639344147251676
26653,0.180124566403943,0.2050478807037892,0.6148275528922678
26654,0.10547410841368354,0.3012675125952994,0.5932583789910172
26655,0.08253215541141432,0.31675544705629516,0.6007123975322907
26656,0.07302436937313579,0.17114516051680742,0.7558304701100568
26657,0.06509035292802712,0.10901065837331503,0.8258989886986579
26658,0.0726287783119515,0.2167771713067307,0.7105940503813178
26659,0.14121867239711525,0.22053394694739473,0.63824738065549
26660,0.056443030589667265,0.16956467210800605,0.7739922973023267
26661,0.13485179601554134,0.11259210321539419,0.7525561007690645
26662,0.05216039915482055,0.1932885541352411,0.7545510467099384
26663,0.06745424589053622,0.10115580677314404,0.8313899473363197
26664,0.0947337981335269,0.21492536521770766,0.6903408366487653
26665,0.20154504513467128,0.227708902914193,0.5707460519511356
26666,0.03406059430969386,0.8241627892507343,0.14177661643957187
26667,0.027368639231075253,0.04622194873004638,0.9264094120388787
26668,0.0828827441915269,0.48827729504002504,0.42883996076844805
26669,0.09992685109847695,0.33434458996196065,0.5657285589395624
26670,0.21781011815409942,0.20677549980966825,0.5754143820362323
26671,0.12703146392003892,0.10493994250617686,0.7680285935737842
26672,0.07620468676477406,0.08455426070959597,0.83924105252563
26673,0.14798584000777196,0.1663715802869922,0.6856425797052358
26674,0.3639230028028854,0.09537976656266671,0.540697230634448
26675,0.05960929798633985,0.16672164531976041,0.7736690566938996
26676,0.06546206396186,0.10507729234725825,0.8294606436908817
26677,0.029289834648058857,0.05268866953856238,0.9180214958133789
26678,0.0834978917521174,0.25355316191621896,0.6629489463316636
26679,0.20260654384752927,0.15827736965385306,0.6391160864986177
26680,0.044241401053632404,0.09599173627048974,0.8597668626758778
26681,0.01839890180617314,0.04704024293347892,0.934560855260348
26682,0.04775670749392503,0.1340987143978741,0.8181445781082007
26683,0.10023366594151037,0.36683939013068817,0.5329269439278013
26684,0.0569256627757263,0.13486208172705239,0.8082122554972213
26685,0.13007411984969836,0.15124636648839082,0.7186795136619107
26686,0.049975633617748615,0.10917015346828021,0.8408542129139712
26687,0.11149117324491671,0.10883177354843922,0.7796770532066442
26688,0.2744358536939039,0.5819120843091853,0.14365206199691102
26689,0.057306793574154434,0.10124718388366855,0.841446022542177
26690,0.05891668662625227,0.11213705182834827,0.8289462615453993
26691,0.063233752691445,0.13209021257227702,0.8046760347362781
26692,0.07264762871591272,0.29827838325326944,0.6290739880308177
26693,0.17143443778911235,0.14318142535502998,0.6853841368558576
26694,0.6030684132007962,0.38054447502094035,0.016387111778263533
26695,0.05418255226208316,0.06160602339074628,0.8842114243471705
26696,0.07155461468430065,0.07531064704835391,0.8531347382673455
26697,0.02288462720258963,0.03598416495667286,0.9411312078407376
26698,0.030818139973476273,0.04550004289862793,0.9236818171278959
26699,0.10074866110678966,0.30763901711554975,0.5916123217776607
26700,0.06758988560350432,0.26632098907053736,0.6660891253259582
26701,0.12163787367161497,0.43724479703760843,0.44111732929077657
26702,0.12710362060415123,0.39757634332103264,0.4753200360748164
26703,0.05293469150761295,0.19670845720837357,0.7503568512840134
26704,0.07198805470000544,0.12331043342335823,0.8047015118766364
26705,0.052627023374041224,0.07727727727115456,0.8700956993548042
26706,0.07087708460274951,0.15545427576582532,0.7736686396314252
26707,0.41621637059878297,0.08421406809353418,0.4995695613076827
26708,0.09271538214850547,0.1632328798191623,0.7440517380323322
26709,0.047003059388238545,0.06445360956443882,0.8885433310473226
26710,0.13975995675160113,0.21256418107647534,0.6476758621719236
26711,0.2767438188956736,0.11533256406315003,0.6079236170411764
26712,0.08026506603396823,0.19165182232423278,0.7280831116417991
26713,0.13371411298713307,0.38344806199407805,0.48283782501878897
26714,0.07876650996572972,0.09761273001175758,0.8236207600225128
26715,0.08177034225862896,0.33910104012360864,0.5791286176177624
26716,0.10506562180245259,0.7178790658744763,0.17705531232307117
26717,0.05883451133739887,0.2851455579676811,0.6560199306949199
26718,0.09906746480725244,0.1985184582071957,0.7024140769855519
26719,0.07735240807531435,0.23117229147352114,0.6914753004511646
26720,0.06089004932448811,0.1525572747343704,0.7865526759411413
26721,0.07085158835109259,0.3509284197504023,0.5782199918985051
26722,0.15386408875511995,0.13238172839051196,0.7137541828543681
26723,0.0990380801556695,0.15938744889899656,0.741574470945334
26724,0.07892347629194463,0.3263986961813938,0.5946778275266617
26725,0.04189057759365713,0.3100469124663615,0.6480625099399813
26726,0.11094801781551397,0.49184226628790634,0.39720971589657966
26727,0.05458941706521512,0.061437894621352795,0.883972688313432
26728,0.048217439593423485,0.06830634546571773,0.8834762149408588
26729,0.13266596425530616,0.2154384909620788,0.651895544782615
26730,0.11030208008048743,0.4313022247010987,0.45839569521841383
26731,0.05202681876161685,0.1822712915098718,0.7657018897285114
26732,0.12149188000089188,0.8719578090983486,0.006550310900759561
26733,0.05418255121898246,0.08993025190040427,0.8558871968806132
26734,0.05209474182025637,0.14064191967234185,0.8072633385074018
26735,0.05661590944210666,0.10398464381988362,0.8393994467380096
26736,0.08150356910788702,0.1394642799976315,0.7790321508944814
26737,0.09435714790081476,0.13991048576800336,0.7657323663311818
26738,0.07654793726049536,0.11274570452270934,0.8107063582167952
26739,0.4683299247382179,0.094944038939208,0.436726036322574
26740,0.03400168981428216,0.037485479629729646,0.9285128305559882
26741,0.12378365940756864,0.8629460527778249,0.013270287814606202
26742,0.039140336235930905,0.11965570024376433,0.8412039635203049
26743,0.11046258277161451,0.12616589520683788,0.7633715220215477
26744,0.14593654076270912,0.18542926235451623,0.6686341968827746
26745,0.05245567714229141,0.1240912156514412,0.8234531072062675
26746,0.1031659863196643,0.15546268456207243,0.7413713291182633
26747,0.06814145447182957,0.5054086548936559,0.4264498906345145
26748,0.188497421053934,0.3792309897373185,0.4322715892087475
26749,0.07519374416054254,0.18889516678646948,0.7359110890529879
26750,0.09258854957280276,0.09288125835124124,0.814530192075956
26751,0.0414306373517606,0.16036596404125728,0.7982033986069822
26752,0.09434561160969362,0.5510734537702908,0.35458093462001555
26753,0.08469972062932463,0.08765189811711821,0.8276483812535572
26754,0.08589510078389102,0.07589545624687359,0.8382094429692354
26755,0.06142956574743453,0.093021708228476,0.8455487260240896
26756,0.06589451092361376,0.06143767682833268,0.8726678122480536
26757,0.08568346936825989,0.11094218802787115,0.803374342603869
26758,0.08227876158998039,0.24843950847855084,0.6692817299314688
26759,0.10506818429326784,0.219123276889143,0.6758085388175892
26760,0.12516128162807041,0.2363311413484469,0.6385075770234827
26761,0.04281313486452854,0.12396535980861823,0.8332215053268531
26762,0.09878715674050871,0.13667901672057467,0.7645338265389167
26763,0.03779915942737259,0.08698246974244307,0.8752183708301845
26764,0.07953557358355325,0.17728448403819347,0.7431799423782534
26765,0.05560781557127632,0.07106481472006168,0.873327369708662
26766,0.07143748164964092,0.36412447792843117,0.5644380404219279
26767,0.08718897963155399,0.19938398327081294,0.7134270370976331
26768,0.050224819963346407,0.9434988333372292,0.006276346699424472
26769,0.07974907373798264,0.2387453508883692,0.681505575373648
26770,0.13147459483280272,0.261386771619515,0.6071386335476823
26771,0.13734031674016636,0.8466125528756056,0.01604713038422803
26772,0.5716944131411185,0.07754562424706476,0.3507599626118166
26773,0.09079430326058459,0.09554406284333353,0.8136616338960819
26774,0.03584658852966537,0.06612066726893563,0.8980327442013989
26775,0.04897127031021493,0.1556545531249237,0.7953741765648614
26776,0.09744892538018748,0.1241114694115905,0.778439605208222
26777,0.04949373403073296,0.07708519290666294,0.8734210730626042
26778,0.06929731720960935,0.08704693430613097,0.8436557484842597
26779,0.07072927850561704,0.11020560251934403,0.8190651189750389
26780,0.06147515215161898,0.1700606921327579,0.768464155715623
26781,0.04496108457400682,0.12368194984097551,0.8313569655850177
26782,0.05189532208861423,0.09159930937509804,0.8565053685362876
26783,0.15799665737487895,0.2172046567785346,0.6247986858465865
26784,0.08880463328214794,0.3451691273882873,0.5660262393295648
26785,0.05515792803295722,0.1057961563576725,0.8390459156093703
26786,0.40045210724544694,0.09284670697564135,0.5067011857789115
26787,0.0357347956182752,0.050410818902708966,0.9138543854790157
26788,0.13039172744681102,0.14777485016836742,0.7218334223848215
26789,0.23302695534363155,0.2735899667224366,0.49338307793393194
26790,0.04627399196528416,0.10153890313874238,0.8521871048959736
26791,0.0405522987258647,0.06790150124498379,0.8915462000291513
26792,0.17748281628774068,0.12403301145237068,0.6984841722598888
26793,0.07978749986430918,0.11550414695459169,0.8047083531810991
26794,0.0443576048951012,0.10231718615723237,0.8533252089476665
26795,0.10083880836396934,0.22053902488717247,0.6786221667488581
26796,0.06843888687153887,0.9301686007291337,0.0013925123993275385
26797,0.05966109608547021,0.36037954110473597,0.5799593628097939
26798,0.24645629547619508,0.1605013970879388,0.5930423074358661
26799,0.15111794679868407,0.15581420958210654,0.6930678436192094
26800,0.048139776377676136,0.9425205425161444,0.009339681106179281
26801,0.08342055728202785,0.5148671394616364,0.4017123032563358
26802,0.08187976857071423,0.10302728935524193,0.8150929420740439
26803,0.06513515801430422,0.13448530981963333,0.8003795321660624
26804,0.036160777917450114,0.12463384469414016,0.8392053773884097
26805,0.012220263161239364,0.05720726487027104,0.9305724719684897
26806,0.06628711925803059,0.11631308959414441,0.8173997911478249
26807,0.07896131724061516,0.1069017706168632,0.8141369121425216
26808,0.048817192514646196,0.1902223197964892,0.7609604876888646
26809,0.060745510630217436,0.14615867286550246,0.7930958165042801
26810,0.05423036780079551,0.14618917686138483,0.7995804553378199
26811,0.043431727758690336,0.060833111758680426,0.8957351604826292
26812,0.05319256893212438,0.09615667449531254,0.8506507565725631
26813,0.06313388543765605,0.45785448910930826,0.4790116254530357
26814,0.12322002364519416,0.14447217382385366,0.7323078025309521
26815,0.07156183353679155,0.1476572174074886,0.7807809490557197
26816,0.04855958093726962,0.36304666423854,0.5883937548241904
26817,0.09561493142855317,0.05353163205929734,0.8508534365121495
26818,0.0843863155883785,0.11288811669200523,0.8027255677196163
26819,0.09450096685998761,0.25809749224667156,0.6474015408933408
26820,0.141394656225039,0.8531247150506457,0.005480628724315551
26821,0.08639319038850364,0.9078952988943033,0.005711510717192848
26822,0.11208918954986558,0.30560129467744757,0.5823095157726869
26823,0.042694936097412775,0.045483220297563486,0.9118218436050237
26824,0.10379213789281908,0.08880216431115599,0.807405697796025
26825,0.05649856196133298,0.08359615192105002,0.859905286117617
26826,0.06078672246527908,0.0976156334933373,0.8415976440413837
26827,0.07795527567051228,0.10758405523603679,0.8144606690934509
26828,0.04022873766204811,0.1793212609758657,0.7804500013620863
26829,0.043212211048633764,0.1016644437645461,0.8551233451868202
26830,0.044937040883006124,0.1199669592101974,0.8350959999067964
26831,0.05364193860158073,0.08310565110212316,0.8632524102962962
26832,0.017876420012344085,0.028719087487647125,0.9534044925000088
26833,0.06845462227449896,0.0788425989616199,0.852702778763881
26834,0.05087880169322613,0.12500207456642515,0.8241191237403488
26835,0.6321531542186913,0.08871863192224308,0.27912821385906567
26836,0.15806422749599902,0.39816845865829525,0.44376731384570556
26837,0.0797870520269057,0.04155091268734846,0.8786620352857459
26838,0.10661451298354742,0.35781928225743675,0.5355662047590157
26839,0.7814332597065708,0.030655979578921376,0.1879107607145079
26840,0.0802264647905289,0.1759716508389481,0.743801884370523
26841,0.0319705369958194,0.05869808940470206,0.9093313735994786
26842,0.053567594053972135,0.12972070447365874,0.8167117014723692
26843,0.09353571354758766,0.07885806090421384,0.8276062255481984
26844,0.11710028263137588,0.429401033732116,0.45349868363650797
26845,0.5526211501795402,0.047664391558983325,0.39971445826147645
26846,0.09160750499760185,0.0997475420306886,0.8086449529717096
26847,0.10074694956603088,0.22812702458216408,0.6711260258518051
26848,0.07838480631589742,0.07094696694056662,0.850668226743536
26849,0.1467504346710936,0.120572026649949,0.7326775386789574
26850,0.10890626820940237,0.263542732213209,0.6275509995773887
26851,0.08762647838579403,0.16733227341360765,0.7450412482005982
26852,0.1248732481443386,0.7180265110498278,0.15710024080583365
26853,0.07366256702494801,0.08916319214319779,0.8371742408318541
26854,0.046722337345607726,0.9503065243220936,0.0029711383322986395
26855,0.08535598696171269,0.2298313031438771,0.6848127098944101
26856,0.07384498135727327,0.08497292484752955,0.841182093795197
26857,0.0966509106862674,0.151129486313253,0.7522196030004796
26858,0.07764639130738611,0.673474189509308,0.24887941918330583
26859,0.06281473410733003,0.655099649617575,0.282085616275095
26860,0.08169143799148383,0.4321479400659427,0.48616062194257353
26861,0.13589887779036947,0.2560078942964131,0.6080932279132174
26862,0.10673684535440771,0.21096757741351296,0.6822955772320792
26863,0.05001819984628215,0.09147698520760165,0.8585048149461162
26864,0.0732269422846943,0.31089672631594817,0.6158763313993575
26865,0.04130541624296149,0.0613350833141923,0.8973595004428461
26866,0.039445300149782626,0.09791722013129572,0.8626374797189215
26867,0.061879862860579296,0.09875336490100586,0.8393667722384147
26868,0.03813704160962721,0.08956255335868941,0.8723004050316835
26869,0.02269017841220961,0.0161319319704737,0.9611778896173166
26870,0.03176173102196266,0.844434247018655,0.12380402195938232
26871,0.11311094410030764,0.10779873519458386,0.7790903207051084
26872,0.09193588028901892,0.20662878100297166,0.7014353387080094
26873,0.08085424916454666,0.14408631661910276,0.7750594342163507
26874,0.14782819189302557,0.3196439099404685,0.5325278981665058
26875,0.07721293695486947,0.27969302901372567,0.643094034031405
26876,0.03992139680444554,0.05325449071718731,0.9068241124783671
26877,0.07568841835664322,0.10374150609770054,0.8205700755456563
26878,0.06685917395745987,0.17245106821357106,0.7606897578289692
26879,0.1089491012872555,0.17768572294559645,0.7133651757671482
26880,0.24471488794232263,0.1013723721696846,0.653912739887993
26881,0.07558314748203442,0.1754400319698534,0.7489768205481122
26882,0.3480986920338964,0.06795594033945573,0.583945367626648
26883,0.05524178087466026,0.07565044316746634,0.8691077759578733
26884,0.09672624675145482,0.48924916318133305,0.4140245900672121
26885,0.24595752950536431,0.14083356839568706,0.6132089020989486
26886,0.08353260901499582,0.10123623413853085,0.8152311568464734
26887,0.0401835208907221,0.08977072253713561,0.8700457565721423
26888,0.13940984220588798,0.17905318951651067,0.6815369682776014
26889,0.037216915958497424,0.09880336412481149,0.8639797199166912
26890,0.04798973179447757,0.142655902539465,0.8093543656660572
26891,0.06533253863755768,0.3660841868598549,0.5685832745025876
26892,0.09338825867454571,0.22444609990728515,0.682165641418169
26893,0.0411927021737018,0.09384611757338453,0.8649611802529137
26894,0.0645258865018925,0.06432254264416845,0.8711515708539391
26895,0.13444051059355888,0.30123912568989897,0.5643203637165422
26896,0.08254814695059924,0.23564810002244224,0.6818037530269585
26897,0.07834169651933613,0.20665457402647433,0.7150037294541898
26898,0.06462229837402006,0.14670661193307805,0.7886710896929019
26899,0.10424136675066988,0.15528910249236727,0.7404695307569629
26900,0.07467892242671448,0.2908700569902245,0.634451020583061
26901,0.06016284644056265,0.17337282942570226,0.766464324133735
26902,0.027968830644550392,0.026882424115196,0.9451487452402535
26903,0.10745176505984184,0.19737633017852124,0.695171904761637
26904,0.3637984414150176,0.626757177885176,0.009444380699806403
26905,0.04859296846188681,0.1679974667476011,0.783409564790512
26906,0.03364071413905715,0.08366086786145954,0.8826984179994833
26907,0.07624055563331629,0.051814852058099825,0.8719445923085838
26908,0.039873412100022765,0.11515091702609712,0.8449756708738798
26909,0.05692043996548372,0.6023905043450091,0.3406890556895072
26910,0.08386591427701003,0.3283758497629215,0.5877582359600685
26911,0.03983206538831241,0.11559837864395617,0.8445695559677313
26912,0.03613960728444349,0.08569680288905465,0.8781635898265021
26913,0.16826801336719763,0.15422045827186237,0.67751152836094
26914,0.07315516568292217,0.19037530671285519,0.7364695276042227
26915,0.08491554298809037,0.09661516986837723,0.8184692871435324
26916,0.12051461778430438,0.8751432561438839,0.00434212607181187
26917,0.05240917737994536,0.09993769122982371,0.847653131390231
26918,0.08826828354697362,0.13184157263594404,0.7798901438170823
26919,0.5723495606173554,0.14159613127550444,0.28605430810714
26920,0.06280197094176937,0.25008489212877427,0.6871131369294562
26921,0.030528584466659375,0.7347550176669319,0.23471639786640872
26922,0.07430702989359199,0.541793563913538,0.38389940619287
26923,0.04203864088632176,0.07715668515928634,0.8808046739543919
26924,0.06903145189977762,0.08782410180611071,0.8431444462941118
26925,0.08301042285575577,0.06312023410283629,0.8538693430414078
26926,0.1276929425041531,0.5236886297910058,0.348618427704841
26927,0.12892045711810834,0.17682085472685682,0.6942586881550348
26928,0.058954752457648446,0.9352912503409104,0.005753997201441158
26929,0.06517842952347461,0.137097874801017,0.7977236956755084
26930,0.06210375277752138,0.533111420256905,0.4047848269655735
26931,0.1871715873388704,0.8022422026164366,0.010586210044693165
26932,0.06750971420560818,0.5142468346833308,0.41824345111106115
26933,0.30062571837306384,0.21152646690546925,0.487847814721467
26934,0.08558862655924573,0.11132923070764497,0.8030821427331093
26935,0.05894965443204473,0.10216965114735915,0.838880694420596
26936,0.06237696154993101,0.06012682284925648,0.8774962156008125
26937,0.12896847854891005,0.2773661329638354,0.5936653884872546
26938,0.15133627737263708,0.8388274409467048,0.009836281680657998
26939,0.28562412186832903,0.7041797839363647,0.010196094195306326
26940,0.07824658477036021,0.0882366446885197,0.8335167705411202
26941,0.0844769652002955,0.12905150056393544,0.7864715342357691
26942,0.1605118609111517,0.19783702942714276,0.6416511096617056
26943,0.0729300874321644,0.3900136878085427,0.5370562247592929
26944,0.05861850169804715,0.05838920204616444,0.8829922962557886
26945,0.12175361134370226,0.36577645276840687,0.5124699358878907
26946,0.08504339465494454,0.19718945997373033,0.717767145371325
26947,0.07289373219551552,0.3414961469958708,0.5856101208086137
26948,0.08917486922705319,0.21022181304597037,0.7006033177269764
26949,0.4156571378059477,0.11839080530858609,0.46595205688546626
26950,0.21287097389988094,0.29892165760436573,0.4882073684957533
26951,0.34618199325386556,0.31561824519227794,0.3381997615538565
26952,0.15497385491630616,0.19747928627652564,0.6475468588071682
26953,0.041157516192314274,0.02330143956845218,0.9355410442392337
26954,0.03560542316272324,0.0717954897795829,0.892599087057694
26955,0.0645692596779261,0.5857116392427657,0.3497191010793081
26956,0.15657062258090518,0.1632794605280745,0.6801499168910204
26957,0.5876734110931899,0.14362765129911992,0.26869893760769004
26958,0.1244736836724694,0.11613731771560855,0.759388998611922
26959,0.07783987373220733,0.2741546923894475,0.6480054338783452
26960,0.08482690300304034,0.11005763019922281,0.8051154667977368
26961,0.08473747009534215,0.1475432295885648,0.767719300316093
26962,0.03898755706005902,0.7287486203517965,0.2322638225881444
26963,0.17143443778911235,0.14318142535502998,0.6853841368558576
26964,0.10855493104703524,0.1773179827294217,0.714127086223543
26965,0.0886794992223011,0.31079207477740856,0.6005284260002902
26966,0.08254814695059924,0.23564810002244224,0.6818037530269585
26967,0.06307148551829807,0.09674348087860728,0.8401850336030946
26968,0.10041383228268286,0.11861756022017647,0.7809686074971407
26969,0.02855301167478606,0.08188701966419808,0.889559968661016
26970,0.10385466326830128,0.1513859571388701,0.7447593795928287
26971,0.07742570283601541,0.19620648344435754,0.7263678137196271
26972,0.11222163291270877,0.280865589913602,0.6069127771736893
26973,0.03950839294280034,0.17366331513910435,0.7868282919180952
26974,0.03709837938906983,0.050147236262656804,0.9127543843482733
26975,0.065531718989171,0.09551587337886058,0.8389524076319684
26976,0.11465270408148318,0.8730397061416447,0.012307589776872156
26977,0.06242117394880938,0.2356246220280412,0.7019542040231496
26978,0.041070881522136754,0.1144704220150156,0.8444586964628475
26979,0.05054137469652037,0.19127178547202242,0.7581868398314572
26980,0.0874431746132804,0.12435894782985853,0.7881978775568612
26981,0.09660546376279466,0.219074404778631,0.6843201314585743
26982,0.04489842258609296,0.14044442580878655,0.8146571516051203
26983,0.08372955610510097,0.18383383307466408,0.7324366108202348
26984,0.06853937777137266,0.10180720647735099,0.8296534157512763
26985,0.1256838951035207,0.18254468086319386,0.6917714240332855
26986,0.0426780307531454,0.04264486903252006,0.9146771002143345
26987,0.09762083663653141,0.5735444211274874,0.3288347422359812
26988,0.13649677844834232,0.39822168172308053,0.4652815398285772
26989,0.07953537415605572,0.20628899347588822,0.7141756323680561
26990,0.07248472245385479,0.09034443370017865,0.8371708438459666
26991,0.054052469005633194,0.1342305679191259,0.8117169630752409
26992,0.10120916444056975,0.49181364596584803,0.40697718959358226
26993,0.07310647192661383,0.12220129936720263,0.8046922287061835
26994,0.11477406665832503,0.13783923951625845,0.7473866938254166
26995,0.053426205742335246,0.20196902055188592,0.7446047737057788
26996,0.02638245529428258,0.07797976004042606,0.8956377846652912
26997,0.21573654415130963,0.38856095667975227,0.39570249916893807
26998,0.20500041982648187,0.10950579712093117,0.6854937830525869
26999,0.20553094598536403,0.12022282576154736,0.6742462282530886
27000,0.08546636422379958,0.5027139928393523,0.4118196429368483
27001,0.07000755802914387,0.2976337980076035,0.6323586439632528
27002,0.08858315897800613,0.24676533008824791,0.6646515109337457
27003,0.15387477256392426,0.12450204464564112,0.7216231827904346
27004,0.05321467741377606,0.2635206292760716,0.6832646933101523
27005,0.03664439714044106,0.19968443939711578,0.7636711634624432
27006,0.06024373393933833,0.09677900073446528,0.8429772653261963
27007,0.07636550739995139,0.6232701977904332,0.3003642948096154
27008,0.08711222042113217,0.16631098486158744,0.7465767947172804
27009,0.04246206970429169,0.1527255480211939,0.8048123822745143
27010,0.05295068599873204,0.12995121548538774,0.8170980985158802
27011,0.1554101037753342,0.40137950540915296,0.4432103908155128
27012,0.05838655282088103,0.06617322933907005,0.8754402178400489
27013,0.25604056262285063,0.13072688963751905,0.6132325477396303
27014,0.06922081026729032,0.5526245034064123,0.37815468632629745
27015,0.09795697972611524,0.3879659180082964,0.5140771022655883
27016,0.05594965088043182,0.08975483430930789,0.8542955148102601
27017,0.06125304918084796,0.11240491216385222,0.8263420386552999
27018,0.04467373483461264,0.10200137674442104,0.8533248884209663
27019,0.07675562133995406,0.130332621301915,0.792911757358131
27020,0.06985045719211584,0.41407988278286517,0.5160696600250189
27021,0.08155537643128685,0.3677347114685569,0.5507099121001563
27022,0.06105888244972441,0.09065142882146657,0.8482896887288088
27023,0.14043608465941224,0.35778566303386716,0.5017782523067208
27024,0.04740448820545014,0.1558668322615632,0.7967286795329868
27025,0.16454248038104344,0.08271673262413302,0.7527407869948234
27026,0.03303954880722603,0.049016129160883104,0.9179443220318909
27027,0.10167785444651971,0.07214807000615844,0.8261740755473218
27028,0.19315338818210984,0.15913628280548578,0.6477103290124043
27029,0.06757691835522411,0.15589222442609774,0.7765308572186782
27030,0.11334203429125757,0.46039553587725435,0.42626242983148804
27031,0.41397284322227507,0.19447248467221512,0.3915546721055097
27032,0.17879469792098568,0.14714486501112523,0.6740604370678891
27033,0.07271977046796216,0.0581308257057343,0.8691494038263037
27034,0.05949891240334264,0.11787334483427196,0.8226277427623854
27035,0.5874633415966025,0.09562703558508448,0.316909622818313
27036,0.061274250005680785,0.08487872052227596,0.8538470294720434
27037,0.13651044724565145,0.16667017437063902,0.6968193783837096
27038,0.06739514882921503,0.09741550234922558,0.8351893488215594
27039,0.21642398604756452,0.212297474107051,0.5712785398453843
27040,0.11683023934699098,0.1110387669733632,0.7721309936796458
27041,0.02183509244730903,0.03782740007145036,0.9403375074812405
27042,0.2964517068255338,0.6924751468441082,0.011073146330357997
27043,0.09569320162988137,0.14051938054000918,0.7637874178301095
27044,0.053782534612001345,0.10420393857858455,0.8420135268094141
27045,0.04916421885851243,0.1443504168124253,0.8064853643290623
27046,0.03814128192005757,0.06057624597843543,0.901282472101507
27047,0.08488759474687314,0.5993195209288212,0.3157928843243056
27048,0.3755990690712608,0.6198207200628225,0.004580210865916665
27049,0.09893975991757654,0.3725086762025373,0.5285515638798861
27050,0.03963885640495196,0.13035821131762945,0.8300029322774186
27051,0.08319628473621027,0.2029783897814772,0.7138253254823126
27052,0.028446615001996477,0.045151070674849615,0.9264023143231538
27053,0.04734448163321069,0.166107532446186,0.7865479859206032
27054,0.10093113209340612,0.11153619119000364,0.7875326767165903
27055,0.13840193793685884,0.8537684166483444,0.007829645414796848
27056,0.22737254294510253,0.7664408842294139,0.0061865728254836255
27057,0.0529596035242978,0.24312643288810235,0.7039139635875998
27058,0.1836426098460376,0.15397132712367406,0.6623860630302882
27059,0.04807683048107141,0.07171096415134813,0.8802122053675804
27060,0.0473390359629767,0.10009944581497611,0.8525615182220472
27061,0.46375462449624677,0.1401165797290903,0.3961287957746629
27062,0.1208228829793172,0.09057130278172577,0.7886058142389569
27063,0.10512541740558427,0.13411906154347739,0.7607555210509384
27064,0.02287921156762156,0.03374575381751823,0.9433750346148603
27065,0.061698189689003556,0.29580201119153254,0.642499799119464
27066,0.027141810350939818,0.08030882474400036,0.8925493649050599
27067,0.10123265742412875,0.19574123343104982,0.7030261091448216
27068,0.47376247539000466,0.08354084271739157,0.4426966818926038
27069,0.04775680891121341,0.11130184690381005,0.8409413441849765
27070,0.06258855085029066,0.061987033047928276,0.8754244161017809
27071,0.06119817161915632,0.08583141054066246,0.852970417840181
27072,0.07525923428736954,0.2961010063218676,0.628639759390763
27073,0.06941701599202306,0.1479269102015064,0.7826560738064706
27074,0.14343489383493974,0.28577913712783554,0.5707859690372249
